Image,Id
00029b3a.jpg,new_whale w_c17a537 w_f90b695 w_cc3a724 w_7e4d894
0003c693.jpg,new_whale w_e27cf3f w_0beef28 w_f3bd33a w_4f6fabd
000bc353.jpg,new_whale w_c133ea8 w_d2be6cc w_7bcc2d6 w_59eb8ae
0010a672.jpg,new_whale w_43be268 w_d2be6cc w_1e3ce01 w_21e178f
00119c3f.jpg,new_whale w_361e290 w_43be268 w_25db560 w_6202983
001259cc.jpg,new_whale w_5384c57 w_569c2c7 w_7554f44 w_8f28757
0015f9b4.jpg,new_whale w_3d66298 w_25d7f93 w_89e159a w_3c0bbac
0018c4ba.jpg,new_whale w_50eb157 w_25d7f93 w_ee17a08 w_43966a3
001bf484.jpg,new_whale w_f02bf23 w_9ca943b w_a14ccaa w_43be268
002d8d81.jpg,new_whale w_d3f5be3 w_656ef35 w_fe8233d w_f6fb689
00342aa2.jpg,new_whale w_c0323f5 w_7918071 w_ecbf9fa w_d3c8520
00367faf.jpg,new_whale w_a687e28 w_286ec5f w_ef6e6a9 w_b8f8e69
003abee6.jpg,new_whale w_9122179 w_dcb1f2a w_e156c87 w_60d8778
003ac3da.jpg,new_whale w_3e4bb3f w_522ba14 w_7c44934 w_a59905f
003be4bf.jpg,new_whale w_64433af w_42dd100 w_29eb3b2 w_1dc6d62
003e42df.jpg,new_whale w_4fb3c95 w_57304ba w_b9e00eb w_2b939eb
004cd940.jpg,new_whale w_eb0a6ed w_6ddbb81 w_9caed77 w_08ddb50
0051ef38.jpg,new_whale w_743209a w_a4b6a86 w_b074cdf w_0e737d0
0056000b.jpg,new_whale w_38a3f72 w_f9a09c6 w_60eba40 w_b80d2cb
005d5f4f.jpg,new_whale w_b7d5069 w_eb0a6ed w_38158d6 w_35063ed
0067109a.jpg,new_whale w_654a5bb w_7586198 w_0e737d0 w_a779e16
006affcc.jpg,new_whale w_cf092f5 w_987a36f w_e8778ce w_eec1133
00701cff.jpg,new_whale w_7419e4b w_4e52a49 w_64f3545 w_4e7fc3e
007b353c.jpg,new_whale w_b3655a6 w_9b67e87 w_c9e1cdc w_6a16373
0087b1bf.jpg,new_whale w_4378542 w_5f9508d w_816d344 w_4ebeafb
008a0615.jpg,new_whale w_6865ccb w_3411b9f w_fd1cb9d w_531d2e5
008be392.jpg,new_whale w_9b6d597 w_1d17e8c w_1e68ef5 w_5102893
00944069.jpg,new_whale w_026fdf8 w_a4f77bd w_02facde w_4855bd3
009a4db9.jpg,new_whale w_dbda0d6 w_7554f44 w_e3f51ec w_7285eb3
009c3b60.jpg,new_whale w_e02fe7b w_2dae424 w_861cc1c w_4504167
009fe2db.jpg,new_whale w_d78513b w_37a7f78 w_35063ed w_d3c8520
00a5f43e.jpg,new_whale w_ee17a08 w_aae82f8 w_7c7a78c w_7b035cc
00a716d3.jpg,new_whale w_c926fc3 w_eb9027d w_12c3d3d w_b0e05b1
00ac0428.jpg,new_whale w_81b402a w_d9aab0a w_91572bb w_d09e61a
00ae107b.jpg,new_whale w_5ba417d w_2f07b15 w_c622a3f w_0a565c5
00aec561.jpg,new_whale w_c34afd7 w_3349c9d w_ab6bb0a w_7ed0d17
00b0d279.jpg,new_whale w_7763134 w_d142b00 w_7e8b270 w_fe6617a
00b436ee.jpg,new_whale w_7e8b270 w_a2633d4 w_654a5bb w_b59c523
00b55e23.jpg,new_whale w_3de676c w_0d39a68 w_38e4aae w_b8f8e69
00b75461.jpg,new_whale w_a71aa99 w_7904cff w_e55a554 w_0e7cb1c
00ba8a1f.jpg,new_whale w_1911cbb w_6c803bf w_89e159a w_38e4aae
00c6a099.jpg,new_whale w_c11932e w_3698eaf w_7e8b270 w_1272a31
00ce5ca3.jpg,new_whale w_962164f w_7e8b270 w_6232813 w_9434f0c
00dfd1df.jpg,new_whale w_d2ab9c4 w_5d96ba4 w_85755f7 w_5a81425
00e24ca4.jpg,new_whale w_3297a52 w_8bde95b w_d96a0cd w_b31d830
00e957d5.jpg,new_whale w_6598219 w_0b4429c w_8861f65 w_8d83172
00ec6537.jpg,new_whale w_c068ed3 w_5f8b9b9 w_6df35bf w_ed5cdab
00f6144a.jpg,new_whale w_f03ca16 w_7554f44 w_0b04c08 w_6c23fcc
00f8a2e9.jpg,new_whale w_3694c7d w_414f402 w_cd88a48 w_7c7a78c
00fb828f.jpg,new_whale w_8936f42 w_56b9dcd w_2356a6d w_ebff750
00fbb200.jpg,new_whale w_77e1d3f w_ff7630a w_7554f44 w_98baff9
00ff0cb6.jpg,new_whale w_3b0894d w_e61dd6d w_8c1e2e4 w_b7d5069
01039b00.jpg,new_whale w_598b8ab w_4e68ddc w_71c7322 w_dbda0d6
0112cd97.jpg,new_whale w_59db39b w_b0e05b1 w_f3db3f1 w_65e519b
011ecf53.jpg,new_whale w_e3bb130 w_0beef28 w_dbd2cff w_34c4927
011fc871.jpg,new_whale w_5af83da w_69e88da w_8507226 w_e21741a
0126c54c.jpg,new_whale w_7049d9f w_d663f4f w_05567a9 w_fd1cb9d
0128d810.jpg,new_whale w_38e4aae w_b478c13 w_6af9dd7 w_8c1e2e4
012acadb.jpg,new_whale w_9868b95 w_19eb1b8 w_576db5d w_4b83ce2
012d4493.jpg,new_whale w_1a4ae2c w_4659acf w_552a16e w_f75302f
012e93ba.jpg,new_whale w_f86488a w_0b0d88d w_e156c87 w_73b26b7
0136c1f0.jpg,new_whale w_f93d780 w_0e737d0 w_60d8778 w_e0efc4f
0140ff79.jpg,new_whale w_20ba84b w_bccfcc1 w_8936f42 w_51652ee
01485623.jpg,new_whale w_28cd742 w_f546b0a w_2f54c3c w_9989964
014f440a.jpg,new_whale w_7386509 w_7e4d894 w_6f2de72 w_daec6d3
0150a115.jpg,new_whale w_7f45825 w_8286350 w_ee22376 w_8861715
0155fbc9.jpg,new_whale w_f4e0748 w_f86488a w_cf092f5 w_1dff010
015a5e61.jpg,new_whale w_f1396bd w_1272a31 w_2270691 w_3572e7e
016003f6.jpg,new_whale w_ebc870d w_8ba2066 w_7b035cc w_ded09c7
016672a3.jpg,new_whale w_2d2de1d w_b0e05b1 w_15d1235 w_f19faeb
0167d802.jpg,new_whale w_b6886e5 w_3af4e73 w_ace8c54 w_f2eb971
016ed817.jpg,new_whale w_693c9ee w_98baff9 w_8044362 w_6202983
017019a1.jpg,new_whale w_c583383 w_a22f338 w_9875c12 w_2863d51
018541f1.jpg,new_whale w_0cb6294 w_4e68ddc w_70b4610 w_bbf20b4
018b5757.jpg,new_whale w_cea99fe w_22da5b6 w_42f935c w_03b5e9a
01915f36.jpg,new_whale w_1dd8e68 w_b9cfdfe w_64783fe w_6b82ccc
0192e574.jpg,new_whale w_e826a6f w_b280692 w_b074cdf w_a254eb0
01abfb64.jpg,new_whale w_f8e6546 w_3f91e04 w_4b95330 w_f4c78e5
01ac69d4.jpg,new_whale w_2d99a0c w_5dbe64d w_49bbc79 w_34c4927
01adb909.jpg,new_whale w_015e3cf w_f64658b w_552a16e w_95874a5
01c4bb57.jpg,new_whale w_c2474a2 w_5b5a85d w_fae3939 w_2466659
01c8a16d.jpg,new_whale w_1948625 w_2d99a0c w_cd1f1ed w_dc7c5a0
01c94ce7.jpg,new_whale w_14ba846 w_941581c w_d224115 w_ab161f7
01cd27f0.jpg,new_whale w_ca8bfb4 w_e33bb21 w_e21043a w_5a1b758
01d2ff07.jpg,new_whale w_217e78a w_7311fe4 w_b678944 w_94cd45e
01d73f5e.jpg,new_whale w_3d66298 w_0fce9a3 w_1d05772 w_e7a238b
01d7717e.jpg,new_whale w_5e57e8b w_f19faeb w_1969a9d w_30660bc
01dfcf78.jpg,new_whale w_9b401eb w_9729e1e w_8e3ebeb w_6c3d086
01e59a32.jpg,new_whale w_9b6b87d w_3aa2073 w_bbc4e7c w_8a2e496
01e63369.jpg,new_whale w_95874a5 w_9b401eb w_fa32440 w_2a939eb
01ea0d73.jpg,new_whale w_dcb1f2a w_bb2d34d w_dfbfe10 w_95874a5
01eb30a7.jpg,new_whale w_24bdae3 w_95aad92 w_6c23fcc w_403f92f
01f62722.jpg,new_whale w_011d4b5 w_fbce8b4 w_fba3bde w_9c3db0a
02011e3d.jpg,new_whale w_5f50b5e w_693c9ee w_98baff9 w_8fab53d
0201ce77.jpg,new_whale w_1eafe46 w_67de30b w_43be268 w_7f40920
0203618e.jpg,new_whale w_79581d3 w_e30e97f w_c128384 w_ebf3f26
0206b1f5.jpg,new_whale w_8325a79 w_6e8486d w_71c7322 w_625a6a9
020d17d0.jpg,new_whale w_97493dd w_3dd210a w_f3db3f1 w_73d5489
02168b0b.jpg,new_whale w_e375961 w_ad87135 w_fea7fe6 w_3572e7e
0219526e.jpg,new_whale w_bdd0576 w_5a25156 w_ab2d17a w_1127c35
021e3c88.jpg,new_whale w_2071a4c w_dbda0d6 w_1f00cb7 w_65e519b
021eb64f.jpg,new_whale w_ad87135 w_c2c4f43 w_f9bd832 w_98baff9
021f07cc.jpg,new_whale w_4cedbf8 w_5bdcd94 w_837646b w_d234e6b
022cd8bf.jpg,new_whale w_cd88a48 w_dbda0d6 w_0e737d0 w_08f1502
022e4158.jpg,new_whale w_750dc93 w_b9e00eb w_c3d523d w_6232813
023f867b.jpg,new_whale w_367b996 w_98ab48e w_97f5054 w_03c6d18
024b37ba.jpg,new_whale w_83714b7 w_59db39b w_7e8b270 w_e964ae8
024b79f1.jpg,new_whale w_46193da w_b033b36 w_7311fe4 w_7e8b270
024f3234.jpg,new_whale w_71e6583 w_552a16e w_7554f44 w_21e178f
02555b2a.jpg,new_whale w_214c09a w_29670e2 w_ce29d2a w_c11932e
025b6efb.jpg,new_whale w_12cdfbd w_8d5ede1 w_efe57c7 w_3026ce2
0262da48.jpg,new_whale w_540fd73 w_c02ac49 w_5ad2030 w_74e15fc
0265f1cc.jpg,new_whale w_429e9ad w_b08520c w_4e52a49 w_2f283f3
02662d4c.jpg,new_whale w_c0c1a30 w_fd1cb9d w_718ce15 w_38de842
0266c5b9.jpg,new_whale w_2957331 w_0d39a68 w_b6886e5 w_ae07541
02678304.jpg,new_whale w_1addcc2 w_12c3d3d w_15c39f4 w_711d58c
0272edb8.jpg,new_whale w_29670e2 w_9269ec6 w_1ec0481 w_7248590
02740bf3.jpg,new_whale w_c80d300 w_0ead9d7 w_73d5489 w_ef99fe9
027a214c.jpg,new_whale w_bf38f05 w_7133c9d w_94cd45e w_4f248f3
0281dcb3.jpg,new_whale w_813c5be w_ab6bb0a w_fea7fe6 w_ace8c54
02820868.jpg,new_whale w_7879ee1 w_e02fe7b w_3061bdd w_d428980
028b76df.jpg,new_whale w_21e178f w_c9e1cdc w_bb2d34d w_87050a3
02931ea9.jpg,new_whale w_57186e5 w_c94f464 w_f0f0dbb w_f663b5e
029e1433.jpg,new_whale w_c9e1cdc w_2d99a0c w_9ec358c w_11adaae
02a0fc46.jpg,new_whale w_bbf58a9 w_5d86f98 w_3f91e04 w_6c9aa21
02a236a7.jpg,new_whale w_656afeb w_12f2352 w_987a36f w_c30959a
02a30984.jpg,new_whale w_7bda16b w_49bbc79 w_3d0bc7a w_2a939eb
02b08c12.jpg,new_whale w_1a70685 w_313b78a w_28ce17c w_0d39a68
02bb5121.jpg,new_whale w_d430a78 w_d62128e w_f3db3f1 w_f0a2e40
02bc3885.jpg,new_whale w_9948a99 w_6a2328a w_715c557 w_ee94c57
02bd2d21.jpg,new_whale w_01cbcbf w_ee22376 w_2cb8996 w_3c7b2e6
02bea56b.jpg,new_whale w_44a6b62 w_7c7a78c w_66c1b54 w_98baff9
02c66a1a.jpg,new_whale w_4c25641 w_2527790 w_0c70bc3 w_aa7a302
02d11e83.jpg,new_whale w_8c23123 w_31446aa w_dcb4be9 w_de3cab3
02d1ea75.jpg,new_whale w_2f6a962 w_0f96780 w_7b035cc w_06ff732
02d4e020.jpg,new_whale w_be32bec w_fe49bc4 w_6d17527 w_4457d27
02e4cbe1.jpg,new_whale w_2f283f3 w_4659acf w_20eb13c w_b6c4efa
02e6a238.jpg,new_whale w_19f0b15 w_127f4c6 w_67de30b w_331df94
02e79c1d.jpg,new_whale w_e0f1df1 w_28fa29e w_38e4aae w_92c7ace
02ed2a9e.jpg,new_whale w_98baff9 w_ebff750 w_5e78545 w_ab4cae2
02ed6104.jpg,new_whale w_3172910 w_715c557 w_67fecca w_b835ae1
02f022ce.jpg,new_whale w_b4eeae6 w_d642d4e w_7b442c4 w_0103030
02f595b9.jpg,new_whale w_330f897 w_2e4fecc w_402784d w_b96d4e0
02f84c93.jpg,new_whale w_b4a223d w_4fd48e7 w_703e39b w_5cc2285
0300b9f2.jpg,new_whale w_e449d3a w_447643b w_717a293 w_4f82020
03026564.jpg,new_whale w_1dd8e68 w_1da7080 w_0899118 w_76ebad6
03036b75.jpg,new_whale w_b9e00eb w_9729e1e w_3a9ee71 w_0b04c08
0308991b.jpg,new_whale w_8d83172 w_0e9f6d9 w_56bbc91 w_1dff010
03092073.jpg,new_whale w_ea90267 w_1eafe46 w_0652d70 w_79185c2
030ac4a7.jpg,new_whale w_ec354a5 w_cb9220b w_fd07344 w_6e8486d
03119ded.jpg,new_whale w_38e4aae w_4ebeafb w_aae82f8 w_43be268
031ded9d.jpg,new_whale w_86b3f04 w_eff7e35 w_41ed8e8 w_92e7841
031ff1e8.jpg,new_whale w_ddf14ae w_eb44149 w_ef2f0f0 w_6202983
03235f94.jpg,new_whale w_1d53d9c w_f0f56dc w_d9adb4f w_788b689
03290d42.jpg,new_whale w_813c5be w_703e39b w_286ec5f w_6132293
03292c72.jpg,new_whale w_78948b5 w_4d528e4 w_9f3e4f4 w_43eea34
033263d1.jpg,new_whale w_2d2d7fe w_530f87b w_0dee306 w_60eba40
033c1969.jpg,new_whale w_c1c73c0 w_af8cad1 w_a7f847f w_7b0fb1d
033c7851.jpg,new_whale w_18eee6e w_3af4e73 w_b6886e5 w_a59905f
033cdc6f.jpg,new_whale w_656afeb w_4de83f9 w_cc504e7 w_d3ef4b2
033e77b1.jpg,new_whale w_be3c0f5 w_6202983 w_e02fe7b w_b6d09e6
033eee72.jpg,new_whale w_9ae554b w_fd1cb9d w_4285435 w_a14ccaa
035333d0.jpg,new_whale w_9989964 w_dbda0d6 w_5be8e63 w_a254eb0
0359f5fb.jpg,new_whale w_8c1ec28 w_5cb5e65 w_a7d4668 w_cf3c233
036bebee.jpg,new_whale w_f546b0a w_4659acf w_dbda0d6 w_2b969fe
0372c7d4.jpg,new_whale w_c5d7c03 w_69df882 w_c9e1cdc w_95874a5
03745b68.jpg,new_whale w_98baff9 w_524f51e w_9ea2cc3 w_ab4cae2
0374a0a2.jpg,new_whale w_acff672 w_1dc66b7 w_cd70e8b w_6c803bf
0374bf82.jpg,new_whale w_df21074 w_c06dd6e w_c45bfc3 w_fe8233d
0382090e.jpg,new_whale w_10bea88 w_349fcbc w_91b7c58 w_93dcf76
03823d12.jpg,new_whale w_6132293 w_9c5ed68 w_e0f1df1 w_b1f6e70
0388206c.jpg,new_whale w_ab4cae2 w_7049d9f w_2850471 w_b7d5069
038c5e79.jpg,new_whale w_3326396 w_0f92544 w_9378098 w_24a2923
03919887.jpg,new_whale w_7ed0d17 w_92be3ca w_5b99089 w_7e8b270
039208f5.jpg,new_whale w_7d4cb72 w_901363f w_5ba417d w_94cd45e
03962130.jpg,new_whale w_059ac60 w_0de84f0 w_01a4234 w_eb9ab29
039ba9f1.jpg,new_whale w_01d6ca0 w_e613f12 w_a0fc1a7 w_a5431ca
03a02393.jpg,new_whale w_1eafe46 w_693c9ee w_fea7fe6 w_d47e2e3
03a6788d.jpg,new_whale w_b4732ef w_af67683 w_89d9c03 w_02d5fad
03acbfc4.jpg,new_whale w_11c504f w_4b7b80b w_e4e6f5b w_00fbb4e
03acc8bc.jpg,new_whale w_fd1cb9d w_1dff010 w_b648329 w_5eda687
03b17658.jpg,new_whale w_d306246 w_3350425 w_7db10cc w_9ea2cc3
03b61d44.jpg,new_whale w_ee17a08 w_0265cb6 w_e158680 w_3411b9f
03b77f05.jpg,new_whale w_11adaae w_c91f758 w_b4732ef w_308bd26
03c3a5f5.jpg,new_whale w_62f804d w_e02fe7b w_1904e8c w_c0d494d
03c6c2eb.jpg,new_whale w_8861715 w_20eb13c w_43be268 w_fd1cb9d
03c9e961.jpg,new_whale w_9874f0d w_800034f w_b074cdf w_cb38960
03ca6736.jpg,new_whale w_c94f464 w_1ae1386 w_e02fe7b w_b7d5069
03ce181f.jpg,new_whale w_243e33e w_f19faeb w_4e68ddc w_1fa0ee5
03d95ec9.jpg,new_whale w_33b9360 w_9875c12 w_02facde w_efe57c7
03df3506.jpg,new_whale w_2fdee7b w_d89b29e w_dad23fa w_2f283f3
03e22730.jpg,new_whale w_4848a3c w_d382236 w_b6d4901 w_cb32cb8
03e2b7ab.jpg,new_whale w_e6ced04 w_b9f5b8b w_11b993a w_02d5fad
03e67864.jpg,new_whale w_f70bf4d w_2832e90 w_89e159a w_3026ce2
03ec3ef3.jpg,new_whale w_fa473e6 w_a56d9ff w_3027b8f w_d3c8520
03ecfbe1.jpg,new_whale w_5b2bb99 w_86b9dfd w_25db560 w_4e52a49
03ed35cc.jpg,new_whale w_5d50ea2 w_b83b069 w_8b5885d w_dcb1f2a
03ef82dd.jpg,new_whale w_018bc64 w_449a34e w_fd1cb9d w_559ce61
03f28af0.jpg,new_whale w_98baff9 w_e5250e9 w_f8c3a63 w_2282bb8
03f5b5c7.jpg,new_whale w_9b6b87d w_3aa2073 w_bbc4e7c w_8a2e496
03f88c16.jpg,new_whale w_67de30b w_5e43abb w_a91b997 w_59eb8ae
03f9d82a.jpg,new_whale w_fce6ab2 w_4fd48e7 w_98baff9 w_a1237e3
03fa1cb6.jpg,new_whale w_0a565c5 w_5ba417d w_07e92ee w_2392b4c
04029c8d.jpg,new_whale w_238a4ad w_0caa554 w_c167245 w_53dbf9d
040684d5.jpg,new_whale w_5d96ba4 w_29eb3b2 w_b1f6e70 w_2e872af
0409a4de.jpg,new_whale w_e26c35f w_fd1cb9d w_48a98d7 w_987a36f
040afaab.jpg,new_whale w_bc93297 w_69e88da w_f19faeb w_4427216
040c2a16.jpg,new_whale w_e5d6443 w_3d66298 w_98413c8 w_55132a6
04170baa.jpg,new_whale w_6202983 w_b9f5b8b w_4b7b80b w_93bf889
041bf60e.jpg,new_whale w_56743d6 w_7394d75 w_af890ad w_ab2d17a
04342c48.jpg,new_whale w_ccfdb00 w_06972d2 w_8103039 w_7b035cc
0439dff2.jpg,new_whale w_35063ed w_8fab53d w_7c6ad05 w_d52bc74
04413971.jpg,new_whale w_540fd73 w_67599af w_c58b474 w_656afeb
0442910d.jpg,new_whale w_fd07344 w_95874a5 w_7c18f3c w_abc2eda
0445463a.jpg,new_whale w_2e872af w_797e546 w_22fa4ad w_5ae47d9
0447f9d8.jpg,new_whale w_79d4855 w_1ac4c38 w_3bc8a47 w_61b87f9
04494ac2.jpg,new_whale w_5fbef36 w_9291cdf w_4791b4c w_a254eb0
0451e3e7.jpg,new_whale w_1287fbc w_a18d0dc w_be32bec w_e964ae8
045638e1.jpg,new_whale w_3bb210a w_94bc64e w_d382236 w_3b0894d
0456f788.jpg,new_whale w_56743d6 w_0e737d0 w_bb2d34d w_3d3c0f9
045747b5.jpg,new_whale w_a4f77bd w_0e737d0 w_25d7f93 w_ab4cae2
045a1f17.jpg,new_whale w_73b705e w_abe383e w_c0d494d w_93bf889
045b23f2.jpg,new_whale w_2fd21ec w_d663f4f w_43be268 w_d3ed80e
045d0da3.jpg,new_whale w_c39c56e w_8fd5636 w_9c5ed68 w_b678944
045d7a31.jpg,new_whale w_f18df18 w_e3c119c w_813c5be w_9b098ea
0466a76a.jpg,new_whale w_fc15159 w_5cc2285 w_fd1cb9d w_1dff010
0469d626.jpg,new_whale w_4696a5a w_0dee306 w_1dc66b7 w_90f5d3b
046ebec1.jpg,new_whale w_479e3e5 w_613723e w_8db45b7 w_1310342
04735120.jpg,new_whale w_62f299e w_8c1e2e4 w_419226b w_90f5d3b
04782092.jpg,new_whale w_69e1d0a w_f6fb689 w_0a97a25 w_4c9d3df
047a1f36.jpg,new_whale w_0d48a7d w_1431f4b w_d26cc27 w_376a413
047f991c.jpg,new_whale w_e41f2fa w_a5431ca w_99ad599 w_488cdd8
0480833f.jpg,new_whale w_dce3192 w_9122179 w_5624f08 w_9ea2cc3
048512e2.jpg,new_whale w_8d46cef w_19ca2c6 w_d36f58c w_f790728
04873154.jpg,new_whale w_c22307d w_6635a97 w_3694c7d w_232e5bd
0488fd16.jpg,new_whale w_b688397 w_5919cf7 w_1272a31 w_e826a6f
048c312f.jpg,new_whale w_3039e7a w_fba3bde w_fc7cc24 w_b6c4efa
048e1daa.jpg,new_whale w_968f2ca w_e9ac2a8 w_48f649e w_b074cdf
048ee592.jpg,new_whale w_1287fbc w_43be268 w_540fd73 w_9771603
048f3453.jpg,new_whale w_7538a4c w_33fc58d w_5014d6c w_b6886e5
04954b79.jpg,new_whale w_f1a4389 w_b329c00 w_a526492 w_98baff9
04977677.jpg,new_whale w_a59905f w_67de30b w_38954da w_d428980
0497a42a.jpg,new_whale w_6863829 w_fae3939 w_d663f4f w_419d308
04997d5e.jpg,new_whale w_38efc2d w_6e8486d w_f21f2ec w_4e52a49
049b46d5.jpg,new_whale w_b9f5b8b w_0da589d w_d382236 w_b678944
049c3da3.jpg,new_whale w_f0af1f8 w_f7a0fd7 w_92e7841 w_5b1fa1d
049dd98d.jpg,new_whale w_dbd28fa w_2cde7c0 w_7ba4b5a w_9ca943b
04a02f6a.jpg,new_whale w_c133ea8 w_0d48a7d w_987a36f w_06972d2
04a5b7d8.jpg,new_whale w_c0cfd5b w_71764b4 w_0e737d0 w_a7d4668
04a84b41.jpg,new_whale w_7142b19 w_43be268 w_1eafe46 w_434ad6a
04a9359b.jpg,new_whale w_55c9a3b w_b7fe199 w_bd5cf0a w_0526c04
04ac112f.jpg,new_whale w_654a5bb w_7586198 w_693c9ee w_4c9d3df
04aef21e.jpg,new_whale w_2d29ddd w_b6c4efa w_0beef28 w_ebb16ab
04aef436.jpg,new_whale w_38e4aae w_cf24f84 w_b729b1f w_56bbc91
04b0f138.jpg,new_whale w_44f0fa2 w_18eee6e w_7b035cc w_1cca86d
04b9dbff.jpg,new_whale w_4b95330 w_c2c4f43 w_2fdaa7f w_03b5e9a
04bb7f32.jpg,new_whale w_373c114 w_3b0894d w_06a6351 w_95874a5
04d1b1e2.jpg,new_whale w_5d96ba4 w_cc759cd w_c3d523d w_4ec48a9
04d62bd2.jpg,new_whale w_1e3ce01 w_67de30b w_5af463d w_fba3bde
04da9182.jpg,new_whale w_8044362 w_02a768d w_681dba6 w_ca3bb23
04daa8f0.jpg,new_whale w_abe383e w_f4e0748 w_d5ec83f w_b6689cc
04def9fe.jpg,new_whale w_53e9072 w_e6f5e09 w_1f00cb7 w_eaeb1f0
04e42b2c.jpg,new_whale w_7852bd1 w_6ee7470 w_800034f w_6aad777
04e8fe6b.jpg,new_whale w_67de30b w_8d46cef w_96b697f w_7b035cc
04e905f8.jpg,new_whale w_164cfff w_4fd48e7 w_2bb8c37 w_156c0db
04eaef5b.jpg,new_whale w_90f74ae w_b70a0c4 w_1eafe46 w_3f2a05c
04eeb6f7.jpg,new_whale w_78a6f56 w_79b42cd w_ed32859 w_e6ec8ee
04f46b7d.jpg,new_whale w_34c4927 w_0fecdf7 w_89973e5 w_4dfe7cb
04f6c3e3.jpg,new_whale w_5126776 w_997582c w_9434f0c w_a254eb0
04fdbb18.jpg,new_whale w_2e872af w_87e8446 w_797e546 w_dfafffd
04ffb75b.jpg,new_whale w_15427c3 w_64433af w_3cbccb7 w_b170173
05056a76.jpg,new_whale w_987a36f w_b17f9ea w_6c803bf w_67de30b
050cfb88.jpg,new_whale w_31446aa w_2669d75 w_fc76ede w_c068ed3
050fd4cd.jpg,new_whale w_64f3545 w_3d0bc7a w_6635a97 w_b081817
05143e63.jpg,new_whale w_1c30ba6 w_afe953f w_f19faeb w_3674103
051aa421.jpg,new_whale w_cfddb15 w_44a6b62 w_2282bb8 w_02d5fad
05205364.jpg,new_whale w_12f2352 w_3694c7d w_91e86c4 w_a13ada3
05268c81.jpg,new_whale w_f87b77b w_e156c87 w_1dff010 w_fd1cb9d
052b04fa.jpg,new_whale w_f86488a w_5624f08 w_932c8cd w_db9dd51
052c1353.jpg,new_whale w_fba3bde w_d9055d1 w_1287fbc w_7c7a78c
052fc20e.jpg,new_whale w_3e1ccc9 w_987a36f w_d9055d1 w_d8e752e
0538b4cf.jpg,new_whale w_1eafe46 w_b5fc897 w_a846944 w_ea90267
053bfc7e.jpg,new_whale w_34fd328 w_38954da w_3fffc61 w_49bbc79
0540d585.jpg,new_whale w_3694c7d w_3411b9f w_d428980 w_efa1fc7
05447383.jpg,new_whale w_aaafb64 w_8141223 w_e09e886 w_97bc172
054a6881.jpg,new_whale w_a646643 w_5317c46 w_c1b685f w_4a074b8
054f8aeb.jpg,new_whale w_c1c73c0 w_eb0a6ed w_dbda0d6 w_a913945
054f9ad2.jpg,new_whale w_2663598 w_29670e2 w_8a00b09 w_c5f9e78
05588003.jpg,new_whale w_302af0a w_c6ac89b w_b83b069 w_223cebd
055e2312.jpg,new_whale w_1310342 w_e2e56e9 w_53ed912 w_92f705d
05602dd9.jpg,new_whale w_1a70685 w_11adaae w_212b985 w_9ec358c
0563f85b.jpg,new_whale w_9ba1eee w_18eee6e w_dff77b6 w_dfbfe10
0566148a.jpg,new_whale w_d4bc10d w_d175300 w_ed8a846 w_1deadd7
0567973e.jpg,new_whale w_49bbc79 w_6c803bf w_b05c57f w_44cccf6
056a44f5.jpg,new_whale w_9412d1b w_0654dd9 w_7918071 w_0c8a724
056dbcc1.jpg,new_whale w_d434526 w_fbcb6e4 w_f18df18 w_cd88a48
057bf614.jpg,new_whale w_eb0a6ed w_b0e05b1 w_1cb2134 w_a646643
057e01c4.jpg,new_whale w_53859b2 w_5bc7e7f w_f8e6546 w_3e26a99
057ecaff.jpg,new_whale w_53549df w_ab4cae2 w_e685c80 w_0e737d0
057fe50e.jpg,new_whale w_b066aa6 w_db474c7 w_01a99a5 w_2c3f440
058491ed.jpg,new_whale w_9438980 w_974ecab w_2f6a962 w_78a4639
058fc362.jpg,new_whale w_9cb529f w_6c9a524 w_fd1cb9d w_8b56cb1
05902160.jpg,new_whale w_5d96ba4 w_85755f7 w_7e93962 w_e30e97f
059c0d79.jpg,new_whale w_654a5bb w_5c23454 w_c0d494d w_9b098ea
059dff9f.jpg,new_whale w_afef556 w_d7de1ee w_861cc1c w_6d7c852
05a96a11.jpg,new_whale w_3de676c w_0d39a68 w_057c418 w_1a70685
05af4415.jpg,new_whale w_5b3f55f w_9989964 w_be32bec w_e02fe7b
05b1013c.jpg,new_whale w_a494171 w_d6df554 w_88e5933 w_a13ada3
05b2063a.jpg,new_whale w_b089088 w_3a94311 w_aa64cc1 w_4b950da
05b21b0e.jpg,new_whale w_67de30b w_43be268 w_4ebeafb w_9ca943b
05b23512.jpg,new_whale w_778ee6e w_9ca943b w_c30959a w_414a0d7
05b33bcf.jpg,new_whale w_9948a99 w_5b3f55f w_392bee3 w_3fc3d07
05be1b3b.jpg,new_whale w_c0d494d w_b96d4e0 w_02d5fad w_cb7b682
05c0ee5c.jpg,new_whale w_2f89dfe w_95dd5d2 w_4c25641 w_6202983
05c3bb81.jpg,new_whale w_73c9ba2 w_d9562f1 w_ca0ec7c w_56f2b1e
05c524b5.jpg,new_whale w_89e159a w_25d7f93 w_73d5489 w_ae07541
05c5d85b.jpg,new_whale w_73d5489 w_4e2652d w_acc33ca w_2c75202
05c9f7a4.jpg,new_whale w_7b442c4 w_0ea659e w_6dbb861 w_fc76ede
05d0b6ae.jpg,new_whale w_8459e39 w_5d2734c w_7d19608 w_e57b3ce
05d0f35c.jpg,new_whale w_bbf58a9 w_6b45921 w_1f0da94 w_e15442c
05d5c3a7.jpg,new_whale w_7b3f9d1 w_ab4cae2 w_d9adb4f w_21dfc18
05d87d8b.jpg,new_whale w_6163581 w_ed0c4cc w_ca8bfb4 w_fdf60bb
05dc49c5.jpg,new_whale w_2216a46 w_7e8b270 w_1287fbc w_2b443f8
05df666d.jpg,new_whale w_9e862ac w_4b7b80b w_5af7a9c w_5cc2285
05e1c530.jpg,new_whale w_60eba40 w_2af3059 w_0dee306 w_c708776
05ec970c.jpg,new_whale w_02bb4cf w_d88328d w_eb47189 w_4e52a49
05ece22a.jpg,new_whale w_ca8bfb4 w_1ec0481 w_b14007c w_b074cdf
05f17a1f.jpg,new_whale w_dcb4be9 w_cf7eebd w_0df2bde w_6badfcf
05f58ec7.jpg,new_whale w_b0e05b1 w_2071a4c w_f8e6546 w_44a6b62
05f6a1c4.jpg,new_whale w_75378d3 w_ab4bd59 w_00cb685 w_57e8a80
060d7d39.jpg,new_whale w_92585eb w_735675e w_993d66c w_a80620a
060f7c21.jpg,new_whale w_b41e229 w_a59905f w_1924883 w_67de30b
0611787a.jpg,new_whale w_53951e6 w_6ae1eaf w_0fea5a3 w_059df09
0615a20f.jpg,new_whale w_daf162a w_452400e w_b6ed5d2 w_e158680
0619b2a2.jpg,new_whale w_6202983 w_861cc1c w_b5144b0 w_a67a1bc
0622333a.jpg,new_whale w_ca5f17f w_ead5d70 w_588d5d7 w_d3c8520
062f56fa.jpg,new_whale w_883b284 w_ca8bfb4 w_eb39613 w_bbad9a2
0632abdd.jpg,new_whale w_6202983 w_3e1ccc9 w_785f62b w_e826a6f
063a8ecd.jpg,new_whale w_c3ce041 w_c663985 w_e4f1fcc w_8459e39
063b8988.jpg,new_whale w_6a3210a w_98d4838 w_741861e w_cd1f1ed
064035ba.jpg,new_whale w_e6f5e09 w_07e92ee w_3a9ee71 w_3e75bf3
06411151.jpg,new_whale w_a254eb0 w_e826a6f w_4b7b80b w_af890ad
06470cc5.jpg,new_whale w_002dc11 w_ddbf533 w_ed32db9 w_de20ab0
0647afb6.jpg,new_whale w_1e5a146 w_d19a884 w_e3c0ae5 w_44a6b62
0648cad6.jpg,new_whale w_1dff010 w_ad87135 w_1287fbc w_fd1cb9d
0649db91.jpg,new_whale w_238a4ad w_86b9dfd w_2b0028d w_bf77b13
064e4e3e.jpg,new_whale w_ad32646 w_b7d5069 w_813c5be w_147b62b
0658195c.jpg,new_whale w_290f82b w_bdbec6c w_c3d523d w_8c1e2e4
0659057f.jpg,new_whale w_f8c3a63 w_7554f44 w_87050a3 w_ff7630a
065d4e20.jpg,new_whale w_fc61767 w_6992521 w_41fa033 w_af76f1e
065da4f9.jpg,new_whale w_861cc1c w_cd88a48 w_4a4bb3f w_654a5bb
0664c407.jpg,new_whale w_afed305 w_d398969 w_490c8a0 w_4e68ddc
0670ae75.jpg,new_whale w_b4a223d w_b1a8107 w_ffa78a5 w_dbda0d6
0674ed18.jpg,new_whale w_12f2352 w_1dff010 w_ea2385d w_d3ce445
06761cbc.jpg,new_whale w_c02ac49 w_43be268 w_da2efe0 w_8867074
06764db3.jpg,new_whale w_67de30b w_987a36f w_0beef28 w_ee9c4d7
0679ea22.jpg,new_whale w_434ad6a w_ab9fa59 w_ab6db0f w_8fab53d
067c3565.jpg,new_whale w_53baa9b w_a59905f w_bf8c3d2 w_987a36f
068386dc.jpg,new_whale w_b1f6e70 w_e700deb w_5297ab3 w_e449d3a
06864eee.jpg,new_whale w_26edeb8 w_fd1cb9d w_309a2b3 w_9771603
0686fe51.jpg,new_whale w_c9dd32e w_cc5fae7 w_c4e71b6 w_41c0098
068d9d17.jpg,new_whale w_b9e00eb w_4d4bd72 w_3c4062e w_4b7b80b
0690a752.jpg,new_whale w_0e4f53c w_4bf5a06 w_78f64d1 w_7d4cb72
06923a5a.jpg,new_whale w_f0d8be1 w_5ba417d w_7dee51b w_0e7cb1c
06a74b57.jpg,new_whale w_9d704ab w_8867074 w_18eee6e w_3b0894d
06a83512.jpg,new_whale w_4659acf w_7f999ff w_4c9d3df w_57e8a80
06ac26de.jpg,new_whale w_243e33e w_4b7b80b w_cf0c062 w_efebfe8
06b0cf32.jpg,new_whale w_b4151b7 w_f8e6546 w_9caed77 w_c774326
06b3a019.jpg,new_whale w_932c8cd w_330f897 w_7c18f3c w_8e451d9
06b44689.jpg,new_whale w_010a1fa w_0f9166e w_0bc712b w_1b1c32f
06bb2e51.jpg,new_whale w_5384c57 w_d663f4f w_7554f44 w_4fb3c95
06bcc8dd.jpg,new_whale w_63d1ea6 w_cc54cee w_5ba417d w_7e8b270
06bcf1df.jpg,new_whale w_8397970 w_d3f5be3 w_21e178f w_a866824
06c4a3a5.jpg,new_whale w_b9e00eb w_7e8b270 w_aa16da4 w_44a6b62
06c51e89.jpg,new_whale w_9ec358c w_fba3bde w_9875c12 w_6c803bf
06c7cc20.jpg,new_whale w_f178867 w_09d654f w_515838e w_b0e05b1
06ca2e42.jpg,new_whale w_b5383b5 w_fbcb6e4 w_8db45b7 w_fcf5284
06ccb0c8.jpg,new_whale w_4b7b80b w_987a36f w_18eee6e w_98baff9
06cf2e43.jpg,new_whale w_dcb1f2a w_3de676c w_e0f1df1 w_e62b5d8
06d0a7cd.jpg,new_whale w_2071a4c w_654a5bb w_c167245 w_883b284
06d274be.jpg,new_whale w_acff672 w_c8126db w_1dc66b7 w_1596a47
06d50c66.jpg,new_whale w_87050a3 w_f0a2e40 w_376a413 w_c11932e
06d60841.jpg,new_whale w_43be268 w_4790f64 w_9ca943b w_3b0894d
06e38173.jpg,new_whale w_b2f1afa w_dd52cfc w_1da7080 w_18a1bf2
06e4483c.jpg,new_whale w_90ec71a w_6c803bf w_c9e1cdc w_18eee6e
06e6f685.jpg,new_whale w_acff672 w_c1b3568 w_43eea34 w_4855bd3
06e7567d.jpg,new_whale w_7ed0d17 w_92be3ca w_5b99089 w_7e8b270
06f099aa.jpg,new_whale w_d5ec83f w_307065e w_9ec358c w_7895123
06fad355.jpg,new_whale w_bb2d34d w_73d5489 w_f53deac w_0f89e72
06fc99b2.jpg,new_whale w_6d05f7f w_3d0bc7a w_22b09d0 w_6361632
0700d66e.jpg,new_whale w_7554f44 w_bb2d34d w_98baff9 w_1c32062
0703bb75.jpg,new_whale w_ace8c54 w_fba3bde w_43be268 w_6202983
070837c1.jpg,new_whale w_b08520c w_05b2ddd w_fc7cc24 w_ace34dc
070939d4.jpg,new_whale w_da6d50b w_c0a4c9d w_5f82501 w_6ddff9b
070a0cfd.jpg,new_whale w_ab6db0f w_d3ef4b2 w_3c0bbac w_9771603
07138d90.jpg,new_whale w_98baff9 w_851a7f4 w_402784d w_4b7b80b
0713b8d1.jpg,new_whale w_d9adb4f w_dd90e0a w_9ea2cc3 w_cb7d1b5
07175ead.jpg,new_whale w_1235317 w_f0f56dc w_cae7677 w_b9e00eb
071c5ab6.jpg,new_whale w_f18af3b w_a16b600 w_b618751 w_2e4fecc
07202b51.jpg,new_whale w_515838e w_693c9ee w_b074cdf w_98baff9
0722ea4e.jpg,new_whale w_dcb1f2a w_95874a5 w_21e178f w_1ecfe96
0723673f.jpg,new_whale w_02d5fad w_2071a4c w_cce0444 w_03c6d18
072a9420.jpg,new_whale w_18a1bf2 w_7852bd1 w_2e872af w_5374a4c
0734daee.jpg,new_whale w_38158d6 w_cc504e7 w_2d29ddd w_dce3192
073da2c4.jpg,new_whale w_701972b w_449e238 w_41901e5 w_0c8a724
0743e630.jpg,new_whale w_2282bb8 w_cce0444 w_b074cdf w_ba17206
07441b1a.jpg,new_whale w_6b3402d w_0c70bc3 w_0e30df6 w_2d99a0c
07486078.jpg,new_whale w_b074cdf w_c0a4c9d w_8c1ec28 w_b0e05b1
074acd73.jpg,new_whale w_559ce61 w_987a36f w_1dff010 w_f031837
074bb896.jpg,new_whale w_dd52cfc w_0899118 w_699be3a w_837646b
074be802.jpg,new_whale w_932c8cd w_bb2d34d w_6e8486d w_c133ea8
07590976.jpg,new_whale w_7dc3fae w_b6886e5 w_2d99a0c w_73d5489
075b186c.jpg,new_whale w_79b12d8 w_b2e1722 w_18eee6e w_0e737d0
0760ec9a.jpg,new_whale w_1596a47 w_656afeb w_c27d036 w_32a920b
07696de1.jpg,new_whale w_1632307 w_4a0c105 w_7377b2b w_6443ad1
076a0481.jpg,new_whale w_0e4f53c w_143b201 w_7885601 w_ef52dd3
076a9746.jpg,new_whale w_d80e1bc w_67de30b w_9967edd w_572033c
076c2804.jpg,new_whale w_3af4e73 w_18eee6e w_2901dbf w_eb44149
076ec2af.jpg,new_whale w_f19faeb w_7311fe4 w_d36f58c w_fea7fe6
07725434.jpg,new_whale w_e21043a w_1632307 w_9ea2cc3 w_987a36f
0772d480.jpg,new_whale w_987a36f w_142dce1 w_89e159a w_6c803bf
0775555e.jpg,new_whale w_dcd7a1d w_7e5cc5e w_d9fdd15 w_dfbfe10
077839e0.jpg,new_whale w_19ca2c6 w_f75302f w_3dd1a87 w_53064a6
077d632e.jpg,new_whale w_8103039 w_6c803bf w_c94f464 w_dd90e0a
077de153.jpg,new_whale w_788b689 w_48a98d7 w_79b42cd w_a18d0dc
07929e47.jpg,new_whale w_826eb44 w_573eb8f w_a3abc56 w_96c6151
0792a652.jpg,new_whale w_980bb1a w_7e8b270 w_156c0db w_17b33ae
079bb818.jpg,new_whale w_b9417ee w_ea99623 w_0be82ee w_20c671c
07a22d58.jpg,new_whale w_8fab53d w_b0e05b1 w_3326396 w_12c3d3d
07b24d7c.jpg,new_whale w_676ddb0 w_b31d830 w_da63cba w_e84ca75
07be0df2.jpg,new_whale w_60eba40 w_7c7a78c w_b7d5069 w_d3ce445
07c2ee47.jpg,new_whale w_bc93e4a w_430766d w_bc3fd54 w_95aad92
07c2f963.jpg,new_whale w_7c91fa7 w_b4732ef w_8867074 w_57c8da9
07c8a7ab.jpg,new_whale w_ff70408 w_c9e1cdc w_230a0de w_2d99a0c
07cab0c7.jpg,new_whale w_685466f w_17d5eb9 w_d9fdd15 w_abe383e
07d1d67a.jpg,new_whale w_ba2f2c4 w_25808d2 w_693c9ee w_fe95ab8
07d3737e.jpg,new_whale w_f6d32e2 w_43eea34 w_651cbb7 w_d89b29e
07d6760f.jpg,new_whale w_b0e05b1 w_b074cdf w_ab4cae2 w_157ba16
07d87be3.jpg,new_whale w_21e178f w_8397970 w_861cc1c w_afef556
07db8f14.jpg,new_whale w_80d95d6 w_83df8d5 w_9caed77 w_7918071
07e34d1c.jpg,new_whale w_43be268 w_71c7322 w_cce912e w_367b996
07e3accb.jpg,new_whale w_fbce8b4 w_92585eb w_53549df w_3197568
07e418a0.jpg,new_whale w_6232813 w_1dff010 w_43be268 w_987a36f
07e4b2b8.jpg,new_whale w_c7b05e7 w_9b67e87 w_230a0de w_2b28681
07f1e826.jpg,new_whale w_e5ed2d6 w_b5383b5 w_b678944 w_8c1ec28
07f72a6c.jpg,new_whale w_19ca2c6 w_7c7a78c w_62f804d w_7dee51b
07fab002.jpg,new_whale w_52c8684 w_893ccb4 w_09be3ad w_c39fceb
07fb68df.jpg,new_whale w_a96d4dc w_d663f4f w_18eee6e w_e94a3b2
07fe0353.jpg,new_whale w_f19faeb w_1d53d9c w_31fb9f0 w_b9e00eb
08010399.jpg,new_whale w_94e071d w_73d5489 w_fe96bef w_697c72e
0805fb8a.jpg,new_whale w_b6d09e6 w_9875c12 w_4435e82 w_fea7fe6
080703d7.jpg,new_whale w_4a78bf2 w_987a36f w_33b9360 w_ea2385d
0808b33f.jpg,new_whale w_893ccb4 w_573eb8f w_ba63af5 w_826eb44
0809716b.jpg,new_whale w_32602d9 w_52b06b1 w_8397970 w_01c2cb0
080a0ffd.jpg,new_whale w_1287fbc w_1c22d7e w_ab6bb0a w_367b996
080c3e94.jpg,new_whale w_dd90e0a w_21e178f w_d2be6cc w_43be268
080e9751.jpg,new_whale w_78f2e92 w_8a5ff14 w_4c9d3df w_43be268
080f5fab.jpg,new_whale w_6598219 w_0b4429c w_16d1b32 w_1cca86d
0813e756.jpg,new_whale w_3f904cf w_73d5489 w_b1d6681 w_0e7cb1c
081471ad.jpg,new_whale w_0dee306 w_7b5a630 w_b4732ef w_b96d4e0
081a58fc.jpg,new_whale w_ab4cae2 w_b066aa6 w_7554f44 w_b6886e5
08221ea6.jpg,new_whale w_032d44d w_7028d77 w_7e8b270 w_aa16da4
08235f48.jpg,new_whale w_aa64cc1 w_224000c w_96d9eaf w_b835ae1
0826a0f9.jpg,new_whale w_db3621e w_b6886e5 w_18eee6e w_987a36f
0830d624.jpg,new_whale w_3172910 w_a21cc97 w_1eafe46 w_b678944
083c57ed.jpg,new_whale w_5f7c402 w_4d528e4 w_fd1cb9d w_048f7a9
08412497.jpg,new_whale w_8861715 w_d428980 w_2f6a962 w_0beef28
0843e414.jpg,new_whale w_c9e1cdc w_516bedb w_6c803bf w_d7760f0
0845b7cb.jpg,new_whale w_0d60fdd w_fd587bc w_156c0db w_4a074b8
08478d9d.jpg,new_whale w_18eee6e w_eb0a6ed w_810c481 w_2fd21ec
084acf36.jpg,new_whale w_c0323f5 w_8c605d2 w_9caed77 w_afd55ad
084b0f05.jpg,new_whale w_26edeb8 w_64f3545 w_9771603 w_398aa7f
084ccdaa.jpg,new_whale w_d7de1ee w_73e5530 w_3bb210a w_406331a
0850b65a.jpg,new_whale w_552a16e w_2071a4c w_9c70a11 w_71e6583
08511c82.jpg,new_whale w_a67a1bc w_1310342 w_8d46cef w_e8a9fb8
0852f2b0.jpg,new_whale w_8fab53d w_b4a223d w_b7d5069 w_4e7fc3e
0858b313.jpg,new_whale w_8d46cef w_1e3ce01 w_62f804d w_43be268
0860e286.jpg,new_whale w_6e8486d w_c27d036 w_18eee6e w_43be268
08624308.jpg,new_whale w_8f28757 w_9b6b87d w_493c000 w_719011d
08655c0f.jpg,new_whale w_0cb6294 w_1000f90 w_98baff9 w_c0cfd5b
086b6aad.jpg,new_whale w_d663f4f w_eb0a6ed w_4b7b80b w_434ad6a
086d9a97.jpg,new_whale w_a26a029 w_7875b79 w_edf5f77 w_76390b4
086fad25.jpg,new_whale w_afef556 w_8397970 w_1e45a47 w_861cc1c
087000f4.jpg,new_whale w_c55c9cd w_9c4bb3c w_c3d523d w_3745f59
087097be.jpg,new_whale w_b08520c w_d9aab0a w_0475042 w_014250a
08726cc9.jpg,new_whale w_488cdd8 w_372ae75 w_9205d40 w_87050a3
0872d620.jpg,new_whale w_34c4927 w_717a293 w_987a36f w_89e159a
087cc494.jpg,new_whale w_1b1c32f w_c80d300 w_5297ab3 w_e10dff3
087e48ab.jpg,new_whale w_6e26345 w_958b908 w_8c30867 w_73d5489
087fb993.jpg,new_whale w_f19faeb w_c57623d w_d47e2e3 w_5fda054
0887d38d.jpg,new_whale w_9b67e87 w_4ec7c66 w_63db6f9 w_af5d11a
088c1e2d.jpg,new_whale w_f19faeb w_e21741a w_65efe4d w_53549df
0891a824.jpg,new_whale w_9ca943b w_6202983 w_0e737d0 w_ab4cae2
0892408f.jpg,new_whale w_1d05772 w_1596a47 w_eb8429c w_4d528e4
089367fa.jpg,new_whale w_7ba4b5a w_eac205a w_a54e7c1 w_b7d5069
089b8ed6.jpg,new_whale w_aa16da4 w_96fd936 w_bbf20b4 w_120927e
089deef1.jpg,new_whale w_21e178f w_18eee6e w_5f43cde w_ae07541
08a09b6c.jpg,new_whale w_d234e6b w_f1177c9 w_40323ac w_f81e77a
08a5bc39.jpg,new_whale w_4ebeafb w_b34793e w_1743d93 w_1dff010
08abb450.jpg,new_whale w_8201aa8 w_4c9d3df w_2fe43c7 w_a59905f
08b6e5c4.jpg,new_whale w_754c69f w_1eafe46 w_861cc1c w_8397970
08b8bbd3.jpg,new_whale w_98baff9 w_7e48479 w_ab4cae2 w_dc89c4c
08b8d205.jpg,new_whale w_e02fe7b w_0f84bf6 w_1904e8c w_e0bbddc
08bd7ff9.jpg,new_whale w_69185bb w_7895123 w_715d152 w_28ce17c
08c142e6.jpg,new_whale w_68a7146 w_1287fbc w_2c55303 w_77e1d3f
08c1eea6.jpg,new_whale w_81ff1c5 w_826dc6d w_7c7a78c w_0e737d0
08d3ec9b.jpg,new_whale w_715c557 w_883557a w_f7bf28d w_ebff750
08d41bb4.jpg,new_whale w_5cc2285 w_98baff9 w_40323ac w_f8c3a63
08d5d1e0.jpg,new_whale w_36a853c w_cd01afb w_690fc6b w_1da7080
08d81886.jpg,new_whale w_2af3059 w_60eba40 w_18df014 w_0dee306
08e418d4.jpg,new_whale w_a54e7c1 w_d2be6cc w_b7d5069 w_8963cff
08e7f5ae.jpg,new_whale w_ee9c4d7 w_d88328d w_f3bd33a w_f86488a
08e80f33.jpg,new_whale w_b318111 w_0de84f0 w_136653f w_60cc444
08e8807c.jpg,new_whale w_b678944 w_540fd73 w_9ea2cc3 w_d2324e2
09038032.jpg,new_whale w_1743d93 w_12f2352 w_6c803bf w_fba3bde
09039ad3.jpg,new_whale w_cd88a48 w_813c5be w_fbcb6e4 w_1a70685
0904b30f.jpg,new_whale w_b9ee5ec w_7c7a78c w_0a97a25 w_ab9fa59
09067bdf.jpg,new_whale w_477ccf5 w_3ae3603 w_88b5d47 w_d3ce445
09095300.jpg,new_whale w_b9ee5ec w_86113c4 w_c4c00ed w_ff7630a
090c7fb2.jpg,new_whale w_540fd73 w_d22af00 w_3674103 w_b074cdf
090cb262.jpg,new_whale w_e0efc4f w_72e70e5 w_735ce7d w_3d66298
090d9045.jpg,new_whale w_5054c6a w_91b5f87 w_c35b3ae w_daec6d3
090dac9d.jpg,new_whale w_4f248f3 w_fe95ab8 w_0b04c08 w_f0a4a2a
090ded85.jpg,new_whale w_83a922d w_9ca943b w_c4c8491 w_8f3cb68
090e4541.jpg,new_whale w_b6886e5 w_813c5be w_cae7677 w_1e3ce01
090fa854.jpg,new_whale w_59eb8ae w_cae7677 w_fe6c1f3 w_0c70bc3
0915ea70.jpg,new_whale w_f02bf23 w_4fd48e7 w_059df09 w_2282bb8
0919abc4.jpg,new_whale w_bb2d34d w_9ceb05d w_97f5054 w_6ef68ed
091f2b44.jpg,new_whale w_ebe0ad5 w_cae7677 w_717a293 w_0cd401c
0922c419.jpg,new_whale w_7c943ab w_2be1c9c w_1287fbc w_987a36f
0922c443.jpg,new_whale w_17964ef w_654a5bb w_cb7b682 w_4ebeafb
0926929e.jpg,new_whale w_790c2aa w_b074cdf w_6df35bf w_ac851eb
09293d9b.jpg,new_whale w_6751cb2 w_43966a3 w_eb0a6ed w_d234e6b
092aaade.jpg,new_whale w_38e4aae w_32a920b w_b729b1f w_56bbc91
092c1806.jpg,new_whale w_ee17a08 w_4e52a49 w_d663f4f w_9cb529f
0930ada6.jpg,new_whale w_87cb6bd w_73cbacd w_503ff17 w_cc3a724
09342d74.jpg,new_whale w_1287fbc w_da63cba w_87050a3 w_17ee910
09355112.jpg,new_whale w_6d17527 w_3fcb80e w_c622a3f w_a837660
093774a1.jpg,new_whale w_1dff010 w_a25d46c w_2ac6dd5 w_4be373e
09398c4c.jpg,new_whale w_4e52a49 w_ee17a08 w_4c9d3df w_f0f0dbb
093cfcc0.jpg,new_whale w_5af463d w_656afeb w_d9fdd15 w_fc7cc24
094008e4.jpg,new_whale w_44f0fa2 w_987a36f w_9ec358c w_7895123
0941fdfc.jpg,new_whale w_c5e13f8 w_94e071d w_f438375 w_eac205a
094304bf.jpg,new_whale w_95874a5 w_abe383e w_b6689cc w_17ee910
0944e6cb.jpg,new_whale w_a646643 w_5d84c65 w_1489751 w_c128384
09453200.jpg,new_whale w_4f94f26 w_d428980 w_a22f338 w_fd1cb9d
09466ebe.jpg,new_whale w_15eae33 w_f50ee01 w_303518a w_03f060f
0949a5be.jpg,new_whale w_5d6786e w_ac05864 w_0dee306 w_bbd9409
09517a1c.jpg,new_whale w_f83b1f9 w_2e4fecc w_02b775b w_55c9a3b
095276e9.jpg,new_whale w_44a6b62 w_cef690d w_7554f44 w_a25d46c
09549b66.jpg,new_whale w_9874f0d w_aeca19c w_1eafe46 w_ca0ec7c
0959af79.jpg,new_whale w_41ed8e8 w_9b401eb w_e73d83c w_17ee910
095a6049.jpg,new_whale w_d37b55b w_8f2fb79 w_7763134 w_a254eb0
095bf27c.jpg,new_whale w_1a70685 w_02fce90 w_89e159a w_8c1dab2
096813b1.jpg,new_whale w_16ea0b2 w_e6f746e w_da2efe0 w_eac205a
096da7da.jpg,new_whale w_6f211a9 w_d141590 w_9205d40 w_64783fe
097267e2.jpg,new_whale w_5624f08 w_3b3b9b2 w_78999a6 w_865c2ba
0974d632.jpg,new_whale w_d915632 w_78999a6 w_b6886e5 w_5d6786e
0979b4df.jpg,new_whale w_7c9fd46 w_99ad599 w_d20befa w_0bc712b
097c0a12.jpg,new_whale w_656afeb w_67599af w_4855bd3 w_987a36f
097e5df3.jpg,new_whale w_c9e1cdc w_b4732ef w_a7d4668 w_6d17527
0981277d.jpg,new_whale w_b9df6da w_ad1d93b w_0e4f53c w_51cdd4b
09823c77.jpg,new_whale w_423e872 w_ccc8e31 w_3fdab94 w_976a54b
09839d31.jpg,new_whale w_2cca6a1 w_5297ab3 w_7885601 w_b7a832a
0983cb7d.jpg,new_whale w_fb4d1f1 w_19212f0 w_09e0cbf w_ee17a08
09845507.jpg,new_whale w_dcf2001 w_1a5e7a2 w_c9e1cdc w_28ce17c
09875652.jpg,new_whale w_307065e w_dfbfe10 w_fd07344 w_95874a5
098aafde.jpg,new_whale w_d428980 w_1af5d59 w_0869575 w_2f6a962
098ace84.jpg,new_whale w_0bc712b w_bbc4e7c w_afde232 w_6cef37c
0993faca.jpg,new_whale w_0d39a68 w_3de676c w_cf00b01 w_b95307d
09a22783.jpg,new_whale w_302af0a w_ef99fe9 w_212ad82 w_ba332ae
09a64684.jpg,new_whale w_dfd7ee8 w_77607b5 w_fba3bde w_89d9c03
09a796f2.jpg,new_whale w_8397970 w_861cc1c w_afef556 w_1e45a47
09ba935c.jpg,new_whale w_8c605d2 w_efd3f81 w_a18d0dc w_fea7fe6
09badc28.jpg,new_whale w_79071e8 w_3ae3603 w_a2a1378 w_1c432e7
09c424bc.jpg,new_whale w_0fc4835 w_af890ad w_c207f9d w_e7a2780
09c75a4a.jpg,new_whale w_5f7c402 w_17cb04d w_479e3e5 w_d775542
09ca6db1.jpg,new_whale w_08f1502 w_5a2075e w_fbcb6e4 w_dbda0d6
09cd10c5.jpg,new_whale w_462a117 w_1dff010 w_23e4e61 w_fd1cb9d
09ced459.jpg,new_whale w_5dbe64d w_e158680 w_eb47189 w_e0f1df1
09d276c0.jpg,new_whale w_8fd5636 w_3b483d3 w_e8c4623 w_22fa4ad
09d2fc94.jpg,new_whale w_8a66718 w_4b7b80b w_3af4e73 w_b678944
09d6a91a.jpg,new_whale w_dbda0d6 w_f83b1f9 w_552a16e w_2f283f3
09d7ac3c.jpg,new_whale w_ca8bfb4 w_c9dd32e w_41c0098 w_44a6b62
09e374d9.jpg,new_whale w_303518a w_7ed55c4 w_72dfe51 w_542f8ca
09e3ccf8.jpg,new_whale w_bb37d93 w_9ec358c w_6c803bf w_e21da76
09e51993.jpg,new_whale w_62ca7c8 w_c0f3e88 w_98baff9 w_2941dd2
09e9ce6b.jpg,new_whale w_aa16da4 w_384e9ca w_eb0a6ed w_3d4900b
09f75fbb.jpg,new_whale w_bf70a3f w_b1a4f29 w_a524549 w_3a9ee71
09f90f96.jpg,new_whale w_aed1e43 w_ba39446 w_3fdab94 w_fba3bde
09fa633e.jpg,new_whale w_5d96ba4 w_837646b w_b688397 w_338b130
0a010220.jpg,new_whale w_9ea2cc3 w_9d704ab w_a59905f w_18eee6e
0a042d04.jpg,new_whale w_8044362 w_df7485b w_b6a95e0 w_d6a6360
0a04314e.jpg,new_whale w_cc60002 w_f478955 w_7586198 w_989fbbb
0a044f2a.jpg,new_whale w_5966fff w_6f31916 w_410142f w_2658649
0a06a1a8.jpg,new_whale w_a779e16 w_d19a884 w_c0d1701 w_c0d494d
0a12c9db.jpg,new_whale w_ec95acb w_014a645 w_93dcf76 w_52c8684
0a14686d.jpg,new_whale w_6ce20f3 w_693c9ee w_19e5d10 w_9e22ded
0a15638d.jpg,new_whale w_6598219 w_68820e8 w_84fcae8 w_1274a11
0a191b6b.jpg,new_whale w_2f6a962 w_8d46cef w_d915632 w_cd70e8b
0a1e0918.jpg,new_whale w_376a413 w_20c671c w_f0a2e40 w_87050a3
0a1fd0be.jpg,new_whale w_43b50e5 w_b6d09e6 w_8d46cef w_b71eab2
0a20f23f.jpg,new_whale w_d915632 w_b6886e5 w_f6d32e2 w_cd70e8b
0a2108a9.jpg,new_whale w_242a05d w_813c5be w_c8d20aa w_2f6a962
0a293e64.jpg,new_whale w_7e8b270 w_18df014 w_96fd936 w_7763134
0a2adfb6.jpg,new_whale w_7f199c6 w_302af0a w_73d5489 w_7dc3fae
0a2b7ea9.jpg,new_whale w_f86488a w_f3bd33a w_b64126b w_11adaae
0a314203.jpg,new_whale w_29cc48b w_1a536b2 w_900fab7 w_398aa7f
0a368ff2.jpg,new_whale w_fba3bde w_67de30b w_a22afc6 w_1e3ce01
0a3839f2.jpg,new_whale w_6dc88a6 w_d5ec83f w_e61dd6d w_8c1dab2
0a3cd4cb.jpg,new_whale w_4b47559 w_64f3545 w_9db9ef5 w_89e159a
0a470917.jpg,new_whale w_cae7677 w_895007f w_cd01afb w_987a36f
0a497952.jpg,new_whale w_4fd48e7 w_6c899ff w_2d29ddd w_ee9c4d7
0a5230c2.jpg,new_whale w_a14ccaa w_e826a6f w_7554f44 w_48dd419
0a533e48.jpg,new_whale w_ffb4e3d w_e69cef0 w_9072f07 w_3197568
0a566a21.jpg,new_whale w_4b18498 w_b4eeae6 w_d19a884 w_d642d4e
0a5b8b78.jpg,new_whale w_41c0098 w_7caa4fe w_cc5fae7 w_c9dd32e
0a6ba1f6.jpg,new_whale w_693c9ee w_1287fbc w_b7ea0df w_b0e05b1
0a6c4f01.jpg,new_whale w_19ca2c6 w_ca0ec7c w_6202983 w_7586198
0a7c5291.jpg,new_whale w_ca8bfb4 w_15427c3 w_98baff9 w_e98432b
0a8b87d1.jpg,new_whale w_fa32440 w_e594616 w_c5d7c03 w_993d66c
0a8f7f34.jpg,new_whale w_fac9864 w_2018f6c w_2cdf820 w_1a5e7a2
0a8fbbf4.jpg,new_whale w_3cf3853 w_c1b3568 w_ea2385d w_4855bd3
0a91423b.jpg,new_whale w_d19a884 w_861cc1c w_b6a95e0 w_8044362
0a99775e.jpg,new_whale w_59eb8ae w_693c9ee w_6c803bf w_0e737d0
0a9e4edc.jpg,new_whale w_52c8684 w_8a7b9c8 w_24a2923 w_0f92544
0aa2864b.jpg,new_whale w_9cb529f w_f2b0e93 w_e53334f w_b197b5c
0aaca20b.jpg,new_whale w_a481883 w_8867074 w_bbd9409 w_f18af3b
0ab18714.jpg,new_whale w_1fd0d0e w_73d5489 w_35063ed w_03ed3de
0ab5c2da.jpg,new_whale w_6dd7c3d w_fc7cc24 w_ba39446 w_2a51a27
0abca545.jpg,new_whale w_c027e4e w_dd90e0a w_7c7a78c w_e826a6f
0abddb6c.jpg,new_whale w_41ed8e8 w_eb47189 w_aa16da4 w_44cccf6
0abe8702.jpg,new_whale w_e30e97f w_5810973 w_367b996 w_1dd8e68
0ac3e80f.jpg,new_whale w_98baff9 w_8fab53d w_721d2e9 w_3326396
0ac52fa3.jpg,new_whale w_8201aa8 w_d4119a7 w_fd1cb9d w_c529cf1
0ac7ec5f.jpg,new_whale w_f5eb6c6 w_1609b19 w_e6541e4 w_e375961
0acfda88.jpg,new_whale w_c66638b w_867c9e1 w_705e0fb w_8533569
0acfec88.jpg,new_whale w_1facad2 w_fcdc898 w_7554f44 w_53baa9b
0ad105b9.jpg,new_whale w_816d344 w_4ebeafb w_6c803bf w_d51a79f
0ad31362.jpg,new_whale w_8397970 w_70e49bc w_1e45a47 w_cfe35d4
0ad39a95.jpg,new_whale w_93dcf76 w_a20c1e5 w_847088b w_3ca387d
0ad6a313.jpg,new_whale w_6202983 w_9ea2cc3 w_987a36f w_c2c4f43
0ade17ea.jpg,new_whale w_dd086b2 w_c74ab24 w_7e8b270 w_4848a3c
0adfe92f.jpg,new_whale w_1eafe46 w_6202983 w_17e8554 w_e94d02c
0adfec36.jpg,new_whale w_7895123 w_44f0fa2 w_6418af0 w_67de30b
0ae1a68a.jpg,new_whale w_9b401eb w_1287fbc w_e73d83c w_13c6b6b
0ae413b1.jpg,new_whale w_c0323f5 w_02c9470 w_99ad599 w_d3c8520
0ae759c5.jpg,new_whale w_66c1b54 w_8cd3036 w_43be268 w_6232813
0aeb2f91.jpg,new_whale w_19ca2c6 w_147b62b w_17e8554 w_b7d5069
0aecfa90.jpg,new_whale w_fbce8b4 w_60eba40 w_e24a84d w_82dabf6
0af00896.jpg,new_whale w_640f91d w_cd1f1ed w_7b035cc w_d96a0cd
0af23ee7.jpg,new_whale w_6635a97 w_511c464 w_64f3545 w_e63fbbe
0af36ed5.jpg,new_whale w_10bea88 w_c13b4e6 w_73cbacd w_5966fff
0afa324d.jpg,new_whale w_2071a4c w_c622a3f w_7946258 w_f0d8be1
0afda9fe.jpg,new_whale w_5624f08 w_1539fee w_685466f w_6f40f26
0b032c44.jpg,new_whale w_1904e8c w_0d39a68 w_e73d83c w_fc433f7
0b07b3fe.jpg,new_whale w_cf82352 w_fe5e78b w_3b99025 w_9c5ed68
0b08b4ad.jpg,new_whale w_a01d903 w_74adf0b w_1632307 w_d141590
0b0c9a4f.jpg,new_whale w_f7a0fd7 w_2f54c3c w_7852bd1 w_86b3f04
0b140b48.jpg,new_whale w_ab2d17a w_7394d75 w_5a25156 w_06b6f60
0b1666a7.jpg,new_whale w_e53334f w_a3abc56 w_fce6ab2 w_fae3939
0b1fa76a.jpg,new_whale w_03b5e9a w_c128384 w_d3c8520 w_dd52cfc
0b247860.jpg,new_whale w_47f29cd w_45b90d9 w_cece268 w_33f5747
0b2571ae.jpg,new_whale w_9ca943b w_b7d5069 w_eac205a w_dbd28fa
0b27fd1d.jpg,new_whale w_a400ddd w_e430ce0 w_9e1e278 w_b7d5069
0b2ce2cf.jpg,new_whale w_ee9c4d7 w_715d152 w_3166a4d w_43be268
0b2df48f.jpg,new_whale w_82c9c67 w_76390b4 w_2b8e175 w_ace8c54
0b31d9b7.jpg,new_whale w_d663f4f w_a24f581 w_0e737d0 w_b7d5069
0b35e7c3.jpg,new_whale w_ab6db0f w_11adaae w_f81c626 w_a7d4668
0b36d18d.jpg,new_whale w_7b035cc w_18eee6e w_f2e9055 w_4855bd3
0b40b82e.jpg,new_whale w_8c1ec28 w_e375961 w_392bee3 w_f18df18
0b40dd6f.jpg,new_whale w_193b7e3 w_54fc5b3 w_31446aa w_392bee3
0b47034d.jpg,new_whale w_4b7b80b w_2f89dfe w_c8bf168 w_73bed18
0b4b540a.jpg,new_whale w_e62b5d8 w_a687e28 w_e0f1df1 w_dfbfe10
0b4c3f7b.jpg,new_whale w_c9e1cdc w_6c803bf w_9dc6e7f w_731e3aa
0b4d27fe.jpg,new_whale w_8044362 w_1eafe46 w_0e737d0 w_2071a4c
0b4f88b4.jpg,new_whale w_11138db w_18eee6e w_d9adb4f w_0b04c08
0b530a86.jpg,new_whale w_9ba06bb w_74de378 w_06dbe6b w_1a9a38e
0b557960.jpg,new_whale w_932c8cd w_49bbc79 w_987a36f w_1a70685
0b567249.jpg,new_whale w_ad370e1 w_3ca387d w_38e4aae w_73e5530
0b651283.jpg,new_whale w_bc18612 w_5624f08 w_56bbc91 w_67de30b
0b665c6f.jpg,new_whale w_cd88a48 w_30f095d w_f18df18 w_d434526
0b777f25.jpg,new_whale w_33c3ce1 w_eb0a6ed w_86b3f04 w_c4f3619
0b7a6487.jpg,new_whale w_1596a47 w_acff672 w_eb8429c w_43eea34
0b7cab35.jpg,new_whale w_c2c4f43 w_b6886e5 w_8c1ec28 w_6f2de72
0b8448c8.jpg,new_whale w_a048f26 w_fcfcf68 w_6df35bf w_54fc5b3
0b85da95.jpg,new_whale w_3af4e73 w_0e737d0 w_3ed4763 w_877e56e
0b8cc310.jpg,new_whale w_654a5bb w_361e290 w_22bb9b3 w_1eafe46
0b932fb0.jpg,new_whale w_c55c9cd w_6202983 w_d663f4f w_17e8554
0b93669d.jpg,new_whale w_8d46cef w_fd1cb9d w_32a920b w_f790728
0b98e0c6.jpg,new_whale w_ea96346 w_64f3545 w_dd52cfc w_8a816b1
0b9f6c8c.jpg,new_whale w_06ff732 w_0f96780 w_0aae8c1 w_8397970
0ba30afe.jpg,new_whale w_e61dd6d w_cf24f84 w_d88328d w_f21f2ec
0baa8f77.jpg,new_whale w_2658649 w_45b90d9 w_aa64cc1 w_3136deb
0bab5849.jpg,new_whale w_ceffa10 w_cd70e8b w_78999a6 w_6a2328a
0bae405f.jpg,new_whale w_7cca153 w_fd1cb9d w_7554f44 w_ff1b64c
0bb45435.jpg,new_whale w_4ebeafb w_0fce9a3 w_43be268 w_654a5bb
0bbb0849.jpg,new_whale w_b0e05b1 w_49308df w_eb0a6ed w_5a6d315
0bbf5390.jpg,new_whale w_853c1f7 w_060bdf2 w_530f87b w_18a854b
0bcae8db.jpg,new_whale w_cce912e w_b066aa6 w_7b035cc w_43be268
0bcbc4f5.jpg,new_whale w_d3ef4b2 w_1a4f16e w_60d8778 w_0b04c08
0bccef7f.jpg,new_whale w_ee24bac w_693c9ee w_8ba2066 w_b7d5069
0bd025e9.jpg,new_whale w_011d4b5 w_b7d5069 w_3d4900b w_68fb716
0be08bdf.jpg,new_whale w_0bbb3de w_d663f4f w_f22f3e3 w_e17c752
0be1d1f2.jpg,new_whale w_3d4900b w_293b5e4 w_2039053 w_4e52a49
0be3c882.jpg,new_whale w_9577f88 w_e09e886 w_f3b63ba w_6163581
0be97f49.jpg,new_whale w_6232813 w_2e872af w_43be268 w_4be373e
0be99d5d.jpg,new_whale w_bc5beaa w_7311fe4 w_a837660 w_490c8a0
0bed8cc9.jpg,new_whale w_3b016f0 w_ec02248 w_9d5f5cc w_d663f4f
0bf12fb8.jpg,new_whale w_9434f0c w_56f2b1e w_1272a31 w_9989964
0bf5a383.jpg,new_whale w_962164f w_24823e2 w_4be373e w_edf5f77
0bf9025a.jpg,new_whale w_a687e28 w_286ec5f w_ef6e6a9 w_b8f8e69
0bf96dea.jpg,new_whale w_80245ee w_73d5489 w_0e40867 w_813c5be
0bff4085.jpg,new_whale w_693c9ee w_f81e77a w_62f804d w_a2a1378
0c0d376e.jpg,new_whale w_17ee910 w_43be268 w_1287fbc w_5f2b407
0c1045b0.jpg,new_whale w_7554f44 w_3c4062e w_b9e00eb w_4fb3c95
0c152758.jpg,new_whale w_0fa8587 w_ca13d58 w_00fbb4e w_6503ccd
0c1a8257.jpg,new_whale w_8b15b96 w_b074cdf w_f19faeb w_9989964
0c1c1176.jpg,new_whale w_877e56e w_be3c0f5 w_4a81594 w_5d6786e
0c2186c1.jpg,new_whale w_b9cfdfe w_4c8cd1c w_797e546 w_e9ffbe9
0c23969e.jpg,new_whale w_18eee6e w_8c1e2e4 w_dfbfe10 w_0d39a68
0c38c858.jpg,new_whale w_02d5fad w_aa7e5f4 w_2870b33 w_b678944
0c38d69a.jpg,new_whale w_abe383e w_7af28d7 w_4404247 w_89e159a
0c3a148f.jpg,new_whale w_b0e05b1 w_9c61d57 w_661dacb w_67de30b
0c3b1052.jpg,new_whale w_3b0894d w_d382236 w_0d39a68 w_3de676c
0c4c34d6.jpg,new_whale w_76ebad6 w_fdf60bb w_ee948c6 w_1dd8e68
0c52a24a.jpg,new_whale w_b4d182b w_06972d2 w_c3aaa3a w_72dfe51
0c556bc9.jpg,new_whale w_050bdac w_62f804d w_49bbc79 w_12cdfbd
0c5b7610.jpg,new_whale w_6d7c852 w_987a36f w_94cd45e w_7ed3719
0c5c1622.jpg,new_whale w_7b770ec w_d19a884 w_d22af00 w_78f64d1
0c5cb45b.jpg,new_whale w_8c1e2e4 w_c8126db w_89e159a w_861cc1c
0c66e461.jpg,new_whale w_733f161 w_8ec2960 w_ebe0ad5 w_d141590
0c6c4018.jpg,new_whale w_3aa2073 w_8ddc642 w_73d5489 w_a8bc2bc
0c72ea14.jpg,new_whale w_1e1a051 w_6ee7470 w_b0e05b1 w_4b7b80b
0c77fb85.jpg,new_whale w_6249f5d w_56f2b1e w_8fd5636 w_295b96c
0c7edbcc.jpg,new_whale w_170bacc w_de3cab3 w_f801078 w_9d48bcf
0c7eff8e.jpg,new_whale w_badfc4b w_bbf20b4 w_cc504e7 w_8376b7e
0c8022ee.jpg,new_whale w_9577f88 w_b1d054c w_95874a5 w_b7ea0df
0c810e38.jpg,new_whale w_b081817 w_6d274b2 w_4133134 w_80171b9
0c816f81.jpg,new_whale w_1ec267f w_73d5489 w_3b483d3 w_25d7f93
0c89d1f6.jpg,new_whale w_66c1b54 w_43be268 w_3745f59 w_71e6583
0c925c96.jpg,new_whale w_1deadd7 w_20c671c w_441bd21 w_493c000
0c989d17.jpg,new_whale w_d4119a7 w_7b035cc w_0beef28 w_1ae1386
0cb0e0e9.jpg,new_whale w_c663985 w_b4732ef w_7c7a78c w_4af3e4e
0cb48be9.jpg,new_whale w_fa473e6 w_d141590 w_c4f3619 w_f5fd7ef
0cbcb49d.jpg,new_whale w_fd1cb9d w_479e3e5 w_01687a8 w_c4c8491
0cbd5aca.jpg,new_whale w_4b87cba w_309a2b3 w_f4e0748 w_92be3ca
0cbd80c1.jpg,new_whale w_20ba84b w_dd90e0a w_17964ef w_acc67ea
0cbe41f5.jpg,new_whale w_19f0b15 w_fd1cb9d w_76387b4 w_2c46a73
0cbf4f8a.jpg,new_whale w_9b401eb w_b942708 w_da63cba w_13c6b6b
0cc4e89f.jpg,new_whale w_9122179 w_dce3192 w_f86488a w_3b0894d
0cca03c3.jpg,new_whale w_7b035cc w_8601045 w_4ebeafb w_da2efe0
0ccd067b.jpg,new_whale w_de3cab3 w_0324b97 w_430849b w_fe87f0a
0ccf408f.jpg,new_whale w_f803b29 w_5dbe64d w_32a920b w_dfbfe10
0cd3fa41.jpg,new_whale w_7f40920 w_43be268 w_98baff9 w_62f804d
0cd99488.jpg,new_whale w_9771603 w_987a36f w_f4fc8cc w_4a43c71
0cdb8ca2.jpg,new_whale w_1a70685 w_11adaae w_212b985 w_9ec358c
0cddff0c.jpg,new_whale w_33c3ce1 w_1dd8e68 w_1917275 w_2b443f8
0ce32a2b.jpg,new_whale w_fce6ab2 w_a3abc56 w_573eb8f w_ea6651e
0ce87cea.jpg,new_whale w_cfe35d4 w_c39fceb w_18eee6e w_67de30b
0cf5bd65.jpg,new_whale w_affc813 w_1deadd7 w_4d4bd72 w_b688397
0d09a6d4.jpg,new_whale w_7a3a328 w_b6ed5d2 w_f115d53 w_cd02407
0d0c12d2.jpg,new_whale w_861cc1c w_22bcbd6 w_fbcb6e4 w_00cb685
0d1866d3.jpg,new_whale w_dfbfe10 w_3461d6d w_18eee6e w_3cc4e90
0d1cf023.jpg,new_whale w_b0e05b1 w_cae7677 w_f0f0dbb w_a526492
0d1ddae8.jpg,new_whale w_ddf14ae w_b0e05b1 w_dbc392b w_98baff9
0d1e1cf4.jpg,new_whale w_f1a4389 w_99c07e8 w_f3db3f1 w_6c23fcc
0d22c8c3.jpg,new_whale w_98b57a1 w_073f071 w_8d83172 w_6232813
0d25c64a.jpg,new_whale w_cef690d w_b074cdf w_11c504f w_4b7b80b
0d284201.jpg,new_whale w_3fc3d07 w_92585eb w_a8335f2 w_f83b1f9
0d29b7d6.jpg,new_whale w_ca8bfb4 w_8717ef3 w_e57b3ce w_159f36b
0d3b6ce1.jpg,new_whale w_7b0fb1d w_c39c56e w_1306632 w_44cb3ee
0d40929e.jpg,new_whale w_98baff9 w_8fab53d w_ddf14ae w_6c9aa21
0d447a88.jpg,new_whale w_cc504e7 w_3947b78 w_3c0bbac w_f6fb689
0d44b3a3.jpg,new_whale w_87050a3 w_d141590 w_c11932e w_95aad92
0d463898.jpg,new_whale w_8c1ec28 w_5cb5e65 w_a7d4668 w_cf3c233
0d4875fb.jpg,new_whale w_d141590 w_8f1aa27 w_1698c29 w_73cbacd
0d48ce44.jpg,new_whale w_57c14db w_20f86e1 w_285da1a w_3a78626
0d4ca8ca.jpg,new_whale w_9ec358c w_2c75202 w_18eee6e w_17e8554
0d587fa3.jpg,new_whale w_41ed8e8 w_b0e05b1 w_434ad6a w_4b95330
0d59e1de.jpg,new_whale w_8717ef3 w_0103030 w_c3ff6f2 w_b4eeae6
0d5ccab8.jpg,new_whale w_32602d9 w_c95a0ea w_8242022 w_6232813
0d731f82.jpg,new_whale w_8fab53d w_73e1d5b w_0740d28 w_2a9727c
0d74f3d8.jpg,new_whale w_ed8a846 w_09c1e0b w_ab4cae2 w_fe054f3
0d78b11d.jpg,new_whale w_389c788 w_0e9f6d9 w_b5383b5 w_77e1d3f
0d80ae6d.jpg,new_whale w_248af0b w_33b9360 w_3af4e73 w_932c8cd
0d857529.jpg,new_whale w_36ac97f w_7ed0d17 w_7bf3a5c w_b9c9129
0d86f408.jpg,new_whale w_1eafe46 w_a3c6ed0 w_1dff010 w_67de30b
0d87734d.jpg,new_whale w_1eafe46 w_693c9ee w_9875c12 w_6202983
0d88e16a.jpg,new_whale w_6710cf8 w_3c7b2e6 w_987a36f w_7a2dfd7
0d8ab7fd.jpg,new_whale w_38e4aae w_5f7c402 w_3e1ba5b w_db2baec
0d8baefe.jpg,new_whale w_a846944 w_d6a6360 w_7c979d9 w_c0d494d
0d8cea7a.jpg,new_whale w_11adaae w_773509f w_853c1f7 w_fba3bde
0d8e2ba4.jpg,new_whale w_777f59a w_e45da8c w_6ec850b w_3e1bdd0
0d8e37b4.jpg,new_whale w_143b201 w_e64c9a6 w_fb2c3fb w_c4f3619
0d93a079.jpg,new_whale w_aa9b995 w_d0e5d1d w_853c1f7 w_a59905f
0d98eda4.jpg,new_whale w_b6d09e6 w_0e737d0 w_a59905f w_9875c12
0d9bada3.jpg,new_whale w_2d25d1f w_62f804d w_89e159a w_82e0d98
0da2fdad.jpg,new_whale w_685466f w_6865ccb w_1a70685 w_656afeb
0da36c22.jpg,new_whale w_212b985 w_656afeb w_4404247 w_28ce17c
0da39631.jpg,new_whale w_1dc6d62 w_861cc1c w_60d8778 w_70b9e55
0da4f558.jpg,new_whale w_67de30b w_ad32646 w_fba3bde w_4659acf
0da99e00.jpg,new_whale w_f81c626 w_6f580eb w_3cf3853 w_8dddd45
0dabea5d.jpg,new_whale w_fe6617a w_7e8b270 w_dbda0d6 w_eb0a6ed
0db1b173.jpg,new_whale w_3461d6d w_62f804d w_92be3ca w_b9c9129
0db26be8.jpg,new_whale w_eeb5fa7 w_d7de1ee w_8044362 w_2dae424
0db2fac7.jpg,new_whale w_9151503 w_964c1b3 w_a646643 w_2f54c3c
0db6eca7.jpg,new_whale w_f3bd33a w_d382236 w_73e5530 w_3b0894d
0db93859.jpg,new_whale w_adc6e1b w_18eee6e w_41afa58 w_f2e9055
0dbf50e7.jpg,new_whale w_7763134 w_2855124 w_993d66c w_39c7462
0dc1225d.jpg,new_whale w_98baff9 w_97f5054 w_73b705e w_b6689cc
0dc1fc88.jpg,new_whale w_338b130 w_3e6a161 w_e4e6f5b w_ec853f1
0dc88d85.jpg,new_whale w_e4f1fcc w_fd6f24f w_7d19608 w_8459e39
0dc92821.jpg,new_whale w_4d358e5 w_dc81791 w_f3f84d7 w_24a2923
0dcfb467.jpg,new_whale w_d6df554 w_5c0e858 w_f6b952e w_4c9d3df
0dd686ae.jpg,new_whale w_8740039 w_e2920e1 w_7aaa569 w_d10472d
0ddc742a.jpg,new_whale w_2832e90 w_73d5489 w_886257d w_ace8c54
0de5bbc0.jpg,new_whale w_cff28c4 w_5557280 w_9ea2cc3 w_02facde
0de7c350.jpg,new_whale w_636638f w_e1f55ad w_9411f86 w_8a31e6c
0dec0bf5.jpg,new_whale w_ac69cf7 w_4a4546c w_03c84ef w_02facde
0defda95.jpg,new_whale w_6d17527 w_70e49bc w_ead305f w_8158b1f
0df04b63.jpg,new_whale w_ff1b64c w_d36f58c w_1eafe46 w_67fecca
0df2de5e.jpg,new_whale w_d6f3d24 w_449a34e w_fd1cb9d w_64f3545
0dfeda35.jpg,new_whale w_8fab53d w_5f50b5e w_654a5bb w_a074c7e
0e04bd2f.jpg,new_whale w_aa3d7b8 w_18eee6e w_16d1b32 w_4a1e58b
0e0ec0ae.jpg,new_whale w_6545984 w_6d17527 w_2e4fecc w_7554f44
0e0ec80c.jpg,new_whale w_8c1ec28 w_1eff98a w_b932b22 w_3549f7a
0e103f8c.jpg,new_whale w_09f9fd3 w_eb39613 w_5ba417d w_bf38f05
0e137ee8.jpg,new_whale w_361e290 w_c0d494d w_73b705e w_5b99089
0e13d64e.jpg,new_whale w_89d9c03 w_8c1e2e4 w_c0d494d w_73b705e
0e15e587.jpg,new_whale w_53baa9b w_2b28681 w_bcf23a8 w_4c25641
0e19b986.jpg,new_whale w_d428980 w_1af5d59 w_0869575 w_2f6a962
0e1f0a1b.jpg,new_whale w_37223f9 w_eff7e35 w_90201e3 w_73d5489
0e281220.jpg,new_whale w_5c07f42 w_3af4e73 w_ab161f7 w_7538a4c
0e299417.jpg,new_whale w_e603cc5 w_2fd73d9 w_ca54a51 w_8867074
0e29faa0.jpg,new_whale w_df092eb w_d7d60f9 w_38158d6 w_3297a52
0e2ad534.jpg,new_whale w_e594616 w_655efb0 w_ed07d84 w_fa32440
0e2b4b46.jpg,new_whale w_7554f44 w_87050a3 w_b9e00eb w_b0e05b1
0e31ef4b.jpg,new_whale w_f714476 w_1431f4b w_c0d494d w_eb39613
0e4126e4.jpg,new_whale w_1d53d9c w_d7ddf9c w_79b42cd w_b329c00
0e41e750.jpg,new_whale w_469f571 w_993d66c w_a2a1378 w_15928c6
0e561e2c.jpg,new_whale w_43be268 w_654a5bb w_4790f64 w_a38fee3
0e574f81.jpg,new_whale w_38e4aae w_f21f2ec w_c133ea8 w_aae82f8
0e6430bb.jpg,new_whale w_2dae424 w_65428d9 w_71c7322 w_faa4239
0e6bcd7e.jpg,new_whale w_3d3c0f9 w_7311fe4 w_ffb4e3d w_540fd73
0e70e424.jpg,new_whale w_01a4234 w_06dbe6b w_d2be6cc w_8b56cb1
0e742427.jpg,new_whale w_99ad599 w_a01d903 w_e10dff3 w_19e8a2d
0e7c6f7c.jpg,new_whale w_7c943ab w_67f61c7 w_18eee6e w_b8dff40
0e7cdf7c.jpg,new_whale w_38954da w_8c1dab2 w_fd1cb9d w_7b035cc
0e7e5939.jpg,new_whale w_fd1cb9d w_398aa7f w_43966a3 w_8d46cef
0e85d8b4.jpg,new_whale w_98baff9 w_4759be5 w_0e737d0 w_06dbe6b
0e899cd7.jpg,new_whale w_b96d4e0 w_dc89c4c w_0e737d0 w_743209a
0e8e84c2.jpg,new_whale w_5c62a56 w_17411dd w_83df8d5 w_19e8a2d
0e90fb0c.jpg,new_whale w_b4369cc w_bf8c3d2 w_9ceb05d w_fe49bc4
0e95f2e8.jpg,new_whale w_7311fe4 w_d36f58c w_b4732ef w_392bee3
0e971257.jpg,new_whale w_ef52dd3 w_0c8a724 w_8fd5636 w_22fa4ad
0e987496.jpg,new_whale w_44cccf6 w_8d83172 w_5b672ea w_516bedb
0e9bfadd.jpg,new_whale w_5dd4772 w_b729b1f w_7db10cc w_f02bf23
0e9d9271.jpg,new_whale w_c0f3e88 w_4c9d3df w_43be268 w_dc7c5a0
0e9fccf1.jpg,new_whale w_b074cdf w_4cff2f8 w_b618751 w_f51b4bc
0ea2bb36.jpg,new_whale w_0ead9d7 w_6992521 w_964ce09 w_5c62a56
0eadc3e6.jpg,new_whale w_1606afc w_98baff9 w_54c00ad w_60eba40
0eb3bb74.jpg,new_whale w_5f82501 w_7b442c4 w_8d88c82 w_8044362
0eba67fa.jpg,new_whale w_403f92f w_c2474a2 w_5fc5ea5 w_fae3939
0ec3af86.jpg,new_whale w_b9e00eb w_4f248f3 w_8ba2066 w_c9dc73e
0ec7c569.jpg,new_whale w_559ce61 w_cf24f84 w_685466f w_1dff010
0eca7ad5.jpg,new_whale w_5d06bc3 w_4b7b80b w_1eafe46 w_8716ad9
0ece0675.jpg,new_whale w_ee17a08 w_7311fe4 w_eb47189 w_b7d5069
0ecfc3c4.jpg,new_whale w_b96d4e0 w_ab4cae2 w_d52bc74 w_883557a
0ed10f63.jpg,new_whale w_0e4f53c w_f0f0dbb w_f014da3 w_f0af1f8
0ed18f65.jpg,new_whale w_09f9fd3 w_d708c5a w_c74ab24 w_143b201
0ed4b2f4.jpg,new_whale w_9e1e818 w_9ca943b w_d88328d w_d8f848c
0edad302.jpg,new_whale w_8e4abc9 w_73d5489 w_bb388ca w_b0e05b1
0eee4365.jpg,new_whale w_b0aed4a w_d02787f w_e4d3ec3 w_a524549
0efba686.jpg,new_whale w_d3ce445 w_17dc953 w_8c1e2e4 w_096bc48
0efd91bb.jpg,new_whale w_797e546 w_d3c8520 w_f0af1f8 w_e9ffbe9
0f089a62.jpg,new_whale w_434ad6a w_a5a13d0 w_7c943ab w_8963cff
0f0b6e30.jpg,new_whale w_fe19618 w_d465e44 w_43be268 w_a14ccaa
0f0c3706.jpg,new_whale w_db93738 w_f0fc693 w_4791b4c w_2196938
0f0cf14f.jpg,new_whale w_dcd7a1d w_6e8486d w_18eee6e w_338d945
0f10a919.jpg,new_whale w_9434f0c w_e826a6f w_f19faeb w_5436d75
0f12a3a6.jpg,new_whale w_19c005a w_b5383b5 w_addcafa w_43be268
0f163261.jpg,new_whale w_2dae424 w_7554f44 w_4fb3c95 w_861cc1c
0f1b6af2.jpg,new_whale w_2811cea w_296749b w_67de30b w_aa9b995
0f1c1584.jpg,new_whale w_ee17a08 w_b1a8107 w_900fab7 w_721d2e9
0f1db116.jpg,new_whale w_351a1e1 w_4e52a49 w_f86488a w_eb47189
0f201751.jpg,new_whale w_11adaae w_be9bf14 w_ead305f w_2f6a962
0f3183e8.jpg,new_whale w_fb4d1f1 w_03c6d18 w_9ceb05d w_4b7b80b
0f31c6b1.jpg,new_whale w_19e5d10 w_fce6ab2 w_75e6bf3 w_4759be5
0f332fd0.jpg,new_whale w_837646b w_4b95330 w_5f50b5e w_3f91e04
0f333ad3.jpg,new_whale w_7e8b270 w_0c6dbbe w_156c0db w_b678944
0f3925a1.jpg,new_whale w_c3d523d w_b7d5069 w_0869575 w_a866824
0f3d5c5c.jpg,new_whale w_414c24a w_93dcf76 w_339c8ae w_60759c2
0f418bd3.jpg,new_whale w_31d3999 w_03dc41c w_4f103de w_83f0b3f
0f4aea1c.jpg,new_whale w_02c9470 w_29670e2 w_8c605d2 w_7aaa569
0f4ca14f.jpg,new_whale w_62f804d w_7b035cc w_67de30b w_8b56cb1
0f4f22c2.jpg,new_whale w_f7bf28d w_a21cc97 w_1eafe46 w_7586198
0f50ace1.jpg,new_whale w_fdcfcea w_402784d w_b9f5b8b w_9c61d57
0f54d89f.jpg,new_whale w_2f283f3 w_a22afc6 w_3cf3853 w_63db6f9
0f5684f7.jpg,new_whale w_dfec7a3 w_3fffc61 w_63db6f9 w_41afa58
0f682de9.jpg,new_whale w_d141590 w_367b996 w_6f211a9 w_45e8ea5
0f6c1c30.jpg,new_whale w_b95307d w_3b0894d w_b942708 w_6a78025
0f6c9795.jpg,new_whale w_5966fff w_0bbb3de w_a85a3c9 w_26f9f95
0f6f3950.jpg,new_whale w_cbedcb0 w_97f5054 w_966e86e w_cc759cd
0f71c145.jpg,new_whale w_e282300 w_ec87420 w_02c9470 w_7440549
0f720377.jpg,new_whale w_8e3ebeb w_243e33e w_deb33de w_095f58d
0f7683cc.jpg,new_whale w_e7e6ef2 w_62ca7c8 w_7214e98 w_c708776
0f88da84.jpg,new_whale w_41afa58 w_f81c626 w_6f2c662 w_9ceb05d
0f8c3b98.jpg,new_whale w_d2be6cc w_18eee6e w_8b56cb1 w_9ec358c
0f8f24ba.jpg,new_whale w_e02fe7b w_06972d2 w_d663f4f w_43be268
0f958238.jpg,new_whale w_060bdf2 w_9ceb05d w_0de84f0 w_fba3bde
0f9856b9.jpg,new_whale w_da64f8d w_6e7262e w_1875b28 w_94e1ed4
0f9dbe1c.jpg,new_whale w_8e4abc9 w_a646643 w_f8e6546 w_de20ab0
0fa2ff1e.jpg,new_whale w_3674103 w_ab4cae2 w_98baff9 w_f19faeb
0fa44b90.jpg,new_whale w_4378542 w_5f9508d w_816d344 w_4ebeafb
0fa4959a.jpg,new_whale w_3745f59 w_efebfe8 w_1c32062 w_7c943ab
0fa7e5e5.jpg,new_whale w_fd1cb9d w_9e1e818 w_b7d5069 w_b7f2cde
0fa97b79.jpg,new_whale w_cd38536 w_cce0444 w_4b7b80b w_40323ac
0fb4822b.jpg,new_whale w_136337c w_47d2bc6 w_f19faeb w_b074cdf
0fb59390.jpg,new_whale w_0caa554 w_f546b0a w_94cd45e w_62f804d
0fb5e075.jpg,new_whale w_d9adb4f w_93bf889 w_540fd73 w_43be268
0fb77e76.jpg,new_whale w_5d6786e w_5fcee47 w_3b5403b w_9ca943b
0fbb23bf.jpg,new_whale w_6af9dd7 w_fd1cb9d w_86113c4 w_09d7946
0fbd6983.jpg,new_whale w_4e505cc w_ca8bfb4 w_c1e8594 w_5be8e63
0fca2e99.jpg,new_whale w_0a97a25 w_bc3fd54 w_2725793 w_dd8299b
0fcaf3df.jpg,new_whale w_0827d51 w_d59cb45 w_c63fdb6 w_e8778ce
0fd14dfd.jpg,new_whale w_91b7c58 w_f8e6546 w_367b996 w_c4f3619
0fd4eb6a.jpg,new_whale w_67de30b w_5e43abb w_a91b997 w_59eb8ae
0fd567d5.jpg,new_whale w_b942708 w_a57351c w_b96d4e0 w_fe6f08d
0fdf1ece.jpg,new_whale w_b890652 w_414f402 w_c27d036 w_f438375
0fe297c2.jpg,new_whale w_06dbe6b w_3af4e73 w_0e737d0 w_4b7b80b
0fe322ec.jpg,new_whale w_5f54bf3 w_cb6a206 w_3eaef21 w_1a229eb
0fe65e6e.jpg,new_whale w_326e389 w_76ebad6 w_83cd92b w_578a509
0fea7ffb.jpg,new_whale w_e3b236d w_3e1ba5b w_2bea4c4 w_facffea
0feb37c0.jpg,new_whale w_badfc4b w_3d66298 w_4e7fc3e w_92c7ace
0feca683.jpg,new_whale w_0a2af22 w_b942708 w_1287fbc w_a18d0dc
0ff1679a.jpg,new_whale w_5f5ef4e w_ace8c54 w_dc89c4c w_307065e
0ffa069b.jpg,new_whale w_d47e2e3 w_1eafe46 w_9b401eb w_3172910
10006d71.jpg,new_whale w_ac05864 w_743209a w_b96d4e0 w_3050553
1011452b.jpg,new_whale w_d88328d w_ca5abbb w_06dbe6b w_18eee6e
10128953.jpg,new_whale w_1e3ce01 w_f81c626 w_98baff9 w_6c803bf
10152392.jpg,new_whale w_5ba417d w_1489751 w_09f9fd3 w_ee948c6
102063ff.jpg,new_whale w_e594616 w_b942708 w_ed07d84 w_1287fbc
10263e04.jpg,new_whale w_b4d182b w_693c9ee w_ab4cae2 w_3674103
1026d4ce.jpg,new_whale w_2039053 w_e6d0696 w_64f3545 w_3d66298
10273aaa.jpg,new_whale w_2071a4c w_654a5bb w_e63fbbe w_48dd419
102a0426.jpg,new_whale w_c128384 w_989fbbb w_17e592c w_0e4f53c
102ded5a.jpg,new_whale w_d9aab0a w_c9e1cdc w_7e8b270 w_662a132
103083e9.jpg,new_whale w_9ceb05d w_569c2c7 w_0ffc383 w_109fd25
10371163.jpg,new_whale w_25d7f93 w_fe49bc4 w_67de30b w_4c9d3df
103ac098.jpg,new_whale w_1596a47 w_3dc5e74 w_479e3e5 w_979dc10
10437f7f.jpg,new_whale w_43be268 w_7c7a78c w_fe49bc4 w_1eafe46
104ea430.jpg,new_whale w_232e5bd w_0b3f313 w_bd61ca9 w_d382236
105d079b.jpg,new_whale w_2af3059 w_1894a1c w_8069cbb w_ac05864
105f6623.jpg,new_whale w_2bba8c8 w_8db45b7 w_613723e w_c58b474
1061ba94.jpg,new_whale w_654a5bb w_e02fe7b w_c0d494d w_6202983
1066917f.jpg,new_whale w_02facde w_b9e00eb w_b0e05b1 w_1703ee5
1066e573.jpg,new_whale w_b7d5069 w_07e92ee w_86b9dfd w_e4616da
106aa440.jpg,new_whale w_9a8f43f w_c0560ac w_43be268 w_b7d5069
106cda71.jpg,new_whale w_b4732ef w_cb7b682 w_b066aa6 w_59eb8ae
107234c0.jpg,new_whale w_654a5bb w_861cc1c w_abe383e w_67de30b
10726add.jpg,new_whale w_3449e4f w_8e451d9 w_70a31ce w_0475042
107c67d9.jpg,new_whale w_5fc5ea5 w_303518a w_ff1b64c w_403f92f
107d3a50.jpg,new_whale w_ad512ec w_ca8bfb4 w_eb0a6ed w_7307089
107e5ec2.jpg,new_whale w_09d7946 w_6ec850b w_bbad9a2 w_4fd48e7
107fbca3.jpg,new_whale w_552a16e w_ef7755e w_33fc58d w_e61dd6d
1082043a.jpg,new_whale w_540fd73 w_ff7630a w_66c1b54 w_cd88a48
1083ec95.jpg,new_whale w_cb5ea24 w_b95307d w_28ce17c w_e4c7fac
10846215.jpg,new_whale w_6d05f7f w_95874a5 w_c708dc7 w_8f1aa27
1091c1d2.jpg,new_whale w_b1acbb9 w_4fd48e7 w_511c464 w_6232813
109a4eb7.jpg,new_whale w_db0ad01 w_193b7e3 w_4fd48e7 w_6badfcf
109f752b.jpg,new_whale w_bf38f05 w_f792125 w_fa32440 w_67fecca
10a0d727.jpg,new_whale w_17ee910 w_1287fbc w_c0d494d w_bb2d34d
10a8f646.jpg,new_whale w_c0d494d w_2f283f3 w_1e3ce01 w_68820e8
10aad456.jpg,new_whale w_656ef35 w_6a78025 w_8397970 w_e09e886
10af883e.jpg,new_whale w_6611a71 w_91572bb w_9ca943b w_9b401eb
10afaf76.jpg,new_whale w_3d1c2ef w_31d3999 w_79b42cd w_5126776
10b0ed93.jpg,new_whale w_c774326 w_60c5e7e w_b4151b7 w_9548fcf
10b4fa4d.jpg,new_whale w_ee17a08 w_e5edb40 w_4e52a49 w_9ca943b
10b51090.jpg,new_whale w_ad512ec w_12c3d3d w_fd628f1 w_4791b4c
10b7ef57.jpg,new_whale w_6f2de72 w_c3d523d w_f6fb689 w_cf092f5
10bbd92f.jpg,new_whale w_ebff750 w_c241e72 w_0df2bde w_ff2ca5c
10bce90b.jpg,new_whale w_26edeb8 w_fd1cb9d w_4a1e58b w_8d46cef
10be966f.jpg,new_whale w_8861715 w_711aaa1 w_67de30b w_7c7a78c
10cb31da.jpg,new_whale w_65c80dd w_4f6fabd w_7b035cc w_3ac13d2
10ccc6d3.jpg,new_whale w_dd76ce2 w_cad1a8d w_02c9470 w_17e592c
10cce9aa.jpg,new_whale w_80bae3a w_7234b3d w_e826a6f w_c9ba30c
10cdfe5d.jpg,new_whale w_3f5e7fc w_19e5d10 w_70715c1 w_93bf5f4
10cf893c.jpg,new_whale w_6163581 w_6dbb861 w_ca8bfb4 w_fdf60bb
10dcdf16.jpg,new_whale w_ae0ab55 w_c26b92a w_2f81b85 w_acff672
10e01f01.jpg,new_whale w_a155149 w_f546b0a w_1d53d9c w_1703ee5
10e126b4.jpg,new_whale w_b721e96 w_cece268 w_67de30b w_c06dd6e
10e6ef74.jpg,new_whale w_ace8c54 w_31fb9f0 w_3565288 w_cdc21df
10e9621f.jpg,new_whale w_fb72090 w_fce6ab2 w_f5771d1 w_7554f44
10edd168.jpg,new_whale w_6918155 w_014a645 w_e8ba2d8 w_f22f3e3
10f19dd5.jpg,new_whale w_a54e7c1 w_0a97a25 w_b7d5069 w_dfd7ee8
10f289c4.jpg,new_whale w_7c6ad05 w_4e7e512 w_b074cdf w_fce6ab2
10f2e55f.jpg,new_whale w_3f904cf w_73d5489 w_2b939eb w_303518a
10f5167f.jpg,new_whale w_08ddb50 w_0fa8587 w_c71bf0e w_c5f9e78
10f958ce.jpg,new_whale w_f6722e7 w_392bee3 w_9291cdf w_8f50a1f
10fc4341.jpg,new_whale w_4953ce7 w_44edba9 w_b1a4f29 w_0ead9d7
10fe7a4f.jpg,new_whale w_1eafe46 w_1e45a47 w_ad512ec w_eb0a6ed
11064d3a.jpg,new_whale w_f546b0a w_bb2d34d w_f6fb689 w_87e8446
110ee86b.jpg,new_whale w_d9aab0a w_2cdf820 w_3197568 w_cb7b682
112ae572.jpg,new_whale w_ad32646 w_b7f2cde w_b7d5069 w_fd1cb9d
112f3797.jpg,new_whale w_f6411ea w_d78513b w_8a3449f w_41fa033
113128e0.jpg,new_whale w_bc9dc37 w_5be8e63 w_2071a4c w_fe49bc4
1135131b.jpg,new_whale w_1489751 w_837646b w_ed32db9 w_b688397
113e0b61.jpg,new_whale w_ab6db0f w_a59905f w_53baa9b w_12f2352
113e7dfe.jpg,new_whale w_56bbc91 w_38e4aae w_2d99a0c w_b6689cc
113f4e44.jpg,new_whale w_592782d w_8a438a4 w_a254eb0 w_0df2bde
114384bb.jpg,new_whale w_59349ea w_5444df0 w_6f580eb w_bbd9409
11451b68.jpg,new_whale w_8b1d546 w_f63d8b0 w_7f5f0c9 w_993d66c
1147d91b.jpg,new_whale w_d141590 w_6f211a9 w_64783fe w_b8bfaf1
11495066.jpg,new_whale w_cae7677 w_1f10750 w_0b7cc25 w_1ec267f
114ffbd1.jpg,new_whale w_dbc392b w_96c6151 w_98baff9 w_823fcbb
1151d099.jpg,new_whale w_3326396 w_b6410bc w_156c0db w_8a816b1
11564659.jpg,new_whale w_19e5d10 w_bbad9a2 w_d67071c w_4fd48e7
115a91d5.jpg,new_whale w_9b67e87 w_18eee6e w_d2be6cc w_7bcc2d6
115d307a.jpg,new_whale w_31fb9f0 w_303518a w_de2ff33 w_72dfe51
115f9be3.jpg,new_whale w_38158d6 w_900fab7 w_576db5d w_0f96780
1163f1fc.jpg,new_whale w_c0d494d w_9b098ea w_693c9ee w_e02fe7b
116c46d8.jpg,new_whale w_4b7b80b w_44a6b62 w_cb38960 w_b074cdf
116f7f77.jpg,new_whale w_8b1cd49 w_b31d830 w_d8eae88 w_29eb3b2
1175254b.jpg,new_whale w_4be373e w_e449d3a w_3e57104 w_2e872af
11762b68.jpg,new_whale w_47f29cd w_3d187b5 w_65428d9 w_2f07b15
11773cdb.jpg,new_whale w_38efc2d w_8d46cef w_2d99a0c w_1c2fb13
117969a8.jpg,new_whale w_6547e12 w_8e3ebeb w_3f12226 w_4b7b80b
117e8c2c.jpg,new_whale w_5f7c402 w_fd1cb9d w_67de30b w_414f402
118571cf.jpg,new_whale w_ccc8e31 w_976a54b w_17ee910 w_9ec358c
11863943.jpg,new_whale w_a25d46c w_e41f2fa w_813c5be w_73d5489
118a681a.jpg,new_whale w_ae27ddc w_5010531 w_c207f9d w_589b830
1192108f.jpg,new_whale w_5ba417d w_09f9fd3 w_a1e017f w_9989964
11939933.jpg,new_whale w_6badfcf w_2e4fecc w_fc76ede w_5a1b758
119a6a10.jpg,new_whale w_d2be6cc w_18eee6e w_8b56cb1 w_9ec358c
119ac63d.jpg,new_whale w_f014da3 w_b066aa6 w_bf4880a w_0b0b7cc
11a5252c.jpg,new_whale w_1ac4c38 w_c94f464 w_7554f44 w_d428980
11a5f72a.jpg,new_whale w_64433af w_e449d3a w_7e8fb79 w_c3ff6f2
11b761ee.jpg,new_whale w_1743d93 w_516bedb w_6865ccb w_ea2385d
11ba0f75.jpg,new_whale w_44fc081 w_7e49f1e w_a5a13d0 w_559ce61
11cdf6a0.jpg,new_whale w_540fd73 w_9875c12 w_0e737d0 w_94e1ed4
11d64450.jpg,new_whale w_1ae1386 w_6af9dd7 w_d6815ff w_655bba3
11d837fb.jpg,new_whale w_211aa88 w_4ebeafb w_73e1d5b w_d4fa6f3
11d880cf.jpg,new_whale w_ee948c6 w_64783fe w_3aa2073 w_eb0a6ed
11e4ee09.jpg,new_whale w_773967d w_1ec267f w_73d5489 w_c11932e
11eb175d.jpg,new_whale w_fa32440 w_24e2654 w_c0d494d w_44f66a7
11f0de4f.jpg,new_whale w_569c2c7 w_0a97a25 w_3e1ccc9 w_fe19618
11f102ef.jpg,new_whale w_b0e05b1 w_12c3d3d w_54fc5b3 w_f68d0af
11f7e46f.jpg,new_whale w_b80a9c5 w_49bbc79 w_1a70685 w_f4e0748
11f838ff.jpg,new_whale w_703e39b w_00d8453 w_b4a223d w_f746a73
11f98a30.jpg,new_whale w_403f92f w_d663f4f w_8c1ec28 w_2669d75
11ffa611.jpg,new_whale w_4e52a49 w_43be268 w_73d5489 w_87050a3
1200cfb3.jpg,new_whale w_95aad92 w_fe424c3 w_c3684ba w_77ee0be
120952fc.jpg,new_whale w_43be268 w_c3d523d w_0a97a25 w_9875c12
12095c70.jpg,new_whale w_a66b2a5 w_fbcb6e4 w_41ed8e8 w_2957331
120b2a6c.jpg,new_whale w_3cc4e90 w_4fe4078 w_4b16688 w_2b28681
12126477.jpg,new_whale w_9cb529f w_d2be6cc w_3061bdd w_6c803bf
1213ad77.jpg,new_whale w_1310342 w_e2e56e9 w_18eee6e w_8d46cef
1213dd01.jpg,new_whale w_1911cbb w_e09d8cf w_44f0fa2 w_1af5d59
12153bf7.jpg,new_whale w_fab740d w_7554f44 w_b9e00eb w_23cd105
121a3fd8.jpg,new_whale w_03b5e9a w_0e4f53c w_73d5489 w_c11932e
121bf73f.jpg,new_whale w_e09e886 w_fe36b07 w_7311fe4 w_715c557
122a6d0b.jpg,new_whale w_ba17206 w_8044362 w_98baff9 w_40323ac
1236f7f4.jpg,new_whale w_c0d494d w_5b99089 w_73b705e w_97f5054
124151ea.jpg,new_whale w_eb7c39f w_2085f2e w_b922593 w_693c9ee
1241d48d.jpg,new_whale w_d89b29e w_1948625 w_16d1b32 w_6361632
1246c901.jpg,new_whale w_cc759cd w_e6d89c0 w_1029f4e w_43966a3
124be614.jpg,new_whale w_e4d3ec3 w_4be8a3e w_1b67a2e w_ed8a846
124d5155.jpg,new_whale w_7440549 w_e62b5d8 w_68fb716 w_67de30b
124f6956.jpg,new_whale w_f81c626 w_c94f464 w_b6886e5 w_06972d2
1259fcee.jpg,new_whale w_a62f211 w_a524549 w_e10dff3 w_bb2d34d
1260200d.jpg,new_whale w_d4fa6f3 w_f86488a w_fd1cb9d w_6d90f45
12612def.jpg,new_whale w_0ae998f w_fe49bc4 w_46b211d w_81df82e
12621af5.jpg,new_whale w_b9e00eb w_b074cdf w_c352046 w_b71d930
1266f2ea.jpg,new_whale w_432b162 w_59eb8ae w_516bedb w_2fe43c7
12694b31.jpg,new_whale w_56743d6 w_867c9e1 w_93bf5f4 w_705e0fb
12789b63.jpg,new_whale w_f115d53 w_36b6904 w_b04d4f1 w_73d5489
127c932a.jpg,new_whale w_1609b19 w_1489751 w_97e7648 w_a8f9a1e
1281321b.jpg,new_whale w_4a78bf2 w_6c803bf w_18eee6e w_49bbc79
129ef065.jpg,new_whale w_9ca943b w_4ebeafb w_ba39446 w_da2efe0
12a266a8.jpg,new_whale w_e6ec8ee w_d141590 w_4fd48e7 w_8cf18ac
12a41ed1.jpg,new_whale w_9ca943b w_2f6a962 w_fd07344 w_fe49bc4
12a56731.jpg,new_whale w_7f6ce8e w_f8e6546 w_0729511 w_f6fb689
12af79d5.jpg,new_whale w_4fd48e7 w_fe87f0a w_61e1076 w_a2564cf
12b6600c.jpg,new_whale w_d36f58c w_540fd73 w_a335e80 w_b4732ef
12b8312b.jpg,new_whale w_d4ab7ad w_6202983 w_e4616da w_78a6f56
12bd8eb9.jpg,new_whale w_a14ccaa w_db2baec w_655bba3 w_2ac83b0
12bef608.jpg,new_whale w_1eafe46 w_bbf20b4 w_6202983 w_d36f58c
12c5fa34.jpg,new_whale w_7c44934 w_4fa1bd5 w_95874a5 w_43be268
12cb1d8a.jpg,new_whale w_cd01afb w_f672e01 w_9caed77 w_07e92ee
12d7080a.jpg,new_whale w_4e52a49 w_7904cff w_17136dc w_e55a554
12d7126f.jpg,new_whale w_b074cdf w_d22af00 w_c10ffe9 w_6c803bf
12d9a68f.jpg,new_whale w_93dcf76 w_1632307 w_7c7a78c w_cf7eebd
12dbcc67.jpg,new_whale w_b0e05b1 w_8166c79 w_42f935c w_861cc1c
12dd5c97.jpg,new_whale w_6b03eb4 w_1dff010 w_773509f w_aae82f8
12dfbcc6.jpg,new_whale w_4e52a49 w_c133ea8 w_8f593d4 w_bb2d34d
12e45dcb.jpg,new_whale w_77607b5 w_1090920 w_9c383c8 w_1c69443
12eeb4fe.jpg,new_whale w_05567a9 w_b47a4a1 w_cae7677 w_d89b29e
12f2232b.jpg,new_whale w_1e45a47 w_1febbf3 w_ddbf533 w_91361f0
12f4c94e.jpg,new_whale w_1da7080 w_3947b78 w_96b8436 w_ebe0ad5
12f9c120.jpg,new_whale w_b0b275e w_3d66298 w_c027e4e w_2fe43c7
12f9e126.jpg,new_whale w_0e9f6d9 w_56bbc91 w_38e4aae w_b729b1f
12faa9fe.jpg,new_whale w_dbda0d6 w_5a2075e w_540fd73 w_861cc1c
1301044e.jpg,new_whale w_52c8684 w_893ccb4 w_7f867ec w_96c6151
1302cc35.jpg,new_whale w_9d83b4d w_6f2309d w_fb2c3fb w_97bc172
13048881.jpg,new_whale w_5fda054 w_993d66c w_13c6b6b w_a837660
13052ed8.jpg,new_whale w_e594616 w_e39dcea w_5f68f56 w_67de30b
13096e25.jpg,new_whale w_3197568 w_b9f5b8b w_92d390e w_c00534d
130a830b.jpg,new_whale w_ec79861 w_99ad599 w_37a7f78 w_0f8b515
1314ce5d.jpg,new_whale w_93bf889 w_d9adb4f w_aa16da4 w_fa32440
1319d945.jpg,new_whale w_bd1dbed w_4e54fac w_eac205a w_979a6ef
1325f339.jpg,new_whale w_e964ae8 w_74adf0b w_8f2fb79 w_dee1df3
132c0db6.jpg,new_whale w_f031837 w_5624f08 w_3b0894d w_42cc88d
132e6ceb.jpg,new_whale w_73b705e w_c0d494d w_1287fbc w_fba3bde
1332ffc0.jpg,new_whale w_65428d9 w_41f0a7e w_b70a0c4 w_c622a3f
1334fb99.jpg,new_whale w_4b7b80b w_98baff9 w_6202983 w_361e290
1338f2db.jpg,new_whale w_e80641a w_3d0bc7a w_c9e1cdc w_e61dd6d
133ab30b.jpg,new_whale w_9ca943b w_bbf20b4 w_6c899ff w_6af9dd7
133aefa1.jpg,new_whale w_f8e6546 w_ac87f37 w_2071a4c w_898bb9a
133c9f3f.jpg,new_whale w_43be268 w_50729c4 w_19ca2c6 w_1e3ce01
13428a0c.jpg,new_whale w_8861715 w_fd1cb9d w_19f7a8b w_43be268
134291c9.jpg,new_whale w_aeca19c w_c57623d w_0467840 w_70b4610
1343b5ca.jpg,new_whale w_e0f1df1 w_28fa29e w_38e4aae w_92c7ace
1344fb13.jpg,new_whale w_3326396 w_6d4dedc w_79071e8 w_3ae3603
13471aba.jpg,new_whale w_b074cdf w_3674103 w_98baff9 w_de2ff33
1347d67c.jpg,new_whale w_bf8c3d2 w_2863d51 w_e74980b w_2fe43c7
134d3460.jpg,new_whale w_8397970 w_70e49bc w_1e45a47 w_cfe35d4
13578d77.jpg,new_whale w_0654dd9 w_e41f2fa w_6cef37c w_c27d036
1357c319.jpg,new_whale w_d22af00 w_8c605d2 w_f178867 w_23526cb
135857c4.jpg,new_whale w_dd0c2e0 w_55c9a3b w_5297ab3 w_a25caa9
135a517d.jpg,new_whale w_c263d43 w_b688397 w_25d7f93 w_c2474a2
135c2f72.jpg,new_whale w_b066aa6 w_2c3f440 w_a254eb0 w_43be268
135daa55.jpg,new_whale w_1c69443 w_51969d2 w_1596a47 w_77607b5
135e5729.jpg,new_whale w_98baff9 w_693c9ee w_0e737d0 w_40323ac
135e66d5.jpg,new_whale w_1917275 w_8ddc642 w_f6722e7 w_2b443f8
1366e0df.jpg,new_whale w_4404247 w_511c464 w_865c2ba w_17ee910
1368a334.jpg,new_whale w_97982cf w_dbd2cff w_73b705e w_48dd419
1370374c.jpg,new_whale w_6e5b022 w_0ac9006 w_b9e00eb w_290f82b
13771cd8.jpg,new_whale w_0a97a25 w_e2bf793 w_b0e05b1 w_ff7630a
137d371d.jpg,new_whale w_67de30b w_17964ef w_934736d w_eec1133
137e7391.jpg,new_whale w_d4bc10d w_ebe0ad5 w_e548eb7 w_930bc39
13806485.jpg,new_whale w_da0b8b5 w_7895123 w_3b0894d w_2832e90
13838784.jpg,new_whale w_338b130 w_0e4f53c w_5fbef36 w_83df8d5
1383eab5.jpg,new_whale w_851a7f4 w_86b3f04 w_f9d27ad w_c1b685f
1385abe3.jpg,new_whale w_badfc4b w_92c7ace w_4e52a49 w_3d66298
13994b78.jpg,new_whale w_2d29ddd w_3694c7d w_0c6dbbe w_ee17a08
13997993.jpg,new_whale w_449a34e w_fd1cb9d w_38e4aae w_d6f3d24
139a1f79.jpg,new_whale w_57e8a80 w_4ec48a9 w_1911cbb w_ab4bd59
139b3e2f.jpg,new_whale w_0e737d0 w_ef99fe9 w_98f0e93 w_d9adb4f
139c7502.jpg,new_whale w_76d2cce w_e59294d w_8bdc211 w_50db782
139e00a9.jpg,new_whale w_9948a99 w_5817e08 w_7e8b270 w_851a7f4
13a35519.jpg,new_whale w_0a565c5 w_013bbcf w_ca5f17f w_7fe3551
13a5ced6.jpg,new_whale w_2a18a44 w_d3ef4b2 w_656afeb w_41ec10a
13ab414b.jpg,new_whale w_fb89186 w_70a31ce w_6503ccd w_c9dfa13
13abdc63.jpg,new_whale w_d249ed6 w_c9e1cdc w_639aed5 w_44cccf6
13acc9fa.jpg,new_whale w_7049d9f w_02bb4cf w_3039e7a w_fd1cb9d
13b6493e.jpg,new_whale w_9b098ea w_4fd48e7 w_abe383e w_ffcd98e
13bc5d66.jpg,new_whale w_9ceb05d w_66c1b54 w_4759df3 w_fd1cb9d
13c4c6a9.jpg,new_whale w_42f935c w_6202983 w_eb0a6ed w_883b284
13c67951.jpg,new_whale w_11d8e5a w_1a5beb9 w_a8e5d39 w_599d0df
13d620ad.jpg,new_whale w_654a5bb w_ee94c57 w_8d5ede1 w_48a5b86
13d81963.jpg,new_whale w_4ce0510 w_9875c12 w_17a0832 w_99ad599
13d89cea.jpg,new_whale w_06a6351 w_89d9c03 w_41ed8e8 w_9e1e818
13d93db5.jpg,new_whale w_90ec71a w_bcf23a8 w_307065e w_c9e1cdc
13db5b85.jpg,new_whale w_61d516e w_e6ced04 w_f544197 w_fa32440
13dc95b6.jpg,new_whale w_43be268 w_b9beaf5 w_cce912e w_01b2250
13dedeb0.jpg,new_whale w_ccca0db w_cd70e8b w_1a5beb9 w_c7b05e7
13e38ab5.jpg,new_whale w_d053be5 w_47d2bc6 w_11f6df1 w_16ad10e
13e3f10b.jpg,new_whale w_63db6f9 w_4659acf w_9cb529f w_2863d51
13e588bd.jpg,new_whale w_7324cf5 w_f0a4a2a w_c390258 w_f93d780
13ea6b29.jpg,new_whale w_e5250e9 w_98baff9 w_14ba846 w_c0cfd5b
13ec759f.jpg,new_whale w_9948a99 w_80b1c48 w_02c2248 w_b6efe77
13ec8be0.jpg,new_whale w_3f91e04 w_697c72e w_010a1fa w_f53deac
13f08215.jpg,new_whale w_9ceb05d w_37dd956 w_4759df3 w_0e737d0
13f3b883.jpg,new_whale w_19212f0 w_23d3b1c w_bd5cf0a w_6485cd4
13f44c41.jpg,new_whale w_8861715 w_3694c7d w_67de30b w_711aaa1
13f70599.jpg,new_whale w_affdf5d w_d9aab0a w_02d5fad w_932c8cd
13fc016d.jpg,new_whale w_992c775 w_f86488a w_ee9c4d7 w_2f6a962
14031d5d.jpg,new_whale w_5cc2285 w_1274a11 w_cd1f1ed w_abe383e
1404f523.jpg,new_whale w_6c803bf w_212b985 w_3d0bc7a w_c9111ac
140dce2d.jpg,new_whale w_fec6413 w_e59294d w_b2d937a w_3d3c0f9
1417e71e.jpg,new_whale w_dbc4dcc w_2f7753e w_0853262 w_78f2e92
1418b699.jpg,new_whale w_f19faeb w_7763134 w_790c2aa w_dee6441
1419d98c.jpg,new_whale w_8a2e496 w_ed8a846 w_1fd0d0e w_35063ed
141aec1f.jpg,new_whale w_7dee51b w_654a5bb w_3d66298 w_64f3545
141f5a44.jpg,new_whale w_f546b0a w_86b3f04 w_c5f9e78 w_e1f55ad
14224b84.jpg,new_whale w_aae82f8 w_8bc853a w_f21f2ec w_17ee910
142bf19e.jpg,new_whale w_29670e2 w_9269ec6 w_1ec0481 w_7248590
1430c5e4.jpg,new_whale w_376a413 w_c11932e w_9c5ed68 w_8c66a16
1435a54c.jpg,new_whale w_1235317 w_dbda0d6 w_d6e5334 w_95aad92
14385bcb.jpg,new_whale w_1287fbc w_da2efe0 w_7b035cc w_07616fd
1440bb27.jpg,new_whale w_a7d4668 w_5b672ea w_f0612be w_ace8c54
1444249b.jpg,new_whale w_3f5e7fc w_4b7b80b w_4a3032d w_dbda0d6
1448b8df.jpg,new_whale w_1272a31 w_9caed77 w_8a31e6c w_143b201
144a474e.jpg,new_whale w_7c6ad05 w_35063ed w_dbda0d6 w_e685c80
144bb453.jpg,new_whale w_3ed4763 w_c0cfd5b w_0e737d0 w_a38d1a3
144d43e7.jpg,new_whale w_6c803bf w_18eee6e w_79b12d8 w_8b56cb1
1453d79a.jpg,new_whale w_cc5fae7 w_9d83b4d w_7637760 w_79b42cd
145622d4.jpg,new_whale w_5d96ba4 w_85755f7 w_64f3545 w_dd52cfc
1458110d.jpg,new_whale w_7e8b270 w_9c5ed68 w_bf3449f w_49308df
1461727e.jpg,new_whale w_02a768d w_f0fc693 w_8044362 w_ed5a7c6
1466420d.jpg,new_whale w_6232813 w_6398e9d w_10bea88 w_cc5fae7
146c4f2c.jpg,new_whale w_fd1cb9d w_2d29ddd w_711aaa1 w_89e159a
146dc74e.jpg,new_whale w_bf4880a w_2d29ddd w_edf5f77 w_09f825c
146fe2ae.jpg,new_whale w_5cc2285 w_4c9d3df w_551f5ca w_c0d494d
147040d2.jpg,new_whale w_248af0b w_3af4e73 w_18eee6e w_e54feba
1474a2d3.jpg,new_whale w_6c9aa21 w_5d86f98 w_97f5054 w_837646b
1475f39a.jpg,new_whale w_5ba417d w_9dc4181 w_86cc90f w_f115d53
14784b9d.jpg,new_whale w_3197568 w_b942708 w_bbcafb8 w_17ee910
14795325.jpg,new_whale w_b074cdf w_96d9eaf w_269b090 w_ba5336c
147e7f37.jpg,new_whale w_7e8b270 w_0bd3671 w_e45bc18 w_47906dc
1484d7b4.jpg,new_whale w_c0daf38 w_1a9f141 w_b9e00eb w_f19faeb
14851f8c.jpg,new_whale w_33fc58d w_6202983 w_fea7fe6 w_22bb9b3
14876ca5.jpg,new_whale w_53859b2 w_5bc7e7f w_f8e6546 w_3e26a99
148bccd1.jpg,new_whale w_7c7a78c w_7c44934 w_540fd73 w_b0362e2
148fdc45.jpg,new_whale w_0d48a7d w_99ad599 w_b96c08e w_bde9c34
14908739.jpg,new_whale w_9b6b87d w_ad87135 w_97f5054 w_b329c00
1493509c.jpg,new_whale w_ba2f2c4 w_25808d2 w_693c9ee w_fe95ab8
14936c65.jpg,new_whale w_7cfaa82 w_96b697f w_62f299e w_2f97ce6
1494ba4d.jpg,new_whale w_5c0e858 w_89e159a w_f6b952e w_07a425f
14a562f2.jpg,new_whale w_b3e6069 w_14c8f15 w_cb3bd52 w_83b5e33
14a95967.jpg,new_whale w_8fac7da w_e30e97f w_3aa2073 w_dd52cfc
14a9c007.jpg,new_whale w_2527790 w_06972d2 w_fd698a3 w_2173953
14ab5e1e.jpg,new_whale w_4fd48e7 w_96fd936 w_6c899ff w_78f2e92
14ac80b3.jpg,new_whale w_6b03eb4 w_7b39dda w_8a816b1 w_6635a97
14bd4c61.jpg,new_whale w_219e33c w_143b201 w_8fd5636 w_f546b0a
14c312bc.jpg,new_whale w_1a5beb9 w_651cbb7 w_3db53dc w_5007db3
14c71293.jpg,new_whale w_5b672ea w_efebfe8 w_c9e1cdc w_932c8cd
14c8102e.jpg,new_whale w_32037e2 w_db2baec w_fa32440 w_b6ae946
14ca3e87.jpg,new_whale w_e594616 w_92d55a6 w_daeb296 w_7875b79
14cac1a0.jpg,new_whale w_7f5f0c9 w_b5d8846 w_e09e886 w_993d66c
14cdb2cd.jpg,new_whale w_462a117 w_28fa29e w_38e4aae w_e0f1df1
14d14002.jpg,new_whale w_fba3bde w_6361632 w_f18df18 w_1eafe46
14d2ebd2.jpg,new_whale w_a59905f w_17e8554 w_38158d6 w_9ea2cc3
14d6356b.jpg,new_whale w_bb2d34d w_c9e1cdc w_95874a5 w_17ee910
14e0c1dc.jpg,new_whale w_3c0bbac w_a524549 w_1a229eb w_c0a4c9d
14e2f693.jpg,new_whale w_acc67ea w_ab1c859 w_0f54cdf w_db0ad01
14e3afb2.jpg,new_whale w_2fe43c7 w_6af9dd7 w_fc7cc24 w_43be268
14e63854.jpg,new_whale w_778ee6e w_67de30b w_7879ee1 w_0e737d0
14ece634.jpg,new_whale w_94e1ed4 w_b2ba967 w_53064a6 w_f81c626
14f1a20a.jpg,new_whale w_21b3754 w_4ce0510 w_9875c12 w_7c943ab
14f638f6.jpg,new_whale w_a1e017f w_31d3999 w_79b42cd w_bed6af1
14f6cef5.jpg,new_whale w_1272a31 w_5d96ba4 w_18a1bf2 w_143b201
14fb6720.jpg,new_whale w_93bf889 w_7e8b270 w_d63bf1f w_aa16da4
14fc32a9.jpg,new_whale w_1eafe46 w_a779e16 w_acc67ea w_cb7b682
14fed97c.jpg,new_whale w_1ac4c38 w_ab4cae2 w_286ec5f w_79d4855
14ffb288.jpg,new_whale w_67de30b w_6710cf8 w_84fcae8 w_1274a11
150bc841.jpg,new_whale w_b942708 w_2cdf820 w_d9aab0a w_bb2d34d
150cc570.jpg,new_whale w_bf69a19 w_b329c00 w_3d66298 w_f19faeb
150ce72b.jpg,new_whale w_c0f3e88 w_ee17a08 w_47d2bc6 w_b7d5069
151f79b6.jpg,new_whale w_11f6df1 w_8f593d4 w_625a6a9 w_57186e5
1520ffc7.jpg,new_whale w_655efb0 w_bb2d34d w_dbd2cff w_0771d4b
1532d70d.jpg,new_whale w_41ed8e8 w_6361632 w_1d53d9c w_c4f3619
153b0701.jpg,new_whale w_d142b00 w_54fc5b3 w_601b6d4 w_65139e4
153c2efc.jpg,new_whale w_778ee6e w_0beef28 w_82e0d98 w_232e5bd
153f5571.jpg,new_whale w_367b996 w_9b67e87 w_b4ad62f w_6e8486d
15409708.jpg,new_whale w_6d3ca42 w_efaada7 w_34a0eab w_6c803bf
154225c2.jpg,new_whale w_06fd726 w_414a0d7 w_de3cab3 w_67de30b
1546f890.jpg,new_whale w_73d5489 w_2b939eb w_3d2724b w_c1b685f
154caca2.jpg,new_whale w_4ebeafb w_be3c0f5 w_fba3bde w_5ad2030
15537a75.jpg,new_whale w_7c44934 w_7e841fa w_7c7a78c w_28ce17c
155984ac.jpg,new_whale w_a2b3d53 w_ee23a5f w_d96a0cd w_e4f1fcc
155a683e.jpg,new_whale w_43be268 w_a25caa9 w_fd1cb9d w_b7d5069
1561c8e0.jpg,new_whale w_fad83c7 w_ca56bf3 w_de3cab3 w_1638016
15680acc.jpg,new_whale w_67de30b w_4659acf w_63db6f9 w_fba3bde
15691e70.jpg,new_whale w_8044362 w_ab1c859 w_b688397 w_881f3c4
156c2dda.jpg,new_whale w_851a7f4 w_eb39613 w_b074f5e w_7e8b270
156de6b8.jpg,new_whale w_5d86dc6 w_125095f w_530f87b w_fd6e8d2
156f9609.jpg,new_whale w_efebfe8 w_5f5ef4e w_482d9d6 w_b96d4e0
15778140.jpg,new_whale w_c0f3e88 w_be32bec w_1287fbc w_3d3c0f9
15789628.jpg,new_whale w_f986587 w_741861e w_1287fbc w_94cd45e
158604e6.jpg,new_whale w_cd88a48 w_861cc1c w_71c7322 w_ef2f0f0
15868edb.jpg,new_whale w_be20b46 w_64433af w_37223f9 w_9434f0c
1586a454.jpg,new_whale w_cad1a8d w_693c9ee w_1f0da94 w_62ca7c8
158e0072.jpg,new_whale w_f2c9e07 w_cce0444 w_3f12226 w_402784d
1596a1f0.jpg,new_whale w_bb2d34d w_dcb1f2a w_95874a5 w_1a5e7a2
159b7132.jpg,new_whale w_3050553 w_9e4a26f w_2af3059 w_b96d4e0
15a38b0f.jpg,new_whale w_3a7d86d w_2b3fe8e w_f3bd33a w_01a51a6
15a3b10e.jpg,new_whale w_18eee6e w_9ea2cc3 w_9875c12 w_f81c626
15a40594.jpg,new_whale w_2725793 w_76ebad6 w_66fb697 w_a1350a7
15ad3abd.jpg,new_whale w_4790f64 w_56bbc91 w_50729c4 w_cae7677
15b0849d.jpg,new_whale w_ea2385d w_c0d494d w_9ceb05d w_bb2d34d
15b3fe55.jpg,new_whale w_073b15e w_bb2d34d w_6c803bf w_59eb8ae
15bc600f.jpg,new_whale w_eeb5fa7 w_e69cef0 w_17ee910 w_1274a11
15c2f414.jpg,new_whale w_a3c6ed0 w_9d83b4d w_ed5cdab w_3b90f9b
15ca01d2.jpg,new_whale w_f7a0fd7 w_2f54c3c w_7852bd1 w_86b3f04
15ca08ae.jpg,new_whale w_0819271 w_7311fe4 w_ac87f37 w_c3ff6f2
15d30ae9.jpg,new_whale w_1638016 w_5010531 w_cae7677 w_5d50ea2
15d57504.jpg,new_whale w_c3d523d w_21e178f w_57c14db w_33973bf
15dac55a.jpg,new_whale w_3cf3853 w_d9055d1 w_54c00ad w_fba3bde
15db0c99.jpg,new_whale w_6e42b8e w_50d2084 w_7759db0 w_e3c1ec4
15e7e579.jpg,new_whale w_285da1a w_02facde w_5810973 w_5ba417d
15e89133.jpg,new_whale w_ccb4adc w_697c72e w_9f718e8 w_4b1fad6
15ef6878.jpg,new_whale w_da2efe0 w_853c1f7 w_9b67e87 w_4a81594
15f5e1c4.jpg,new_whale w_be32bec w_6b4af70 w_3f365f3 w_5f5ef4e
1602b3db.jpg,new_whale w_6e8486d w_dcd7a1d w_1a70685 w_2901dbf
16080fe3.jpg,new_whale w_7a2dfd7 w_9ea2cc3 w_5f0a14c w_987a36f
16083d79.jpg,new_whale w_2e872af w_d6255a4 w_073f071 w_38158d6
16087b29.jpg,new_whale w_17370ba w_67de30b w_078b0e7 w_503ff17
160c4411.jpg,new_whale w_6202983 w_7c7a78c w_98baff9 w_e02fe7b
160f0413.jpg,new_whale w_54fc5b3 w_b170173 w_24bdae3 w_0f92544
161065d9.jpg,new_whale w_3326396 w_8c1e2e4 w_fd1cb9d w_4b7b80b
16149c0b.jpg,new_whale w_3136deb w_2658649 w_45b90d9 w_25a38b8
161a1e51.jpg,new_whale w_a30882c w_813c5be w_4c9d3df w_6af9dd7
161a772c.jpg,new_whale w_dbda0d6 w_eb0a6ed w_c167245 w_08ddb50
1627d426.jpg,new_whale w_2071a4c w_e64c9a6 w_bf38f05 w_5b99089
162ba03d.jpg,new_whale w_0e4f53c w_e0c6ead w_ad1d93b w_30cf2ca
162f0134.jpg,new_whale w_da64f8d w_94e1ed4 w_18eee6e w_2d09595
163a3a67.jpg,new_whale w_60eba40 w_6503ccd w_eac205a w_9ea2cc3
163e1c96.jpg,new_whale w_a56d9ff w_a26a029 w_bdfd16e w_1dd8e68
16542a08.jpg,new_whale w_c11932e w_eab49b7 w_5297ab3 w_f774c8b
165880b0.jpg,new_whale w_3d12652 w_4e2652d w_af890ad w_c9eb806
165c15d1.jpg,new_whale w_f852d15 w_338b130 w_0c6d50d w_e30e97f
165e1884.jpg,new_whale w_0e737d0 w_b96d4e0 w_79b42cd w_c0287a9
16617630.jpg,new_whale w_71e6583 w_aa16da4 w_9c70a11 w_94cd45e
16731037.jpg,new_whale w_28fa29e w_076c122 w_f803b29 w_338d945
1677cc6c.jpg,new_whale w_fa32440 w_17ee910 w_95874a5 w_1287fbc
16780426.jpg,new_whale w_e5250e9 w_b9f5b8b w_b6886e5 w_98baff9
16810b83.jpg,new_whale w_524f51e w_d7de1ee w_4759be5 w_ba53619
16828c72.jpg,new_whale w_f19faeb w_b0e05b1 w_70daaba w_79b42cd
16843cf1.jpg,new_whale w_2663598 w_06ff732 w_e5edb40 w_9411f86
168566f6.jpg,new_whale w_7459706 w_f104523 w_3f5e7fc w_f369a80
168ddf93.jpg,new_whale w_39f2064 w_aed8c22 w_a464d28 w_78a4639
16945d6b.jpg,new_whale w_aef3680 w_0c70bc3 w_fd1cb9d w_4a78bf2
16946573.jpg,new_whale w_6cef37c w_41901e5 w_143b201 w_d22af00
1698ac04.jpg,new_whale w_a254eb0 w_2c3f440 w_7c943ab w_da0372d
1698ffd8.jpg,new_whale w_7bda16b w_49bbc79 w_6c803bf w_2a939eb
169f448a.jpg,new_whale w_cf092f5 w_987a36f w_2a939eb w_82e0d98
16a45f39.jpg,new_whale w_8044362 w_ddb4c8d w_4a9ee0f w_ebff750
16a4bf9e.jpg,new_whale w_b0362e2 w_d708c5a w_79b42cd w_3fc0946
16a96dcc.jpg,new_whale w_c0d494d w_aa7e5f4 w_fb89186 w_b942708
16a98e7e.jpg,new_whale w_29670e2 w_86b3f04 w_b9e00eb w_f178867
16acdeeb.jpg,new_whale w_993d66c w_c0d494d w_9b098ea w_cb7b682
16b2679b.jpg,new_whale w_4e68ddc w_94e1ed4 w_0e737d0 w_1d84278
16bfe3e4.jpg,new_whale w_6e8486d w_91361f0 w_b7d5069 w_eb47189
16c99a01.jpg,new_whale w_83a922d w_44cb3ee w_bf14813 w_5c32d2a
16ca09f9.jpg,new_whale w_2c3f440 w_a254eb0 w_b066aa6 w_43be268
16ca4399.jpg,new_whale w_c0f3e88 w_d5ec83f w_1e3ce01 w_dc89c4c
16d1df4c.jpg,new_whale w_9438980 w_68820e8 w_7c7a78c w_61e1076
16d28d71.jpg,new_whale w_ca0ec7c w_9ea2cc3 w_67de30b w_43be268
16de7425.jpg,new_whale w_b0362e2 w_fe49bc4 w_67599af w_540fd73
16e3c8ff.jpg,new_whale w_e0bbddc w_3af4e73 w_0a58a06 w_0f84bf6
16e479bb.jpg,new_whale w_3b0894d w_44cccf6 w_373c114 w_c8d20aa
16e8218b.jpg,new_whale w_66c1b54 w_3331656 w_c0d494d w_77e1d3f
16eb3ee8.jpg,new_whale w_9b6b87d w_9f718e8 w_0c6d50d w_a8f9a1e
16ec2200.jpg,new_whale w_acc33ca w_2669d75 w_5059889 w_daec6d3
16ec5083.jpg,new_whale w_73b705e w_abe383e w_fa32440 w_d8f848c
16ef8d09.jpg,new_whale w_a155149 w_cf3c233 w_40323ac w_98baff9
16f3ace7.jpg,new_whale w_33973bf w_62c3998 w_b8f8e69 w_12cdfbd
16f6d918.jpg,new_whale w_084d01c w_1596a47 w_867c363 w_1c69443
16ff9389.jpg,new_whale w_800034f w_def505e w_7852bd1 w_2e42cc0
170b1d2f.jpg,new_whale w_71764b4 w_4ebeafb w_02a768d w_9ea2cc3
170be32b.jpg,new_whale w_403f92f w_f19faeb w_5dfafa5 w_2ac83b0
1711665d.jpg,new_whale w_7cca153 w_f314558 w_f115d53 w_ff1b64c
17120fbd.jpg,new_whale w_cb32cb8 w_3de676c w_b6886e5 w_dfbfe10
1713c32d.jpg,new_whale w_1c32062 w_4ebeafb w_5f82501 w_02a768d
1715920b.jpg,new_whale w_6545984 w_8507226 w_76b6f7c w_4b7b80b
1715c809.jpg,new_whale w_272259b w_fd1cb9d w_1dff010 w_aae82f8
172a051f.jpg,new_whale w_5b1fa1d w_f014da3 w_f0af1f8 w_2e872af
17340932.jpg,new_whale w_d3f5be3 w_7b035cc w_656ef35 w_f12415b
1735bcea.jpg,new_whale w_5a2075e w_53951e6 w_aa16da4 w_7311fe4
174012b4.jpg,new_whale w_8c1ec28 w_b074cdf w_ab4cae2 w_98baff9
17459273.jpg,new_whale w_dfbfe10 w_32a920b w_fd3ce71 w_73b26b7
17463c74.jpg,new_whale w_0740d28 w_e700deb w_4fd48e7 w_9a0c14d
174ae4e1.jpg,new_whale w_0cb6294 w_d8e752e w_099ab25 w_8c1ec28
174f4165.jpg,new_whale w_d2be6cc w_63db6f9 w_59eb8ae w_02facde
1752be51.jpg,new_whale w_7554f44 w_243e33e w_dbda0d6 w_7e8b270
17546dc8.jpg,new_whale w_8c618e1 w_ab6db0f w_a22f338 w_18eee6e
1758efcb.jpg,new_whale w_1ac4c38 w_147b62b w_778ee6e w_c133ea8
175faad8.jpg,new_whale w_851a7f4 w_959b917 w_7257028 w_73cbacd
1763b4b8.jpg,new_whale w_b074cdf w_c57623d w_f9038ed w_d1b13bb
1763ba00.jpg,new_whale w_dd52cfc w_c0d494d w_af6c7e2 w_886257d
17686f57.jpg,new_whale w_acff672 w_3db53dc w_5007db3 w_cbac51f
176bf518.jpg,new_whale w_d465e44 w_e02fe7b w_43be268 w_fe49bc4
176e2264.jpg,new_whale w_b942708 w_1287fbc w_17ee910 w_06a6351
176f334d.jpg,new_whale w_0dbfc31 w_381c6aa w_9f718e8 w_fa32440
177174a7.jpg,new_whale w_fc7cc24 w_aca9607 w_1dff010 w_9122179
1774e954.jpg,new_whale w_7dee51b w_4e52a49 w_c84551d w_2071a4c
1776a23b.jpg,new_whale w_e3b2cfa w_3ee3d16 w_41ed8e8 w_c4f3619
177e7550.jpg,new_whale w_f6fb689 w_b96c08e w_212ad82 w_c9e1cdc
1781e458.jpg,new_whale w_5415fcb w_74e15fc w_e0e5c9e w_2f6e76c
179014e9.jpg,new_whale w_e6d0696 w_78f2e92 w_d19a884 w_f33b12b
1794ede4.jpg,new_whale w_ab2d17a w_d141590 w_5059889 w_cd01afb
179554ed.jpg,new_whale w_1dff010 w_fc7cc24 w_4e52a49 w_54c00ad
179b9539.jpg,new_whale w_6c05e3b w_5dfafa5 w_6a87d0d w_ae92124
17a07788.jpg,new_whale w_b8dff40 w_5d6786e w_540fd73 w_034a3fd
17a07b69.jpg,new_whale w_2184d07 w_0aae8c1 w_1af5d59 w_8936f42
17a80540.jpg,new_whale w_8e451d9 w_9b401eb w_a2b8172 w_b942708
17adde64.jpg,new_whale w_8fd5636 w_5bb7ae9 w_143b201 w_7885601
17af613a.jpg,new_whale w_b081817 w_5d96ba4 w_5f50b5e w_a646643
17b21da9.jpg,new_whale w_4659acf w_d663f4f w_900fab7 w_54c00ad
17b4dcca.jpg,new_whale w_72b0d7f w_e93d181 w_8d5ede1 w_654a5bb
17be697a.jpg,new_whale w_6c803bf w_44cccf6 w_18eee6e w_1dff010
17c25e68.jpg,new_whale w_c27d036 w_1c69443 w_979dc10 w_d663f4f
17cf60ef.jpg,new_whale w_b4732ef w_da2efe0 w_0dee306 w_89d9c03
17e488b2.jpg,new_whale w_2bb8c37 w_7ed3719 w_fe054f3 w_b6410bc
17e684ff.jpg,new_whale w_a074c7e w_b96d4e0 w_fb72090 w_a59075f
17e86b2b.jpg,new_whale w_f208155 w_38e4aae w_80245ee w_9d0e84a
17f4853c.jpg,new_whale w_f790728 w_aef3680 w_3fc3d07 w_e3caa40
17f67826.jpg,new_whale w_aed8c22 w_479e3e5 w_78a4639 w_4e03f66
17fa9f56.jpg,new_whale w_9875c12 w_67de30b w_b0e05b1 w_f81c626
17fbdea5.jpg,new_whale w_d7de1ee w_98baff9 w_eb0a6ed w_c0d494d
17fc05ff.jpg,new_whale w_693c9ee w_569c2c7 w_ab4cae2 w_7c91fa7
17fd1e74.jpg,new_whale w_d10472d w_12c3d3d w_4ebeafb w_68820e8
17fea02f.jpg,new_whale w_886257d w_d3c8520 w_73d5489 w_99ad599
18046fe1.jpg,new_whale w_c35b3ae w_dd8299b w_ebe0ad5 w_04feee0
180b2a0a.jpg,new_whale w_5ba417d w_9dc4181 w_a0149f9 w_a2e2f8e
180bff06.jpg,new_whale w_46e45e6 w_94da90b w_20c671c w_3dd210a
1811fdbf.jpg,new_whale w_4659acf w_1dff010 w_b7d5069 w_4e52a49
181bb5c0.jpg,new_whale w_b9f5b8b w_65ec378 w_6ba475f w_0e737d0
181cbba2.jpg,new_whale w_0e4f53c w_ef52dd3 w_b280692 w_f8e6546
182178b2.jpg,new_whale w_3c3267c w_532fb22 w_06a6351 w_d4fa6f3
182879db.jpg,new_whale w_0bc712b w_ec87420 w_db474c7 w_c01e25d
182d295f.jpg,new_whale w_dbb786d w_1eafe46 w_7763134 w_a7202e1
18308408.jpg,new_whale w_06972d2 w_a2b3d53 w_d2be6cc w_9875c12
18389e17.jpg,new_whale w_3af4e73 w_b5383b5 w_6ae1eaf w_c10ffe9
1848a2ad.jpg,new_whale w_d9adb4f w_f478955 w_84f9c41 w_0e737d0
1849e785.jpg,new_whale w_cb9220b w_cf24f84 w_dce3192 w_773509f
184e7685.jpg,new_whale w_3f91e04 w_c9abb54 w_338b130 w_f8e6546
184f04d1.jpg,new_whale w_f5771d1 w_f6fb689 w_cd65880 w_b9e00eb
184f7c87.jpg,new_whale w_ae07541 w_eb47189 w_a51b387 w_aa16da4
18520448.jpg,new_whale w_7edcfa5 w_52c8684 w_9291cdf w_aaafb64
185bdaad.jpg,new_whale w_c0287a9 w_0e737d0 w_b96d4e0 w_1eafe46
185d6d48.jpg,new_whale w_36b6904 w_2658649 w_693c9ee w_8fab53d
185e6e1b.jpg,new_whale w_f8e6546 w_e64c9a6 w_ea99623 w_73d5489
186e9f3a.jpg,new_whale w_62c3998 w_1eafe46 w_308bd26 w_ceffa10
187790c8.jpg,new_whale w_62f299e w_900fab7 w_96b697f w_ee17a08
18790715.jpg,new_whale w_61e1076 w_8f49fdd w_9287bbb w_0324b97
187da3e1.jpg,new_whale w_16ea0b2 w_3f8f5aa w_17ee910 w_d9fdd15
187f4ee4.jpg,new_whale w_d141590 w_c3ff6f2 w_33032d1 w_6b2995b
188336c6.jpg,new_whale w_46dcce7 w_02c9470 w_9dfbd27 w_a8b5c0f
18a0eb3b.jpg,new_whale w_33909b8 w_2cdf820 w_13c6b6b w_d9aab0a
18a99c92.jpg,new_whale w_a646643 w_7e1521a w_01ab6dc w_00cb685
18a9a256.jpg,new_whale w_eb0a6ed w_b0e05b1 w_a58f64d w_64783fe
18aaa78c.jpg,new_whale w_de3cab3 w_6de53d1 w_2d99a0c w_8d83172
18ac96af.jpg,new_whale w_c97ece6 w_fe2742d w_8d72578 w_46e45e6
18b60ff7.jpg,new_whale w_a18d0dc w_d84e006 w_3674103 w_47906dc
18b7d686.jpg,new_whale w_c9dfa13 w_ff2c4a4 w_fd1cb9d w_3d66298
18bf1f7b.jpg,new_whale w_6d274b2 w_b0e05b1 w_1facad2 w_98baff9
18c1aa0a.jpg,new_whale w_f02bf23 w_73f8bd3 w_43be268 w_530f87b
18c4b6d1.jpg,new_whale w_0899118 w_3aa2073 w_f8e6546 w_4b95330
18c867ff.jpg,new_whale w_18eee6e w_71764b4 w_0408054 w_0467840
18ce11fe.jpg,new_whale w_aa7a302 w_e826a6f w_43be268 w_cd1f1ed
18d31508.jpg,new_whale w_1703ee5 w_1eafe46 w_b7d5069 w_ee17a08
18dabf47.jpg,new_whale w_993d66c w_c0d494d w_3f365f3 w_67fecca
18dbdca6.jpg,new_whale w_654a5bb w_aa16da4 w_ea90267 w_02bb4cf
18df7f4a.jpg,new_whale w_22bb9b3 w_540fd73 w_1eafe46 w_a837660
18ff383f.jpg,new_whale w_8d46cef w_cd02407 w_b6ed5d2 w_8cd3036
19111464.jpg,new_whale w_be0fefb w_813c5be w_64f3545 w_9771603
1911ce66.jpg,new_whale w_48a5b86 w_7918071 w_8c605d2 w_b074cdf
19154fef.jpg,new_whale w_309a2b3 w_9438980 w_3d4900b w_656afeb
191ed414.jpg,new_whale w_ca8bfb4 w_32915fe w_8e23e4c w_98baff9
1923037d.jpg,new_whale w_528e753 w_5d0a13f w_593485f w_2658649
19289acc.jpg,new_whale w_5c0e858 w_32a920b w_49bbc79 w_38e4aae
192ae0c6.jpg,new_whale w_4fdaa2a w_ea2385d w_12f2352 w_6e8486d
192bdea2.jpg,new_whale w_6e8486d w_9ea2cc3 w_ea2385d w_075aa6e
192c4621.jpg,new_whale w_f3b63ba w_06ff732 w_e09e886 w_656ef35
192c6a8e.jpg,new_whale w_0beef28 w_9d704ab w_853c1f7 w_a9dd349
192f4021.jpg,new_whale w_a59905f w_bf8c3d2 w_d9055d1 w_bb2d34d
193eddf4.jpg,new_whale w_1fa0ee5 w_1b6d171 w_7a8ce5a w_a5f6c33
19464f04.jpg,new_whale w_d663f4f w_2486665 w_286ec5f w_7554f44
194b8479.jpg,new_whale w_186bcab w_721d2e9 w_33fc58d w_df15cc8
194e3efc.jpg,new_whale w_660629d w_4e7fc3e w_78ba632 w_444a844
194e4fad.jpg,new_whale w_73d5489 w_89e159a w_7324cf5 w_a646643
195e78b0.jpg,new_whale w_8114b1b w_22fa4ad w_2e872af w_5ae47d9
195f3a29.jpg,new_whale w_6547e12 w_d382236 w_5b672ea w_5c07f42
196504d7.jpg,new_whale w_3ed4763 w_c0cfd5b w_0e737d0 w_a38d1a3
196bfcb1.jpg,new_whale w_d80e1bc w_41c0098 w_a7f847f w_8717ef3
198816f5.jpg,new_whale w_462a117 w_38e4aae w_232e5bd w_2d99a0c
198f6244.jpg,new_whale w_c11932e w_73d5489 w_ed32db9 w_3aa2073
199354b8.jpg,new_whale w_dd90e0a w_67c1b6f w_7417b12 w_6202983
199dd40a.jpg,new_whale w_4114553 w_f563449 w_ed67618 w_17ee910
19a4adde.jpg,new_whale w_0bc712b w_1b1c32f w_a2633d4 w_238bbbf
19ad1f00.jpg,new_whale w_91faa95 w_c6f1bff w_8ba9abd w_ed117b3
19b08b40.jpg,new_whale w_813c5be w_3de676c w_3461d6d w_fd3ce71
19b5b60c.jpg,new_whale w_a048f26 w_98baff9 w_e59294d w_eff7e35
19ba4598.jpg,new_whale w_414a0d7 w_4be8a3e w_a01d903 w_e8bce8a
19bf598d.jpg,new_whale w_53064a6 w_4435e82 w_693c9ee w_98baff9
19c48ad2.jpg,new_whale w_1596a47 w_3db53dc w_5007db3 w_1c69443
19c9f945.jpg,new_whale w_b318111 w_4195fc3 w_dbda0d6 w_8fab53d
19cc5a03.jpg,new_whale w_9875c12 w_3aa2073 w_f8e6546 w_60c5e7e
19cfb1e9.jpg,new_whale w_43eea34 w_2d99a0c w_1596a47 w_5c0e858
19d16715.jpg,new_whale w_303518a w_200a203 w_7c7a78c w_3580734
19d19b22.jpg,new_whale w_cb5ea24 w_e3c1ec4 w_242a05d w_b33e728
19d2babc.jpg,new_whale w_b5ea8a0 w_eb0a6ed w_1917275 w_4f0676a
19d64ee6.jpg,new_whale w_599d0df w_084d01c w_1a5beb9 w_97666c8
19da698a.jpg,new_whale w_7e8b270 w_c34afd7 w_b6689cc w_3e5069e
19dc8203.jpg,new_whale w_0e737d0 w_ab4cae2 w_b074cdf w_a837660
19ddee54.jpg,new_whale w_1287fbc w_503ff17 w_b95307d w_59349ea
19de7850.jpg,new_whale w_cd38536 w_cce0444 w_4b7b80b w_40323ac
19de95d2.jpg,new_whale w_14ba846 w_36a4e8b w_4b7b80b w_fce6ab2
19dfe3c3.jpg,new_whale w_acc67ea w_b9f5b8b w_0f2f6e6 w_de3cab3
19e7b26b.jpg,new_whale w_4b47559 w_a3dbc8f w_64f3545 w_b33e728
19f78135.jpg,new_whale w_d635930 w_79b42cd w_3b90f9b w_c068ed3
19fa3f55.jpg,new_whale w_db474c7 w_ad87135 w_f4224b9 w_44a6b62
19ff4d32.jpg,new_whale w_23b9dcb w_a9f41fd w_4e52a49 w_32475a1
1a074ac9.jpg,new_whale w_7c943ab w_7538a4c w_f0f56dc w_f546b0a
1a08448a.jpg,new_whale w_a3abc56 w_fae3939 w_fc76ede w_fce6ab2
1a0a5130.jpg,new_whale w_1743d93 w_d3ce445 w_6c9a524 w_3db53dc
1a0b3c37.jpg,new_whale w_aa16da4 w_02bb4cf w_4e52a49 w_91361f0
1a12eb86.jpg,new_whale w_2d99a0c w_38e4aae w_dfbfe10 w_3de676c
1a13df33.jpg,new_whale w_7f199c6 w_08f1502 w_8c1ec28 w_c3d523d
1a238641.jpg,new_whale w_f6fb689 w_b96c08e w_212ad82 w_c9e1cdc
1a27b18b.jpg,new_whale w_f2d87b0 w_4ebeafb w_62f804d w_e156c87
1a2c6aee.jpg,new_whale w_28ce17c w_1a70685 w_7c7a78c w_2d99a0c
1a2fe567.jpg,new_whale w_3411b9f w_3694c7d w_df092eb w_0f96780
1a301ffd.jpg,new_whale w_f53deac w_a01d903 w_fb72090 w_38b1edd
1a30c94e.jpg,new_whale w_b7fe199 w_0c6d50d w_bdd0576 w_588d5d7
1a3168fd.jpg,new_whale w_243e33e w_ff1b64c w_676ddb0 w_0e7cb1c
1a539580.jpg,new_whale w_98baff9 w_0e737d0 w_0c42dba w_ab4cae2
1a5772ab.jpg,new_whale w_73d5489 w_3aa2073 w_ecb9a79 w_c774326
1a5a5fe8.jpg,new_whale w_1eafe46 w_c8d20aa w_d47e2e3 w_dad23fa
1a5b9043.jpg,new_whale w_ded09c7 w_c30959a w_c8126db w_1d05772
1a5c10f5.jpg,new_whale w_f63d8b0 w_19aeb9c w_b074cdf w_693c9ee
1a5c72d4.jpg,new_whale w_53859b2 w_40323ac w_18eee6e w_3674103
1a5d5d80.jpg,new_whale w_98baff9 w_2be1c9c w_f438375 w_17136dc
1a607c5d.jpg,new_whale w_a422d00 w_be32bec w_4a3032d w_ef89b72
1a614a58.jpg,new_whale w_fd1cb9d w_2863d51 w_17136dc w_8534390
1a648b03.jpg,new_whale w_6af9dd7 w_43be268 w_3e1ba5b w_2ce9f0c
1a66566e.jpg,new_whale w_e02fe7b w_059e347 w_62f804d w_c0d494d
1a67981b.jpg,new_whale w_030294d w_4ebeafb w_93d42a1 w_6c803bf
1a67f39c.jpg,new_whale w_d19a884 w_1eafe46 w_56f9abb w_c0d494d
1a71643a.jpg,new_whale w_1dd8e68 w_406331a w_f5fd7ef w_ccb4adc
1a74055b.jpg,new_whale w_fce6ab2 w_059ac60 w_3050553 w_fe2aa66
1a76e244.jpg,new_whale w_efe57c7 w_46ec664 w_9875c12 w_2901dbf
1a863e18.jpg,new_whale w_96c6151 w_9287bbb w_5a6d315 w_5f82501
1a869e11.jpg,new_whale w_b6c4efa w_60c5e7e w_a58f64d w_ef6e6a9
1a8955f7.jpg,new_whale w_38e4aae w_4ebeafb w_aae82f8 w_43be268
1a89b6d0.jpg,new_whale w_b4151b7 w_5f50b5e w_b0e05b1 w_9548fcf
1a9033c1.jpg,new_whale w_fae3939 w_54fc5b3 w_893ccb4 w_eff7e35
1a927613.jpg,new_whale w_7586198 w_1eafe46 w_e8c35dc w_90f74ae
1a92cf2b.jpg,new_whale w_133ecf4 w_ee948c6 w_08ddb50 w_12c3d3d
1a9671e6.jpg,new_whale w_29670e2 w_0c8a724 w_83df8d5 w_80d95d6
1a986f6c.jpg,new_whale w_5cef366 w_338b130 w_55c9a3b w_771374c
1a9f9907.jpg,new_whale w_1310342 w_0f96780 w_e2e56e9 w_a0838d1
1aa1550a.jpg,new_whale w_d4bc10d w_ebe0ad5 w_e548eb7 w_930bc39
1aa4cdb8.jpg,new_whale w_77166cc w_fc7cc24 w_7b035cc w_4ebeafb
1aa81604.jpg,new_whale w_20c671c w_6734e40 w_33e7def w_40a8760
1aa879fe.jpg,new_whale w_430849b w_61e1076 w_e38b2c7 w_314d77b
1aad9a4f.jpg,new_whale w_8e92baa w_5af463d w_1a70685 w_49bbc79
1ab3d011.jpg,new_whale w_cbedcb0 w_0e4f53c w_851a7f4 w_2e872af
1ab4073f.jpg,new_whale w_e0e5c9e w_1596a47 w_9dab60c w_613723e
1ab5f03a.jpg,new_whale w_98dcedd w_b9e116f w_12c3d3d w_302af0a
1aba79d0.jpg,new_whale w_e73d83c w_bb2d34d w_7b035cc w_44cccf6
1aca3c32.jpg,new_whale w_b4151b7 w_97f5054 w_bb2d34d w_98ab48e
1ada2d83.jpg,new_whale w_c4f3619 w_46a4137 w_fa473e6 w_7257028
1ae27f58.jpg,new_whale w_98baff9 w_ab4cae2 w_8ba2066 w_490b224
1ae3872a.jpg,new_whale w_7cca153 w_66c1b54 w_cc60002 w_c20f21c
1ae3c47f.jpg,new_whale w_c068ed3 w_52e7cf6 w_4a3032d w_a422d00
1aebfd05.jpg,new_whale w_2658649 w_25a38b8 w_c11fce0 w_ac05864
1aec73bd.jpg,new_whale w_dfbfe10 w_33fc58d w_552a16e w_3af4e73
1af13c8e.jpg,new_whale w_d4eb9ed w_bb2d34d w_cf092f5 w_dcb1f2a
1af482ad.jpg,new_whale w_872a86c w_49b425b w_0c6d50d w_19e5d10
1af6ef02.jpg,new_whale w_8c1ec28 w_ddf0c2c w_c2474a2 w_d1eab36
1affffb4.jpg,new_whale w_91e86c4 w_89e159a w_3694c7d w_a2564cf
1b02d3f2.jpg,new_whale w_ecb9a79 w_ba53619 w_72f25c9 w_1609b19
1b084f33.jpg,new_whale w_1eff98a w_a25caa9 w_3d3c0f9 w_b8ea509
1b08b573.jpg,new_whale w_dce3192 w_4b83ce2 w_bbc2a14 w_a58f64d
1b09dbbc.jpg,new_whale w_afbc150 w_fd587bc w_2466659 w_4041a7b
1b16556c.jpg,new_whale w_8a2e496 w_9f718e8 w_ed8a846 w_9b6b87d
1b18d448.jpg,new_whale w_0df2bde w_80c692d w_fce6ab2 w_9146eae
1b21234d.jpg,new_whale w_02facde w_71c7322 w_4855bd3 w_a4f77bd
1b23c857.jpg,new_whale w_7311fe4 w_b074cdf w_2dae424 w_9875c12
1b29ff0d.jpg,new_whale w_a59905f w_fe49bc4 w_a2a1378 w_e02fe7b
1b2afadf.jpg,new_whale w_8dcd784 w_b688397 w_0c6d50d w_1da7080
1b2f3131.jpg,new_whale w_339c8ae w_39d2684 w_feab6f3 w_df834bf
1b2ff185.jpg,new_whale w_2fe43c7 w_88e679c w_e02fe7b w_398aa7f
1b360c58.jpg,new_whale w_693c9ee w_cb7b682 w_18eee6e w_c9e1cdc
1b3d52b1.jpg,new_whale w_008c602 w_1274a11 w_3af4e73 w_9ea2cc3
1b416f77.jpg,new_whale w_d053be5 w_7f199c6 w_9205d40 w_697c72e
1b457332.jpg,new_whale w_a59905f w_9d704ab w_48a98d7 w_3af4e73
1b48b367.jpg,new_whale w_b074cdf w_0b04c08 w_e964ae8 w_ab4cae2
1b5166a1.jpg,new_whale w_bc93297 w_a913945 w_18df014 w_9b401eb
1b554fa1.jpg,new_whale w_a524549 w_c0a4c9d w_0408054 w_41901e5
1b556f40.jpg,new_whale w_d35355e w_d5ec83f w_ace8c54 w_b6689cc
1b587e8b.jpg,new_whale w_16ad10e w_23b9dcb w_1287fbc w_e826a6f
1b6024c6.jpg,new_whale w_d5ec83f w_dc89c4c w_c9e1cdc w_17ee910
1b608d81.jpg,new_whale w_c57623d w_f19faeb w_3fcb80e w_bc5beaa
1b6871cb.jpg,new_whale w_24e2654 w_3af4e73 w_fea7fe6 w_a2f5cc0
1b6c015b.jpg,new_whale w_18eee6e w_073b15e w_95874a5 w_6e8486d
1b77602d.jpg,new_whale w_853c1f7 w_6aad777 w_988f6b3 w_a59905f
1b7b7b44.jpg,new_whale w_5c62a56 w_3dd89d0 w_f3db3f1 w_20c671c
1b7feef7.jpg,new_whale w_7459706 w_1489751 w_2730966 w_4b7b80b
1b805a24.jpg,new_whale w_4855bd3 w_18eee6e w_6f2c662 w_06972d2
1b851846.jpg,new_whale w_837646b w_8a2e496 w_7e93962 w_ba53619
1b8beda6.jpg,new_whale w_449e238 w_9236aac w_e41f2fa w_b3e6069
1b96a7f0.jpg,new_whale w_4bd8388 w_2658649 w_a3abc56 w_1717a13
1b97a2f3.jpg,new_whale w_39f2064 w_2b28681 w_6fa41e8 w_b1a4f29
1b99e4f8.jpg,new_whale w_9741f42 w_59461a4 w_44cccf6 w_8c1dab2
1b9a8e48.jpg,new_whale w_c263d43 w_b4732ef w_9ceb05d w_c00534d
1b9d2430.jpg,new_whale w_49a3a96 w_2fdf63b w_f6fb689 w_0e737d0
1b9ed964.jpg,new_whale w_ef2f0f0 w_92c6140 w_43be268 w_20eb13c
1ba2c5bd.jpg,new_whale w_e826a6f w_9ea2cc3 w_9875c12 w_0c70bc3
1ba6c9d3.jpg,new_whale w_bd61ca9 w_da6d50b w_5f50b5e w_e594616
1baa2256.jpg,new_whale w_f60c7e8 w_35d4d83 w_b074cdf w_b282692
1badad43.jpg,new_whale w_afef556 w_6d7c852 w_4f51037 w_b9e116f
1bb5d59f.jpg,new_whale w_2071a4c w_c622a3f w_7946258 w_f0d8be1
1bba007f.jpg,new_whale w_2d29ddd w_c22307d w_c3684ba w_b1f6e70
1bbb921f.jpg,new_whale w_143b201 w_42dd100 w_7e8b270 w_5ba417d
1bbd2deb.jpg,new_whale w_a254eb0 w_bc62c0e w_e3caa40 w_693c9ee
1bbe2652.jpg,new_whale w_8cd7651 w_2f54c3c w_09f9fd3 w_b7a832a
1bbe9a1c.jpg,new_whale w_8867074 w_3745f59 w_71e6583 w_516bedb
1bc258ad.jpg,new_whale w_d663f4f w_569c2c7 w_7554f44 w_08f1502
1bc3a4b3.jpg,new_whale w_1161030 w_8ab8687 w_1638016 w_694c109
1bc4cd72.jpg,new_whale w_2c3f440 w_4c4c001 w_efd3f81 w_b9e00eb
1bc94a74.jpg,new_whale w_9875c12 w_434ad6a w_e3c119c w_932c8cd
1bd10dba.jpg,new_whale w_76ebad6 w_989fbbb w_0bc712b w_7885601
1bd1f6a4.jpg,new_whale w_e594616 w_7db10cc w_efebfe8 w_db474c7
1bd5166f.jpg,new_whale w_df309be w_002222a w_04c841c w_5c62a56
1bd8aa62.jpg,new_whale w_94da90b w_de2ff33 w_7f199c6 w_c8728f4
1be4f5bc.jpg,new_whale w_3aa2073 w_a25caa9 w_1da7080 w_987a36f
1be7884e.jpg,new_whale w_e34abbe w_16f61aa w_516bedb w_44cccf6
1bf1abe8.jpg,new_whale w_532e2cc w_4fd48e7 w_3b89846 w_aa16da4
1bf33a37.jpg,new_whale w_5d6786e w_35453e0 w_9ec358c w_8d46cef
1bfa38a3.jpg,new_whale w_d2be6cc w_0a97a25 w_8d83172 w_8ba2066
1bfb6bae.jpg,new_whale w_d663f4f w_8201c3f w_c06dd6e w_37dd956
1c03d16f.jpg,new_whale w_e59294d w_7c7a78c w_36d665c w_ff94ad6
1c05fdeb.jpg,new_whale w_5dcbb74 w_8d88c82 w_a31900f w_243e33e
1c06e68d.jpg,new_whale w_932c8cd w_62c3998 w_dfbfe10 w_33973bf
1c0f22fe.jpg,new_whale w_d663f4f w_b4eeae6 w_7377b2b w_2725793
1c0f4341.jpg,new_whale w_d2f7b3c w_3326396 w_a2b3d53 w_52c8684
1c10ade8.jpg,new_whale w_f8e6546 w_5cc2285 w_4b7b80b w_42f935c
1c16960d.jpg,new_whale w_847088b w_9c5ed68 w_3b99025 w_fe5e78b
1c177a95.jpg,new_whale w_771374c w_6d17527 w_293b5e4 w_4e7e512
1c1de137.jpg,new_whale w_fba3bde w_f18df18 w_1ac4c38 w_4855bd3
1c28e7c3.jpg,new_whale w_4be8a3e w_73d5489 w_d4bc10d w_143b201
1c2b8b90.jpg,new_whale w_39d2684 w_3cbccb7 w_fe8233d w_7554f44
1c2fce45.jpg,new_whale w_06c470d w_c3d523d w_cae7677 w_b7d5069
1c30a17d.jpg,new_whale w_14964c1 w_0e32aa2 w_bbc4e7c w_3aa2073
1c36e3b4.jpg,new_whale w_bb2d34d w_6c803bf w_516bedb w_b3cc032
1c39f085.jpg,new_whale w_01687a8 w_0740d28 w_8044362 w_96fd936
1c3a849a.jpg,new_whale w_8d300c3 w_3e25a26 w_3136deb w_eb7c39f
1c3fb77f.jpg,new_whale w_9f718e8 w_73d5489 w_f8e6546 w_3aa2073
1c424a4d.jpg,new_whale w_4bf5cf7 w_9205d40 w_41fa033 w_002b682
1c47478c.jpg,new_whale w_2e27b77 w_5f82501 w_e09e886 w_aa64cc1
1c4f1ea0.jpg,new_whale w_fb72090 w_d345e80 w_0a58a06 w_6f211a9
1c5e57cb.jpg,new_whale w_85755f7 w_ccb4adc w_8c23123 w_f3db3f1
1c6efecd.jpg,new_whale w_5b8f282 w_084d01c w_3db53dc w_77e1d3f
1c7e4b95.jpg,new_whale w_e42c624 w_373593e w_5fbef36 w_a965f14
1c809c0e.jpg,new_whale w_ea4935f w_60cc444 w_4403803 w_00cb685
1c82c89f.jpg,new_whale w_edf5f77 w_53859b2 w_578a509 w_c6372b8
1c863f1e.jpg,new_whale w_5af463d w_af06773 w_1a70685 w_6c803bf
1c8783b6.jpg,new_whale w_55647bd w_31d3999 w_0103030 w_a7f847f
1c87af2c.jpg,new_whale w_11adaae w_773509f w_853c1f7 w_fba3bde
1c91ee76.jpg,new_whale w_8507226 w_0dee306 w_90f74ae w_50cd600
1c92c7dd.jpg,new_whale w_3d2724b w_845f7ca w_66fb697 w_5612fed
1c95cae3.jpg,new_whale w_17ee910 w_95874a5 w_9ec358c w_97f5054
1c99900e.jpg,new_whale w_e375961 w_a254eb0 w_b074cdf w_e826a6f
1c9aee17.jpg,new_whale w_62c548b w_ab1c859 w_4f0676a w_7d819df
1ca655d7.jpg,new_whale w_cd01afb w_ffbd74c w_94da90b w_d782e1b
1ca70882.jpg,new_whale w_a3dfe32 w_831f124 w_be4d5b8 w_1eafe46
1caaff4f.jpg,new_whale w_05396d8 w_af9a47a w_3dd210a w_0654dd9
1cb5548c.jpg,new_whale w_a5f6c33 w_fc61767 w_b1a4f29 w_3d2724b
1cb55d8d.jpg,new_whale w_17ee910 w_38e4aae w_dcb1f2a w_b729b1f
1cb60c1e.jpg,new_whale w_773509f w_d6e437d w_2a939eb w_dbd28fa
1cba4519.jpg,new_whale w_db0ad01 w_8cf18ac w_18df014 w_54cd8e0
1cba86f6.jpg,new_whale w_b3655a6 w_c5d7c03 w_9b67e87 w_90ec71a
1cbfe28b.jpg,new_whale w_b8236d6 w_00b621b w_81df82e w_e69cef0
1cc1e463.jpg,new_whale w_7554f44 w_3f5e7fc w_ab161f7 w_e55a554
1cc604e7.jpg,new_whale w_21e178f w_b6c4efa w_d7de1ee w_08ddb50
1cc6f18e.jpg,new_whale w_2d99a0c w_fe2742d w_b6886e5 w_49bbc79
1cca0373.jpg,new_whale w_ca813c2 w_17370ba w_4c8e7ae w_2d25d1f
1cd28786.jpg,new_whale w_d5293a1 w_91572bb w_d19a884 w_0e4f53c
1cd2d799.jpg,new_whale w_681dba6 w_37374fa w_8c605d2 w_0c42dba
1cd36836.jpg,new_whale w_9122179 w_9ca943b w_6c899ff w_6af9dd7
1cd387f8.jpg,new_whale w_09f9fd3 w_15427c3 w_2f54c3c w_b7a832a
1cd74929.jpg,new_whale w_217e78a w_6ddff9b w_b678944 w_a533837
1cdadee0.jpg,new_whale w_ea96346 w_dfcf7fe w_3297a52 w_d3ce445
1ce01660.jpg,new_whale w_f792125 w_d19a884 w_8b15b96 w_dbda0d6
1ce2d1b0.jpg,new_whale w_dc89c4c w_97f5054 w_17ee910 w_ab4cae2
1ce30a8d.jpg,new_whale w_303518a w_3698eaf w_8bdc211 w_f7a0fd7
1cf2d717.jpg,new_whale w_62f804d w_32a920b w_050bdac w_69f4311
1cf388fa.jpg,new_whale w_654a5bb w_2039053 w_c0d494d w_3197568
1cf810eb.jpg,new_whale w_f6722e7 w_b4151b7 w_898bb9a w_8bdc211
1cf97f8e.jpg,new_whale w_dcb1f2a w_222dcb7 w_bb2d34d w_62c3998
1cf9c199.jpg,new_whale w_c59d04b w_1287fbc w_849b126 w_67fecca
1cff9f8d.jpg,new_whale w_9151503 w_faa4239 w_54fc5b3 w_f8e6546
1d0443b1.jpg,new_whale w_f19faeb w_5436d75 w_d19a884 w_dbda0d6
1d0ede23.jpg,new_whale w_3cf3853 w_18eee6e w_a59905f w_b6d09e6
1d13ed8f.jpg,new_whale w_0b04c08 w_f3f84d7 w_b074cdf w_329e594
1d170ead.jpg,new_whale w_f792125 w_1894a1c w_4791b4c w_a74742c
1d215068.jpg,new_whale w_e3fbc27 w_8f3cb68 w_91572bb w_217e78a
1d242b41.jpg,new_whale w_c30959a w_fd1cb9d w_a14ccaa w_8d46cef
1d2ff01b.jpg,new_whale w_ee9c4d7 w_715d152 w_3166a4d w_43be268
1d3474f7.jpg,new_whale w_1287fbc w_9448c34 w_dcb1f2a w_c0d494d
1d34ac70.jpg,new_whale w_faa4239 w_c0cfd5b w_cf3c233 w_8c1ec28
1d395ea1.jpg,new_whale w_4fe4078 w_ab2d17a w_ebe0ad5 w_41901e5
1d39b70f.jpg,new_whale w_89e159a w_8e92baa w_4c9d3df w_987a36f
1d3b6134.jpg,new_whale w_e7aa703 w_7311fe4 w_540fd73 w_9c3db0a
1d3c2335.jpg,new_whale w_434195c w_c99f5ef w_fd1cb9d w_43be268
1d4fee96.jpg,new_whale w_dc97dc3 w_4a3032d w_52e7cf6 w_4af3e4e
1d51809c.jpg,new_whale w_9e7021b w_fd1cb9d w_a5f7fce w_0d39a68
1d55df36.jpg,new_whale w_9875c12 w_89e159a w_f28de05 w_d25a717
1d5c2c9e.jpg,new_whale w_dd8299b w_2725793 w_b1d6681 w_0e4f53c
1d5f3229.jpg,new_whale w_dc7c5a0 w_e8ca955 w_4ec48a9 w_733fe81
1d65e989.jpg,new_whale w_8fd5636 w_10bea88 w_85cdd9b w_338b130
1d6ab81d.jpg,new_whale w_a22f338 w_7427ace w_4659acf w_a59905f
1d6b0350.jpg,new_whale w_07abdff w_1ac4c38 w_18eee6e w_6c803bf
1d6b8879.jpg,new_whale w_a01d903 w_bdd0576 w_441bd21 w_99ad599
1d6bb8a8.jpg,new_whale w_479e3e5 w_89e159a w_fd1cb9d w_660629d
1d6f17b4.jpg,new_whale w_8c1ec28 w_18a854b w_c90feaa w_66c1b54
1d78bcf6.jpg,new_whale w_62c3998 w_1a5e7a2 w_338d945 w_dcb1f2a
1d7dafc4.jpg,new_whale w_0988bbb w_d2be6cc w_b7d5069 w_693c9ee
1d816fdc.jpg,new_whale w_67de30b w_2a18a44 w_6af9dd7 w_7c7a78c
1d97a9c0.jpg,new_whale w_ff1b64c w_6a87d0d w_6193637 w_65139e4
1d98e7e3.jpg,new_whale w_1911cbb w_142dce1 w_ca813c2 w_ffcd98e
1d99196e.jpg,new_whale w_4e8f84d w_143b201 w_f8e6546 w_3feb2df
1d9bed94.jpg,new_whale w_9b098ea w_2071a4c w_9ca943b w_5f82501
1d9daef8.jpg,new_whale w_bbd9409 w_dd90e0a w_0dee306 w_4a81594
1da43724.jpg,new_whale w_7234b3d w_87050a3 w_3580734 w_0408054
1daaf5dc.jpg,new_whale w_f3bd33a w_a31aa30 w_38efc2d w_ee9c4d7
1dabefba.jpg,new_whale w_1274a11 w_693c9ee w_fce6ab2 w_a1237e3
1db42333.jpg,new_whale w_e685c80 w_25808d2 w_3c8eab1 w_a62f211
1db6ca30.jpg,new_whale w_7554f44 w_4fb3c95 w_98baff9 w_7311fe4
1db6dfd1.jpg,new_whale w_ccc8e31 w_976a54b w_17ee910 w_9ec358c
1db91f26.jpg,new_whale w_7554f44 w_5c62a56 w_515838e w_83714b7
1dbaca27.jpg,new_whale w_18a854b w_86cc90f w_79b42cd w_ca8bfb4
1dbb7d37.jpg,new_whale w_c0d494d w_5f50b5e w_d3a5075 w_cd38536
1dbf485a.jpg,new_whale w_7c8620c w_7b5a630 w_6c803bf w_e082823
1dc0a331.jpg,new_whale w_6047e81 w_e4b5d0b w_ff7630a w_98baff9
1dc2a485.jpg,new_whale w_441bd21 w_d175300 w_493c000 w_affc813
1dc44947.jpg,new_whale w_82c9c67 w_2c75202 w_958b908 w_73d5489
1dc63493.jpg,new_whale w_61b87f9 w_e41f2fa w_f64658b w_ec02248
1dd1c749.jpg,new_whale w_4ebeafb w_f7bf28d w_62f804d w_67de30b
1dd5d5b1.jpg,new_whale w_61d516e w_fa32440 w_381c6aa w_f843a8d
1dddf68b.jpg,new_whale w_c6c73b2 w_5e43abb w_d4fa6f3 w_1cca86d
1de4742f.jpg,new_whale w_09d48d1 w_3feb2df w_03f060f w_2dc2ef2
1de564f6.jpg,new_whale w_c20f21c w_680e011 w_9205d40 w_046a210
1de648c4.jpg,new_whale w_aeca19c w_19ca2c6 w_cef690d w_790c2aa
1deef5a3.jpg,new_whale w_09c1e0b w_6202983 w_dbda0d6 w_b9f5b8b
1defd57f.jpg,new_whale w_cf0c062 w_0970c7f w_f1a4389 w_a526492
1df1f4b4.jpg,new_whale w_e17b0f1 w_98baff9 w_2941dd2 w_ba17206
1df22897.jpg,new_whale w_b942708 w_1904e8c w_17ee910 w_95874a5
1df868f8.jpg,new_whale w_bb2d34d w_18eee6e w_95874a5 w_c9e1cdc
1df9a29e.jpg,new_whale w_6710cf8 w_8bde95b w_43be268 w_b7d5069
1df9e9d1.jpg,new_whale w_b9f5b8b w_79b42cd w_8044362 w_c0287a9
1dfa4461.jpg,new_whale w_77607b5 w_c02ac49 w_9ec358c w_fba3bde
1dfb040b.jpg,new_whale w_48a5b86 w_1c22d7e w_a18d0dc w_cb7b682
1dfce650.jpg,new_whale w_886257d w_14964c1 w_8c961a3 w_39043c9
1e020903.jpg,new_whale w_2486665 w_ab4cae2 w_c352046 w_d52bc74
1e06024e.jpg,new_whale w_3b3b9b2 w_11adaae w_5624f08 w_b729b1f
1e08d17f.jpg,new_whale w_c0d494d w_ba17206 w_98baff9 w_f12415b
1e10a2d4.jpg,new_whale w_acc33ca w_7ad8bb3 w_4d358e5 w_f104523
1e168a71.jpg,new_whale w_569c2c7 w_7554f44 w_0e737d0 w_d663f4f
1e16c678.jpg,new_whale w_bb2d34d w_c9e1cdc w_9ceb05d w_4e54fac
1e1c33ec.jpg,new_whale w_cb9220b w_1facad2 w_e69cef0 w_685466f
1e22abe9.jpg,new_whale w_d465e44 w_6fcceaf w_540fd73 w_656afeb
1e22e115.jpg,new_whale w_95874a5 w_17ee910 w_dcf2001 w_bb2d34d
1e232b48.jpg,new_whale w_5297ab3 w_87cb6bd w_014a645 w_0e4f53c
1e2bf374.jpg,new_whale w_8ec2960 w_c94f464 w_e59294d w_2730966
1e2fb477.jpg,new_whale w_dcb1f2a w_731e3aa w_b6886e5 w_17ee910
1e31ee6e.jpg,new_whale w_987a36f w_e62a48d w_2fe43c7 w_67de30b
1e33eab6.jpg,new_whale w_d465e44 w_4fa1bd5 w_17e8554 w_6fcceaf
1e3469da.jpg,new_whale w_8db45b7 w_3694c7d w_4b04829 w_fd1cb9d
1e3b05b4.jpg,new_whale w_656afeb w_89e451c w_540fd73 w_6202983
1e419056.jpg,new_whale w_08f1502 w_367b996 w_b4ad62f w_7c91fa7
1e41cd4e.jpg,new_whale w_ead5d70 w_7c2d27c w_17a0832 w_3eaef21
1e50e6a7.jpg,new_whale w_d1d8f98 w_1596a47 w_f5a2610 w_5f7c402
1e53401c.jpg,new_whale w_fe49bc4 w_64f3545 w_67fecca w_9db9ef5
1e535c6a.jpg,new_whale w_794effc w_a2660fd w_b6886e5 w_69f4311
1e5529a4.jpg,new_whale w_b19c33f w_e9ac2a8 w_98baff9 w_ad87135
1e5759f3.jpg,new_whale w_4e03f66 w_ddf3c52 w_fd1cb9d w_42aa161
1e57f22a.jpg,new_whale w_0793503 w_64433af w_5ba417d w_9411f86
1e5cb923.jpg,new_whale w_41ed8e8 w_00fbb4e w_7049d9f w_d663f4f
1e64cfaf.jpg,new_whale w_1e45a47 w_eb0a6ed w_1eafe46 w_dbda0d6
1e67d827.jpg,new_whale w_1da7080 w_c0323f5 w_8c605d2 w_99ad599
1e69d9a4.jpg,new_whale w_d663f4f w_e2bf793 w_987a36f w_9ea2cc3
1e6d6ee6.jpg,new_whale w_2a04ceb w_c0d494d w_b0e05b1 w_5f50b5e
1e6e60ba.jpg,new_whale w_2709cfc w_8507226 w_060bdf2 w_b678944
1e7116e4.jpg,new_whale w_770eb84 w_a1d95a3 w_7311fe4 w_e4616da
1e7821a1.jpg,new_whale w_75bac95 w_898bb9a w_7885601 w_5297ab3
1e78b41d.jpg,new_whale w_1e1a051 w_b693f13 w_1ec0481 w_fdf60bb
1e7bd332.jpg,new_whale w_d1ffed1 w_ab4cae2 w_05b2ddd w_9875c12
1e7fdf35.jpg,new_whale w_d428980 w_df092eb w_efa1fc7 w_67de30b
1e80cca3.jpg,new_whale w_8e23e4c w_ef52dd3 w_0793503 w_9caed77
1e81720b.jpg,new_whale w_4fdaa2a w_f031837 w_414f402 w_685466f
1e8218da.jpg,new_whale w_e02fe7b w_ac05864 w_8fab53d w_c102ec3
1e8e413a.jpg,new_whale w_7028d77 w_6232813 w_cef690d w_7554f44
1e96596a.jpg,new_whale w_b0b275e w_affdf5d w_0d39a68 w_7ab9a17
1e9b2bef.jpg,new_whale w_ddb4c8d w_0e737d0 w_50cd600 w_8a66718
1ea03130.jpg,new_whale w_4659acf w_8d46cef w_4f94f26 w_67de30b
1ea10581.jpg,new_whale w_6df35bf w_a3c6ed0 w_5f8b9b9 w_8d300c3
1ea5bf57.jpg,new_whale w_011d4b5 w_fbce8b4 w_e964ae8 w_44cccf6
1ea8b7db.jpg,new_whale w_778ee6e w_7879ee1 w_f8e6546 w_d428980
1eafda0a.jpg,new_whale w_2658649 w_2af3059 w_c068ed3 w_3136deb
1eb9cb3d.jpg,new_whale w_0e0e856 w_eaeb1f0 w_449e238 w_f369a80
1eba604a.jpg,new_whale w_0a71e87 w_afc7d61 w_987a36f w_c3aaa3a
1ebcef0b.jpg,new_whale w_a59905f w_6710cf8 w_b820615 w_86b9dfd
1ec0dac5.jpg,new_whale w_59349ea w_7b1eaa6 w_78f2e92 w_849b126
1ec2dab9.jpg,new_whale w_987a36f w_6c803bf w_8fab53d w_cd1f1ed
1ec98915.jpg,new_whale w_bf77b13 w_3fcb80e w_c57623d w_83f0b3f
1ecde851.jpg,new_whale w_4659acf w_a5a13d0 w_f4e0748 w_80245ee
1ece4b55.jpg,new_whale w_18df014 w_6ce20f3 w_ddb4c8d w_cad1a8d
1ecf6e81.jpg,new_whale w_ae07541 w_5dbe64d w_eb47189 w_a2660fd
1ed1f5d9.jpg,new_whale w_1287fbc w_b5e3076 w_d9aab0a w_13c6b6b
1ed257d5.jpg,new_whale w_f51b4bc w_1948625 w_8ba2066 w_2870b33
1ed5f7cd.jpg,new_whale w_18a854b w_17ee910 w_fba3bde w_2a18a44
1ed9a418.jpg,new_whale w_530f87b w_e2d0aaa w_13249f1 w_fce6ab2
1edd50ff.jpg,new_whale w_b9e00eb w_0d48a7d w_cae7677 w_1235317
1ee1ff31.jpg,new_whale w_64433af w_29eb3b2 w_6ef68ed w_7d896ac
1ee23d4e.jpg,new_whale w_73b26b7 w_3fe1eb9 w_89317b0 w_69f4311
1ee25b72.jpg,new_whale w_b96d4e0 w_eac205a w_0e737d0 w_ab4cae2
1ee31e37.jpg,new_whale w_66c1b54 w_d663f4f w_6f2c662 w_63db6f9
1eeaca0b.jpg,new_whale w_7419e4b w_43be268 w_d6e437d w_fd1cb9d
1eeb092c.jpg,new_whale w_3f90907 w_eb47189 w_80245ee w_4659acf
1eec8f00.jpg,new_whale w_98baff9 w_b0e05b1 w_20ba84b w_5e78545
1ef8b0eb.jpg,new_whale w_f19faeb w_7311fe4 w_7763134 w_490c8a0
1efa6333.jpg,new_whale w_4fdaa2a w_f031837 w_414f402 w_685466f
1f0423a1.jpg,new_whale w_c887c63 w_243e33e w_9ea2cc3 w_f5771d1
1f0a531b.jpg,new_whale w_4bf5a06 w_b9e00eb w_0e737d0 w_b066aa6
1f0d10a2.jpg,new_whale w_05b2ddd w_d88328d w_0f00e71 w_38e4aae
1f0f9baf.jpg,new_whale w_654a5bb w_2039053 w_c0d494d w_3197568
1f11e6ae.jpg,new_whale w_c06dd6e w_b7d5069 w_45b90d9 w_a3abc56
1f12ddfe.jpg,new_whale w_1772ed2 w_07a425f w_f3bd33a w_865c2ba
1f18a94c.jpg,new_whale w_f71bac2 w_4cff2f8 w_6545984 w_059ac60
1f190e76.jpg,new_whale w_bc18612 w_dfec7a3 w_9ec358c w_3026ce2
1f25ccbc.jpg,new_whale w_1eafe46 w_9ceb05d w_0869575 w_c0d494d
1f261407.jpg,new_whale w_576db5d w_61cf42e w_40cc259 w_c34afd7
1f2d3ffb.jpg,new_whale w_6460698 w_d1917df w_20c671c w_40a8760
1f2eedc6.jpg,new_whale w_490c8a0 w_e3caa40 w_f19faeb w_c2474a2
1f319364.jpg,new_whale w_52a081c w_cae7677 w_981a39b w_d9f1ea6
1f33c310.jpg,new_whale w_f115d53 w_c22307d w_99c07e8 w_7e8b270
1f35985e.jpg,new_whale w_a3abc56 w_fce6ab2 w_fc76ede w_ea6651e
1f362f2d.jpg,new_whale w_8cd6d46 w_a14ccaa w_656afeb w_9875c12
1f378328.jpg,new_whale w_788b689 w_cf3c233 w_06a6351 w_741861e
1f3d04ca.jpg,new_whale w_9236aac w_8459e39 w_5d0666e w_ea6651e
1f462e77.jpg,new_whale w_98baff9 w_7554f44 w_af6c7e2 w_cae7677
1f473961.jpg,new_whale w_9db9ef5 w_43be268 w_cd88a48 w_5b2bb99
1f4825c9.jpg,new_whale w_6556c5c w_8c1ec28 w_7763134 w_18a854b
1f4c5ce0.jpg,new_whale w_9577f88 w_adeee48 w_98baff9 w_e09e886
1f4e16fb.jpg,new_whale w_37a7f78 w_0bc712b w_4b16688 w_7d819df
1f50445b.jpg,new_whale w_b4732ef w_54b0844 w_2a18a44 w_89d9c03
1f58ce6c.jpg,new_whale w_a8e5d39 w_3db53dc w_11d8e5a w_1dc66b7
1f5e5d21.jpg,new_whale w_073b15e w_bb2d34d w_6c803bf w_59eb8ae
1f5f2406.jpg,new_whale w_0dee306 w_50cd600 w_bbd9409 w_b4732ef
1f6299c7.jpg,new_whale w_6598219 w_6710cf8 w_aa3d7b8 w_67de30b
1f6839da.jpg,new_whale w_d141590 w_1da7080 w_30d8376 w_99ad599
1f70b1b1.jpg,new_whale w_16d2ae2 w_ef7755e w_87050a3 w_7c18f3c
1f718faf.jpg,new_whale w_7db10cc w_5444df0 w_c027e4e w_48a98d7
1f78f348.jpg,new_whale w_1facad2 w_2f6e76c w_47d2bc6 w_2b930da
1f7c65da.jpg,new_whale w_0f92544 w_0e4f53c w_5297ab3 w_a85a3c9
1f81b0d8.jpg,new_whale w_c622a3f w_8a31e6c w_bf38f05 w_7b770ec
1f879b9a.jpg,new_whale w_ab4cae2 w_6202983 w_02facde w_540fd73
1f8e0f6c.jpg,new_whale w_2bea4c4 w_1772ed2 w_6a3210a w_69f4311
1f8f58ce.jpg,new_whale w_dbaa2b1 w_43eea34 w_4d528e4 w_2d99a0c
1f948638.jpg,new_whale w_3f90907 w_361e290 w_73b705e w_f803b29
1f99246c.jpg,new_whale w_e02fe7b w_9ca943b w_22bcbd6 w_aa16da4
1f9ed0c5.jpg,new_whale w_ab6db0f w_e826a6f w_0c70bc3 w_ea2385d
1fa457cd.jpg,new_whale w_0e4f53c w_0bc712b w_dd76ce2 w_b9df6da
1faa051d.jpg,new_whale w_22fa4ad w_e73c666 w_c3ff6f2 w_9caed77
1fab7a02.jpg,new_whale w_b7d5069 w_40323ac w_43be268 w_c0f3e88
1fb00522.jpg,new_whale w_33e89be w_008c602 w_af67683 w_9ec358c
1fb09489.jpg,new_whale w_9ceb05d w_efebfe8 w_7e8b270 w_8d83172
1fb60949.jpg,new_whale w_1969a9d w_2f54c3c w_f19faeb w_a646643
1fb68dd3.jpg,new_whale w_49bbc79 w_7bda16b w_2a939eb w_89e159a
1fba4171.jpg,new_whale w_41901e5 w_441bd21 w_c9eb806 w_a524549
1fca0e1f.jpg,new_whale w_777f59a w_6ec850b w_966e86e w_e03755a
1fcbb197.jpg,new_whale w_11ca856 w_96b697f w_02bb4cf w_640f91d
1fcc0ddc.jpg,new_whale w_91572bb w_aa16da4 w_9e1e818 w_02a768d
1fd03ce2.jpg,new_whale w_b2e1722 w_05b2ddd w_4855bd3 w_f18df18
1fd3ec33.jpg,new_whale w_392bee3 w_d10472d w_07fea3d w_e39371c
1fd420b2.jpg,new_whale w_17136dc w_7554f44 w_e3c119c w_4b7b80b
1fd7b370.jpg,new_whale w_d9fdd15 w_9ceb05d w_17dc953 w_11ca856
1fd7ec12.jpg,new_whale w_6202983 w_851a7f4 w_b69eb76 w_8bdc211
1fd87a51.jpg,new_whale w_4855bd3 w_9875c12 w_06972d2 w_f81c626
1fdc74d6.jpg,new_whale w_4f38350 w_ee9c4d7 w_f3bd33a w_ee17a08
1fe28642.jpg,new_whale w_bdbec6c w_fea7fe6 w_7586198 w_8c1e2e4
1fe6401d.jpg,new_whale w_dd90e0a w_0a97a25 w_e826a6f w_796eebc
1fe9493c.jpg,new_whale w_95874a5 w_0d39a68 w_18eee6e w_dcb1f2a
1fedb1cf.jpg,new_whale w_dce3192 w_8bde95b w_19eb1b8 w_4b83ce2
1ff11dd2.jpg,new_whale w_7d9642c w_2863d51 w_a14ccaa w_b970272
1ff136ec.jpg,new_whale w_21e178f w_ae07541 w_43b50e5 w_1287fbc
1ff2552e.jpg,new_whale w_dcf2001 w_1a5e7a2 w_c9e1cdc w_28ce17c
1ff4e67c.jpg,new_whale w_60eba40 w_25fdcfb w_9e4a26f w_88b5d47
1ff6f9de.jpg,new_whale w_0ac6a0a w_38e4aae w_2832e90 w_fc433f7
1ffe84d9.jpg,new_whale w_da0b8b5 w_3d66298 w_8c1dab2 w_9ca943b
1fff1e5b.jpg,new_whale w_4a7080a w_cd88a48 w_7c7a78c w_ee17a08
1fff81eb.jpg,new_whale w_4494645 w_0e737d0 w_0ffc383 w_d428980
20074d39.jpg,new_whale w_98413c8 w_0337aa5 w_a2a1378 w_2d29ddd
200aff91.jpg,new_whale w_badfc4b w_b38374a w_4e52a49 w_3e1ba5b
200c562b.jpg,new_whale w_73b705e w_efebfe8 w_c0d494d w_97f5054
200c628b.jpg,new_whale w_5af463d w_6c803bf w_ff70408 w_0600ecf
2014b057.jpg,new_whale w_680b86e w_987a36f w_1b1c4f1 w_34c4927
201535fa.jpg,new_whale w_4b7b80b w_35063ed w_7554f44 w_e59294d
2015b485.jpg,new_whale w_9b098ea w_7dee51b w_7946258 w_b69eb76
201ea0e9.jpg,new_whale w_8158b1f w_0aae8c1 w_3326396 w_6232813
2025aea0.jpg,new_whale w_bf38f05 w_f792125 w_67fecca w_3e02970
20289fe3.jpg,new_whale w_6f504c0 w_c8bf168 w_056be75 w_fd07344
203a5a6f.jpg,new_whale w_02a768d w_44a6b62 w_6202983 w_b9f5b8b
203f0672.jpg,new_whale w_2d99a0c w_34c4927 w_49bbc79 w_9771603
20444618.jpg,new_whale w_02b775b w_b074cdf w_7554f44 w_d224115
2044846f.jpg,new_whale w_c27d036 w_69e1d0a w_7538a4c w_62ca7c8
20460604.jpg,new_whale w_43be268 w_1c32062 w_5e04db0 w_b17f9ea
20467a22.jpg,new_whale w_74e15fc w_540fd73 w_43be268 w_987a36f
2047e2b2.jpg,new_whale w_3ae3603 w_1eafe46 w_8397970 w_6202983
204d4f83.jpg,new_whale w_8fd5636 w_6a78025 w_46a4137 w_e3b2cfa
20534014.jpg,new_whale w_43be268 w_48a98d7 w_fba3bde w_530f87b
2062d783.jpg,new_whale w_7554f44 w_98baff9 w_c0d494d w_b7d5069
206738e2.jpg,new_whale w_a2660fd w_32a920b w_dfbfe10 w_e158680
2076f01b.jpg,new_whale w_98baff9 w_0308405 w_53859b2 w_cb7b682
20789779.jpg,new_whale w_b9f5b8b w_1eafe46 w_a837660 w_c5d7c03
2085e646.jpg,new_whale w_1431f4b w_243e33e w_09d48d1 w_15eae33
2086938f.jpg,new_whale w_71c7322 w_2f89dfe w_8325a79 w_fd07344
208b2c71.jpg,new_whale w_71764b4 w_c55c9cd w_6202983 w_813c5be
2097592c.jpg,new_whale w_0beef28 w_32602d9 w_55132a6 w_34801a4
209c67c5.jpg,new_whale w_65139e4 w_b68d041 w_693c9ee w_69e88da
209f2a9e.jpg,new_whale w_7759db0 w_77e1d3f w_ad87135 w_db474c7
209f9717.jpg,new_whale w_1eafe46 w_86113c4 w_9ceb05d w_6202983
209fbc4e.jpg,new_whale w_4fd48e7 w_d67071c w_b9f5b8b w_966e86e
20a2f8e3.jpg,new_whale w_73d5489 w_aed8c22 w_a5f7fce w_0e7cb1c
20ac0cfb.jpg,new_whale w_9d0e84a w_e3b236d w_01b2250 w_05b2ddd
20ae5327.jpg,new_whale w_9321960 w_d9aab0a w_9b401eb w_91572bb
20aef8b8.jpg,new_whale w_6e8486d w_e38b2c7 w_9ea2cc3 w_bb2d34d
20c07e4b.jpg,new_whale w_c583383 w_9cb529f w_b4369cc w_6c803bf
20c2040d.jpg,new_whale w_307065e w_d5ec83f w_dcb1f2a w_fe2742d
20c386a6.jpg,new_whale w_bccfcc1 w_c241e72 w_ca8bfb4 w_b14007c
20c39acd.jpg,new_whale w_e0818df w_e8c35dc w_9ec358c w_661dacb
20cee99f.jpg,new_whale w_b7fe199 w_ff1b64c w_2071a4c w_63d1ea6
20d09f44.jpg,new_whale w_9db9ef5 w_7419e4b w_cd1f1ed w_511c464
20d0ffc1.jpg,new_whale w_143b201 w_8fd5636 w_4be373e w_a3c6ed0
20d83853.jpg,new_whale w_f5771d1 w_243e33e w_19ca2c6 w_ab1c859
20e05769.jpg,new_whale w_c06dd6e w_826eb44 w_06dbe6b w_79f5620
20e3ad2f.jpg,new_whale w_e6f5e09 w_f014da3 w_0b0b7cc w_67c1b6f
20e5e265.jpg,new_whale w_ca813c2 w_ab4bd59 w_9ea2cc3 w_02facde
20f0fa83.jpg,new_whale w_ebe0ad5 w_e59294d w_c9ba30c w_40a8760
20f3aaf0.jpg,new_whale w_f64658b w_9ea2cc3 w_0a97a25 w_4659acf
20fc4986.jpg,new_whale w_f6fb689 w_62f804d w_f5771d1 w_b942708
210239be.jpg,new_whale w_1c22d7e w_0526c04 w_5f82501 w_06c470d
2102d9b4.jpg,new_whale w_813c5be w_3de676c w_3461d6d w_fd3ce71
2109edab.jpg,new_whale w_4659acf w_2fe43c7 w_026fdf8 w_c27d036
211070a4.jpg,new_whale w_f852d15 w_2dc2ef2 w_f8c9150 w_338b130
2112d690.jpg,new_whale w_1dff010 w_8d83172 w_dfbfe10 w_451f507
21153ca8.jpg,new_whale w_b942708 w_17ee910 w_c9e1cdc w_307065e
21179b4c.jpg,new_whale w_55647bd w_bccfcc1 w_9948a99 w_acc67ea
211ddd7d.jpg,new_whale w_3e1ccc9 w_6232813 w_1ac4c38 w_0c8967d
2120cf78.jpg,new_whale w_80d95d6 w_24bdae3 w_eff7e35 w_3572b44
21215f03.jpg,new_whale w_1596a47 w_d1d8f98 w_d775542 w_1a5beb9
2129f0f8.jpg,new_whale w_2c3f440 w_5436d75 w_b066aa6 w_43be268
212bf9f7.jpg,new_whale w_f78c287 w_00cb685 w_f2d87b0 w_0beef28
212ee428.jpg,new_whale w_a350727 w_06dbe6b w_01a4234 w_5d86dc6
213372d9.jpg,new_whale w_7918071 w_17e592c w_0c8a724 w_80d95d6
2134272f.jpg,new_whale w_032d44d w_7028d77 w_7e8b270 w_aa16da4
214ff4a3.jpg,new_whale w_dfbfe10 w_62c3998 w_932c8cd w_33973bf
2151e553.jpg,new_whale w_98f0e93 w_0ac9006 w_e02fe7b w_fe49bc4
2153ccf0.jpg,new_whale w_59eb8ae w_dff2982 w_0e9f6d9 w_33b9360
21541520.jpg,new_whale w_7c943ab w_47d2bc6 w_0a97a25 w_796eebc
21550325.jpg,new_whale w_ddad87e w_0e4f53c w_143b201 w_d22af00
2157c589.jpg,new_whale w_82e0d98 w_01c2cb0 w_7895123 w_f86488a
21598dcb.jpg,new_whale w_fba3bde w_6c803bf w_18eee6e w_d2be6cc
215bf4be.jpg,new_whale w_c11932e w_b282692 w_1e75406 w_af890ad
215e43b9.jpg,new_whale w_1dd8e68 w_ddad87e w_d663f4f w_b1a4f29
215f2f97.jpg,new_whale w_1a70685 w_44cccf6 w_5624f08 w_7c7a78c
216593b2.jpg,new_whale w_c4f3619 w_c11932e w_b1d6681 w_ebe0ad5
21664d38.jpg,new_whale w_4fa1bd5 w_43be268 w_1eafe46 w_b4732ef
216c9bcc.jpg,new_whale w_e61dd6d w_e62b5d8 w_49bbc79 w_3fe1eb9
2171c8cf.jpg,new_whale w_18eee6e w_e74980b w_dfec7a3 w_1a70685
2177ad24.jpg,new_whale w_c5e6997 w_2cdf820 w_2018f6c w_1904e8c
217bf6b0.jpg,new_whale w_ef67a6c w_b4eeae6 w_b0a5c8d w_fd218ba
2180db25.jpg,new_whale w_19e5482 w_7885601 w_898bb9a w_ad1d93b
21850368.jpg,new_whale w_788b689 w_b074cdf w_c10ffe9 w_3af4e73
2186d090.jpg,new_whale w_837646b w_f8e6546 w_5f50b5e w_699be3a
2190b0b1.jpg,new_whale w_fc7cc24 w_9122179 w_6af9dd7 w_43be268
2196316d.jpg,new_whale w_19ca2c6 w_d52bc74 w_9621342 w_3f2a05c
21988e9b.jpg,new_whale w_d3ce445 w_29eb3b2 w_cc759cd w_ead305f
219f7ee1.jpg,new_whale w_aa7e5f4 w_fe49bc4 w_511c464 w_3e02970
21a7b934.jpg,new_whale w_78a4639 w_479e3e5 w_f8aacbd w_0a565c5
21acb21e.jpg,new_whale w_966e86e w_5c23454 w_654a5bb w_5f50b5e
21b0b37d.jpg,new_whale w_272259b w_20eb13c w_4659acf w_26edeb8
21b183a5.jpg,new_whale w_e449d3a w_fd698a3 w_9291cdf w_7e8fb79
21b20425.jpg,new_whale w_3f907d6 w_993d66c w_68a3df0 w_361e290
21c08836.jpg,new_whale w_2d99a0c w_6d05f7f w_238bbbf w_daf1085
21cc890e.jpg,new_whale w_ff7630a w_dbda0d6 w_7311fe4 w_f19faeb
21d126b7.jpg,new_whale w_c8f7bcd w_95874a5 w_b678944 w_6c803bf
21d4ab4e.jpg,new_whale w_0f92544 w_777546c w_1632307 w_0a0cf7d
21d919af.jpg,new_whale w_b4369cc w_a91b997 w_6c803bf w_6e7262e
21e0d9f5.jpg,new_whale w_5f7c402 w_aae82f8 w_cae7677 w_6547e12
21e5bfdd.jpg,new_whale w_0324b97 w_8397970 w_703e39b w_4659acf
21e670a3.jpg,new_whale w_f86488a w_fba3bde w_67de30b w_4ebeafb
21f06ad9.jpg,new_whale w_dbda0d6 w_2071a4c w_7dee51b w_cce912e
21f603f3.jpg,new_whale w_0bc712b w_e4d3ec3 w_4b16688 w_37a7f78
21fc8959.jpg,new_whale w_92d55a6 w_930bc39 w_587d2e3 w_daf162a
21fd286f.jpg,new_whale w_3cdf114 w_6df35bf w_8a997b8 w_3cada3d
2202590c.jpg,new_whale w_c241e72 w_ca8bfb4 w_db0ad01 w_7586198
2207146c.jpg,new_whale w_00cb685 w_9dcf002 w_1af5d59 w_ab4bd59
220bc43f.jpg,new_whale w_7554f44 w_42f935c w_dbda0d6 w_b7d5069
22106f09.jpg,new_whale w_ea90267 w_79185c2 w_96fd936 w_02bb4cf
2212bbb4.jpg,new_whale w_73cbacd w_a1237e3 w_0c6d50d w_ca56bf3
2215377c.jpg,new_whale w_15427c3 w_86b3f04 w_032d44d w_0e4f53c
221740a3.jpg,new_whale w_a59905f w_fe49bc4 w_4855bd3 w_987a36f
22193570.jpg,new_whale w_5374a4c w_5d84c65 w_a232f9e w_1f10750
22199be1.jpg,new_whale w_6710cf8 w_5e43abb w_d428980 w_a59905f
2224a2b0.jpg,new_whale w_18eee6e w_0a97a25 w_54c00ad w_67de30b
222d6b05.jpg,new_whale w_8fac7da w_8a7b9c8 w_52c8684 w_a59075f
22333b76.jpg,new_whale w_c0d1701 w_1652da1 w_22bcbd6 w_2c46a73
22388163.jpg,new_whale w_19a5685 w_89d9c03 w_fe49bc4 w_096bc48
223918e0.jpg,new_whale w_fe49bc4 w_656afeb w_43be268 w_e45bc18
22410984.jpg,new_whale w_496c4f0 w_4504167 w_fcfcf68 w_adb041c
224479de.jpg,new_whale w_3d187b5 w_54fc5b3 w_e64ad53 w_09f9fd3
224483cd.jpg,new_whale w_f478955 w_2039053 w_62f804d w_89e159a
22486971.jpg,new_whale w_02a768d w_d09e61a w_654a5bb w_aa16da4
2248e860.jpg,new_whale w_94cd45e w_3fc3d07 w_b942708 w_f83b1f9
22521eb5.jpg,new_whale w_97f5054 w_bb2d34d w_d6d502a w_87e8446
22523e77.jpg,new_whale w_c2580ef w_40323ac w_029013f w_654a5bb
225a9890.jpg,new_whale w_e430ce0 w_f014da3 w_e6f5e09 w_99365b3
225e9d70.jpg,new_whale w_40323ac w_3674103 w_f81e77a w_c708dc7
227652fb.jpg,new_whale w_1f0da94 w_60cc444 w_8044362 w_b9f5b8b
22778ace.jpg,new_whale w_e3c0ae5 w_c2474a2 w_f478955 w_2c3f440
227b8dca.jpg,new_whale w_3d0bc7a w_6361632 w_3fe1eb9 w_e80641a
2281530f.jpg,new_whale w_1eafe46 w_b4732ef w_1287fbc w_71c7322
22842378.jpg,new_whale w_dfbfe10 w_e158680 w_e0f1df1 w_057c418
2285e76f.jpg,new_whale w_21dfc18 w_788b689 w_7234b3d w_693c9ee
22894516.jpg,new_whale w_1904e8c w_bf38f05 w_19dc50f w_fe49bc4
2289895b.jpg,new_whale w_e3c119c w_18eee6e w_aa7a302 w_932c8cd
228ccb83.jpg,new_whale w_cc759cd w_38e4aae w_efe57c7 w_8d83172
2291ca15.jpg,new_whale w_f6fb689 w_6f2de72 w_1632307 w_0e737d0
22934426.jpg,new_whale w_a3c6ed0 w_6232813 w_c3d523d w_5817e08
2299dc28.jpg,new_whale w_a13ada3 w_654a5bb w_ee17a08 w_b678944
2299e591.jpg,new_whale w_d0b237f w_90f5d3b w_71e6583 w_b4732ef
22a03048.jpg,new_whale w_c0d494d w_9b098ea w_693c9ee w_e02fe7b
22a36463.jpg,new_whale w_dd393cb w_3ee8570 w_c551c9d w_74011a2
22a88b8b.jpg,new_whale w_073f071 w_5d84c65 w_3eaef21 w_c4c8491
22aa2a7b.jpg,new_whale w_6710cf8 w_7f40920 w_9ceb05d w_b7d5069
22b1d509.jpg,new_whale w_efebfe8 w_57c8da9 w_a69bb2b w_b4732ef
22b32757.jpg,new_whale w_759b647 w_8c66a16 w_24e2654 w_964c1b3
22b7d3ba.jpg,new_whale w_d9fdd15 w_d037229 w_1a70685 w_0771d4b
22ba6c4c.jpg,new_whale w_f7d5919 w_e988011 w_861cc1c w_8397970
22bd309e.jpg,new_whale w_38e4aae w_05b2ddd w_32a920b w_b729b1f
22bd7313.jpg,new_whale w_6710cf8 w_d428980 w_0beef28 w_987a36f
22c0095d.jpg,new_whale w_fd1cb9d w_479e3e5 w_01687a8 w_c4c8491
22c05fbf.jpg,new_whale w_7b5d0f0 w_3d66298 w_b08520c w_92be3ca
22c64931.jpg,new_whale w_5570053 w_0e10dbe w_63db6f9 w_f022f78
22ccae41.jpg,new_whale w_36a4e8b w_9948a99 w_fea7fe6 w_efd3f81
22d6a8a6.jpg,new_whale w_3d0bc7a w_11adaae w_2d99a0c w_9ec358c
22df21a0.jpg,new_whale w_e59294d w_58bca3c w_73d5489 w_886257d
22e4d3a3.jpg,new_whale w_932c8cd w_9ceb05d w_38e4aae w_abe383e
22e998c8.jpg,new_whale w_656afeb w_1596a47 w_651cbb7 w_32a920b
22ee4655.jpg,new_whale w_38e4aae w_6af9dd7 w_3e1ba5b w_2ce9f0c
22efad7f.jpg,new_whale w_18a854b w_cc5fae7 w_9dc4181 w_79b42cd
22f3d8da.jpg,new_whale w_c6be61e w_8e451d9 w_741861e w_8867074
22fcd5b0.jpg,new_whale w_f3865d6 w_0e9f6d9 w_2d99a0c w_33b9360
2301fb5c.jpg,new_whale w_79b42cd w_3674103 w_1287fbc w_569c2c7
2305bf21.jpg,new_whale w_9caed77 w_303518a w_8bdc211 w_79c30e7
2308d6f5.jpg,new_whale w_1da7080 w_99ad599 w_ecbf9fa w_dd52cfc
230e5470.jpg,new_whale w_9d704ab w_c0d494d w_ca0ec7c w_8867074
230fdb86.jpg,new_whale w_f9d27ad w_b0e05b1 w_2e872af w_8b15b96
23115a8a.jpg,new_whale w_2f6a962 w_77e1ae3 w_11adaae w_efebfe8
23185664.jpg,new_whale w_4655b25 w_fd1cb9d w_4d98ef7 w_e7a238b
23191510.jpg,new_whale w_7b770ec w_9c3db0a w_39b22d9 w_a533837
23191ca9.jpg,new_whale w_eb39613 w_5ba417d w_c622a3f w_0e4f53c
2319e2ad.jpg,new_whale w_4659acf w_8fab53d w_7c6ad05 w_f64658b
231c8251.jpg,new_whale w_f8e6546 w_9b6b87d w_338b130 w_9f718e8
2324703b.jpg,new_whale w_7554f44 w_b074cdf w_4fb3c95 w_48a5b86
2329718c.jpg,new_whale w_9caed77 w_80b1c48 w_d224115 w_5f8b9b9
2331ab22.jpg,new_whale w_b4a223d w_b1a8107 w_ffa78a5 w_dbda0d6
2332a848.jpg,new_whale w_735d8a4 w_71764b4 w_89d9c03 w_f8c3a63
23360fc6.jpg,new_whale w_b39c722 w_511c464 w_4fd48e7 w_aeca19c
234125db.jpg,new_whale w_71764b4 w_7554f44 w_17ee910 w_9ceb05d
2341617e.jpg,new_whale w_fea7fe6 w_9e7cada w_4e68ddc w_9875c12
23437b6a.jpg,new_whale w_3af4e73 w_0beef28 w_ca55545 w_ee9c4d7
23462766.jpg,new_whale w_a3c6ed0 w_3b90f9b w_3136deb w_c2474a2
234f0d51.jpg,new_whale w_dcb1f2a w_d5ec83f w_fe2742d w_1a5e7a2
234f268d.jpg,new_whale w_bc18612 w_0f96780 w_71c7322 w_147b62b
234fd5ea.jpg,new_whale w_4a3032d w_52e7cf6 w_0245a27 w_45aac7a
23511b80.jpg,new_whale w_af5d11a w_8867074 w_9875c12 w_d465e44
23535a63.jpg,new_whale w_0fa8587 w_8f50a1f w_f7fed13 w_41ed8e8
2355a362.jpg,new_whale w_49ae15d w_d9aab0a w_a66b2a5 w_9b401eb
2359a07d.jpg,new_whale w_b96d4e0 w_0e737d0 w_1eafe46 w_dc89c4c
235b0963.jpg,new_whale w_f2e9055 w_6710cf8 w_67de30b w_fd1cb9d
235be533.jpg,new_whale w_c9e1cdc w_9ec358c w_18eee6e w_ab6db0f
23619dfc.jpg,new_whale w_cad1a8d w_367b996 w_a524549 w_29670e2
236b0924.jpg,new_whale w_d141590 w_6f211a9 w_a7c6cf3 w_2c83e22
23789ec4.jpg,new_whale w_dfec7a3 w_7bda16b w_5fc0120 w_1ac4c38
23814b88.jpg,new_whale w_67de30b w_62f804d w_711aaa1 w_6c803bf
2382dd4d.jpg,new_whale w_33b9360 w_bb2d34d w_6e8486d w_4a78bf2
23833747.jpg,new_whale w_7b035cc w_cd88a48 w_0f96780 w_d428980
23838102.jpg,new_whale w_be4d5b8 w_eac205a w_8103039 w_9bcb0f8
2383cc95.jpg,new_whale w_2071a4c w_5f82501 w_654a5bb w_6ddff9b
2386dc2e.jpg,new_whale w_94c6edb w_1b6d171 w_def505e w_7554f44
238e636c.jpg,new_whale w_c027e4e w_bb2d34d w_0a97a25 w_9ea2cc3
23903ed6.jpg,new_whale w_94e1ed4 w_2dae424 w_b066aa6 w_569c2c7
23914a61.jpg,new_whale w_d3c8520 w_686408a w_a8bc2bc w_73cbacd
2392ab73.jpg,new_whale w_030294d w_f8e6546 w_48dd419 w_d6a6360
239ab466.jpg,new_whale w_f8e6546 w_883b284 w_d663f4f w_2725793
23a1ae27.jpg,new_whale w_cd88a48 w_d434526 w_7c7a78c w_3694c7d
23a2eb58.jpg,new_whale w_0e9f6d9 w_56bbc91 w_1dff010 w_2d99a0c
23a8cc53.jpg,new_whale w_32602d9 w_67de30b w_c95a0ea w_0cc4a2b
23aad843.jpg,new_whale w_98baff9 w_e5250e9 w_f8c3a63 w_2282bb8
23b4e281.jpg,new_whale w_f2e9055 w_9ceb05d w_6c803bf w_3cf3853
23b5518d.jpg,new_whale w_7c7a78c w_8c1ec28 w_7e8b270 w_654a5bb
23c4bf7a.jpg,new_whale w_38e4aae w_dcb1f2a w_56bbc91 w_18eee6e
23c95ea1.jpg,new_whale w_2db01d5 w_d663f4f w_6202983 w_b4732ef
23cbbad3.jpg,new_whale w_98baff9 w_f51b4bc w_00fbb4e w_aa64cc1
23d1c7ea.jpg,new_whale w_ef7755e w_d2be6cc w_11f6df1 w_540fd73
23d79d64.jpg,new_whale w_9dfbd27 w_af6c7e2 w_e73c666 w_02c9470
23da3abf.jpg,new_whale w_c887c63 w_9287bbb w_fae3939 w_d6a6360
23dad841.jpg,new_whale w_1f10750 w_8fd5636 w_5d84c65 w_1a229eb
23e769a9.jpg,new_whale w_c0f3e88 w_cbd271b w_bc9dc37 w_0e10dbe
23eeecf5.jpg,new_whale w_11c504f w_4b7b80b w_98baff9 w_7554f44
23f3a671.jpg,new_whale w_9411f86 w_06ff732 w_5e57e8b w_2663598
23f91d76.jpg,new_whale w_3d0bc7a w_e61dd6d w_1a70685 w_8376b7e
240305d5.jpg,new_whale w_4953ce7 w_2dc2ef2 w_d6d502a w_7eb2c7c
24048021.jpg,new_whale w_c94f464 w_1ae1386 w_e02fe7b w_b7d5069
24066fcb.jpg,new_whale w_48dd419 w_569c2c7 w_8c1ec28 w_4fb3c95
24089b66.jpg,new_whale w_ffa7427 w_540fd73 w_1287fbc w_da2efe0
240d73bd.jpg,new_whale w_6d17527 w_36a4e8b w_9694b9d w_98baff9
241892c8.jpg,new_whale w_7b5a630 w_7c18f3c w_4790f64 w_db2baec
2418cc75.jpg,new_whale w_91faa95 w_8ba9abd w_f104523 w_d148982
241c117d.jpg,new_whale w_9ec358c w_e0818df w_fba3bde w_d915632
24208289.jpg,new_whale w_d937660 w_c102ec3 w_36eb0b1 w_25a38b8
24268d16.jpg,new_whale w_0d733a5 w_32915fe w_2cca6a1 w_0bc712b
2427de9d.jpg,new_whale w_5f50b5e w_99365b3 w_1127c35 w_91faa95
2428c553.jpg,new_whale w_52e7cf6 w_deb33de w_5102893 w_8bdc211
24295ce2.jpg,new_whale w_3d0bc7a w_867c363 w_c9111ac w_2d99a0c
242be406.jpg,new_whale w_cae7677 w_30f095d w_f18df18 w_a59905f
2430126b.jpg,new_whale w_5d96ba4 w_2d29ddd w_6232813 w_886257d
24319a99.jpg,new_whale w_5fda054 w_2e4fecc w_7e8b270 w_86431c7
243a7af5.jpg,new_whale w_a01d903 w_72dfe51 w_fe2742d w_dcb1f2a
243af012.jpg,new_whale w_e0e5c9e w_8ba2066 w_fe36b07 w_cc22f68
243b060b.jpg,new_whale w_893ccb4 w_6a7478d w_3cdf114 w_c666071
243ef9d5.jpg,new_whale w_874cf52 w_0626e4d w_edcb241 w_5cc2285
243f8006.jpg,new_whale w_ef7755e w_d2be6cc w_16d2ae2 w_0e737d0
24430865.jpg,new_whale w_8c1ec28 w_44f66a7 w_e00a916 w_7e8b270
24449f11.jpg,new_whale w_9875c12 w_026fdf8 w_778ee6e w_a54e7c1
2448f674.jpg,new_whale w_44cccf6 w_8376b7e w_2a939eb w_b34793e
244d0410.jpg,new_whale w_9875c12 w_414a0d7 w_43be268 w_656afeb
2453a567.jpg,new_whale w_d7d60f9 w_3297a52 w_adc6e1b w_49c9417
245fa2b2.jpg,new_whale w_62f299e w_721d2e9 w_398aa7f w_419226b
2460038f.jpg,new_whale w_73cbacd w_338b130 w_1632307 w_dd52cfc
24610cd2.jpg,new_whale w_6710cf8 w_6c803bf w_987a36f w_3af4e73
2461518d.jpg,new_whale w_2168ae2 w_3cf3853 w_4855bd3 w_bb2d34d
2465d397.jpg,new_whale w_8c1ec28 w_0e737d0 w_6202983 w_1e674e6
24665e7e.jpg,new_whale w_272259b w_4659acf w_414f402 w_b890652
2468cbb4.jpg,new_whale w_20c671c w_73d5489 w_97493dd w_493c000
246f16fa.jpg,new_whale w_cd1f1ed w_75e6bf3 w_8fab53d w_5cc2285
2470fa97.jpg,new_whale w_d465e44 w_17e8554 w_43be268 w_540fd73
24718635.jpg,new_whale w_701972b w_179ffe3 w_e282300 w_4ae9b0a
24719e1d.jpg,new_whale w_49bbc79 w_813c5be w_b6ae946 w_655efb0
24735826.jpg,new_whale w_ad87135 w_7311fe4 w_7c7a78c w_1287fbc
247571a5.jpg,new_whale w_8fab53d w_0740d28 w_d2f7b3c w_5982299
2477bfac.jpg,new_whale w_b6689cc w_bb2d34d w_b6886e5 w_c9e1cdc
247a37bc.jpg,new_whale w_b7fe199 w_dd52cfc w_26f9f95 w_8c605d2
247cd60b.jpg,new_whale w_2d09595 w_92585eb w_c00534d w_a2f5cc0
2481e1fc.jpg,new_whale w_6710cf8 w_b970272 w_3af4e73 w_d2be6cc
248a62bc.jpg,new_whale w_12f2352 w_b6ed5d2 w_479e3e5 w_aed8c22
248cf0d7.jpg,new_whale w_e41f2fa w_7918071 w_e3b2cfa w_61b87f9
2494f682.jpg,new_whale w_414c24a w_41901e5 w_b074cdf w_8c605d2
249dfa15.jpg,new_whale w_c10ffe9 w_abe383e w_34c4927 w_89e159a
24a69c1b.jpg,new_whale w_48a98d7 w_cd1f1ed w_7c7a78c w_fba3bde
24ac5c19.jpg,new_whale w_8dddd45 w_2c55303 w_e7e6ef2 w_f81c626
24afd707.jpg,new_whale w_0a97a25 w_aa64cc1 w_df21074 w_9577f88
24b98331.jpg,new_whale w_75bac95 w_ac87f37 w_28cd742 w_b6410bc
24bc4e24.jpg,new_whale w_18a854b w_1c32062 w_8ba2066 w_08f1502
24c17b2b.jpg,new_whale w_ae07541 w_62c3998 w_dfbfe10 w_1aa0526
24c40df1.jpg,new_whale w_fe5e78b w_cf82352 w_9c5ed68 w_3b99025
24c666b8.jpg,new_whale w_3f5e7fc w_48dd419 w_7554f44 w_15d7ecf
24c82ff6.jpg,new_whale w_fd1cb9d w_3039e7a w_a9dd349 w_4e7fc3e
24cd5213.jpg,new_whale w_3063bf4 w_6d274b2 w_98baff9 w_40323ac
24cfe1d0.jpg,new_whale w_8044362 w_ab4cae2 w_79b42cd w_693c9ee
24d0d529.jpg,new_whale w_63d1ea6 w_fe6617a w_da6d50b w_39b22d9
24d2f0f2.jpg,new_whale w_5e43abb w_dab33f6 w_7108f6d w_cd1f1ed
24d3a770.jpg,new_whale w_d1d8f98 w_cd70e8b w_8f1946f w_1d05772
24d515bb.jpg,new_whale w_cb38960 w_b074cdf w_d96a0cd w_861cc1c
24d6cfb6.jpg,new_whale w_eff7e35 w_e449d3a w_1632307 w_73cbacd
24d7884a.jpg,new_whale w_0f84bf6 w_48a98d7 w_7895123 w_2ceab05
24d88bd9.jpg,new_whale w_daeb296 w_7ed0d17 w_92d55a6 w_238bbbf
24e986ac.jpg,new_whale w_c5e6997 w_87050a3 w_7c18f3c w_932c8cd
24ea5f05.jpg,new_whale w_d88328d w_7b035cc w_d4119a7 w_9a8f43f
24f104d8.jpg,new_whale w_0dee306 w_2f283f3 w_2af3059 w_3d8c865
24f7ddb3.jpg,new_whale w_ae07541 w_34c4927 w_62c3998 w_35453e0
24f9491b.jpg,new_whale w_6ae1eaf w_c00534d w_0175a35 w_f9a09c6
250165f9.jpg,new_whale w_8e4abc9 w_52a081c w_62ca7c8 w_0466071
2503363c.jpg,new_whale w_abe383e w_654a5bb w_5f82501 w_9c5ed68
25099042.jpg,new_whale w_1431f4b w_f714476 w_c0d494d w_735ce7d
250dd716.jpg,new_whale w_050d056 w_6202983 w_5b99089 w_d52bc74
2514dc00.jpg,new_whale w_1287fbc w_b4732ef w_43b50e5 w_37dd956
2515946d.jpg,new_whale w_43e45b6 w_ca3bb23 w_2e4fecc w_df834bf
251a0f34.jpg,new_whale w_cd88a48 w_fbcb6e4 w_abe383e w_b6689cc
25235aae.jpg,new_whale w_b074cdf w_c57623d w_f9038ed w_d1b13bb
252c67c3.jpg,new_whale w_94c6edb w_acc33ca w_1b6d171 w_83714b7
25345301.jpg,new_whale w_1af5d59 w_423e872 w_c39fceb w_3326396
2535d991.jpg,new_whale w_64a51a4 w_1fd0d0e w_23cd105 w_cae7677
25360103.jpg,new_whale w_c9dd32e w_cece268 w_2dea395 w_3e0f25d
253806ab.jpg,new_whale w_4b7b80b w_9ea2cc3 w_a074c7e w_a59905f
253dfaac.jpg,new_whale w_57e8a80 w_d9aab0a w_7e8b270 w_dd086b2
253f50d7.jpg,new_whale w_71c7322 w_6ba46a1 w_7c7a78c w_a22afc6
2549ecb1.jpg,new_whale w_b066aa6 w_40e3ee7 w_987a36f w_6c803bf
254a2522.jpg,new_whale w_59866ca w_40323ac w_5f7c402 w_fe49bc4
254d284b.jpg,new_whale w_af5d11a w_e3c119c w_43be268 w_79d4855
25541291.jpg,new_whale w_19e5d10 w_fce6ab2 w_75e6bf3 w_4759be5
25547efc.jpg,new_whale w_94cd45e w_57e8a80 w_987a36f w_471cca4
255dfbef.jpg,new_whale w_3e1bdd0 w_41c0098 w_156c0db w_9c5ed68
2566b085.jpg,new_whale w_fa32440 w_d58a303 w_e61dd6d w_9989964
2566e6da.jpg,new_whale w_434ad6a w_0654dd9 w_1f00cb7 w_8c1ec28
25683268.jpg,new_whale w_1ac4c38 w_6c803bf w_569c2c7 w_778ee6e
25697f26.jpg,new_whale w_8f1946f w_cd70e8b w_1596a47 w_61cf42e
256b9303.jpg,new_whale w_cae7677 w_5919cf7 w_987a36f w_98baff9
256db2c9.jpg,new_whale w_599d0df w_1a5beb9 w_084d01c w_37c23fa
2570c646.jpg,new_whale w_6c803bf w_aa15df6 w_4855bd3 w_62f804d
2577d264.jpg,new_whale w_e3b236d w_9122179 w_d25a717 w_b478c13
2580e35b.jpg,new_whale w_b4d182b w_59db39b w_b5ea8a0 w_33c3ce1
2580fde9.jpg,new_whale w_429e9ad w_eb47189 w_7b035cc w_b6c4efa
25820bea.jpg,new_whale w_8c1e2e4 w_ab6db0f w_0a97a25 w_d382236
25820e4f.jpg,new_whale w_55647bd w_5436d75 w_62799b5 w_e64c9a6
2585ea9c.jpg,new_whale w_a18c856 w_b7fe199 w_338b130 w_31446aa
2586b566.jpg,new_whale w_8bcf29b w_c22307d w_33032d1 w_1a229eb
2589ac43.jpg,new_whale w_cd02407 w_218b25e w_b588283 w_b1f6e70
258cb14f.jpg,new_whale w_62ca7c8 w_f63d8b0 w_530f87b w_993d66c
258e5889.jpg,new_whale w_8103039 w_d96a0cd w_f188f95 w_38b1edd
25911ee9.jpg,new_whale w_ef2f0f0 w_30f095d w_cd88a48 w_5b2bb99
25916597.jpg,new_whale w_acc67ea w_aeca19c w_9ca943b w_1652da1
2591a121.jpg,new_whale w_86113c4 w_ff7630a w_b0e05b1 w_7427ace
2594e387.jpg,new_whale w_8b1ca89 w_fe19618 w_987a36f w_2486665
2595a9dc.jpg,new_whale w_6d4dedc w_79071e8 w_6d17527 w_efebfe8
25a50a29.jpg,new_whale w_e3f7187 w_1af5d59 w_8392ae9 w_6232813
25a77145.jpg,new_whale w_7c44934 w_4fdaa2a w_c10ffe9 w_6c803bf
25a8caed.jpg,new_whale w_3674103 w_ab4cae2 w_a18d0dc w_cf0c062
25aa8e0f.jpg,new_whale w_48a98d7 w_43be268 w_1c3cecd w_e0bbddc
25ac0f71.jpg,new_whale w_e0818df w_6c803bf w_0e737d0 w_d36f58c
25b7f3a5.jpg,new_whale w_42f935c w_97da401 w_b074cdf w_98baff9
25b93373.jpg,new_whale w_056be75 w_cef690d w_4696a5a w_11adaae
25b9e679.jpg,new_whale w_12c3d3d w_ddbf533 w_94bc64e w_74adf0b
25bec01f.jpg,new_whale w_dd76ce2 w_414c24a w_66c1b54 w_4bf5a06
25cd4c85.jpg,new_whale w_d96a0cd w_2071a4c w_fd628f1 w_a254eb0
25ce6426.jpg,new_whale w_d35355e w_d5ec83f w_c9e1cdc w_95874a5
25cfd7f9.jpg,new_whale w_d88328d w_4848a3c w_0d39a68 w_4659acf
25d162d5.jpg,new_whale w_02d5fad w_2071a4c w_cce0444 w_03c6d18
25d68d67.jpg,new_whale w_32a920b w_b6ed5d2 w_38e4aae w_1dff010
25d798ef.jpg,new_whale w_a14ccaa w_7427ace w_778ee6e w_18eee6e
25df0a68.jpg,new_whale w_32a920b w_1dff010 w_1a70685 w_7c7a78c
25e08768.jpg,new_whale w_a7d4668 w_92585eb w_5e04db0 w_ff1b64c
25e63993.jpg,new_whale w_fc7cc24 w_80211fd w_fba3bde w_67de30b
25e691ed.jpg,new_whale w_7e8b270 w_6ddff9b w_8044362 w_c622a3f
25e9a325.jpg,new_whale w_034a3fd w_1606afc w_13249f1 w_c06dd6e
25ea6e4d.jpg,new_whale w_3b483d3 w_900f9eb w_87e00c8 w_0d48a7d
25f307d9.jpg,new_whale w_0e4f53c w_a1350a7 w_cbedcb0 w_8cd7651
25f8052a.jpg,new_whale w_516bedb w_b05c57f w_6dc88a6 w_6c803bf
25fe1107.jpg,new_whale w_e0ba9ae w_3326396 w_c39fceb w_90201e3
25fe2d30.jpg,new_whale w_fb2b2c2 w_7c2d27c w_680e011 w_e375961
2601acc5.jpg,new_whale w_4d358e5 w_9205d40 w_ff39e03 w_41fa033
2610c8d1.jpg,new_whale w_83df8d5 w_99ad599 w_d3c8520 w_ecbf9fa
2612bd2a.jpg,new_whale w_7386509 w_7885601 w_3e6a161 w_9412d1b
261547bf.jpg,new_whale w_fd1cb9d w_2d29ddd w_fc7cc24 w_ca27f31
2615490f.jpg,new_whale w_516bedb w_b05c57f w_6dc88a6 w_6c803bf
2618eced.jpg,new_whale w_5fda054 w_13c6b6b w_a837660 w_c0d1701
261b1928.jpg,new_whale w_29670e2 w_f932abc w_e3c0ae5 w_7637760
261e304f.jpg,new_whale w_34c4927 w_ea2385d w_38e4aae w_f031837
26228155.jpg,new_whale w_25db560 w_0a97a25 w_9ea2cc3 w_43be268
262e2860.jpg,new_whale w_3f2a05c w_90f74ae w_bf77b13 w_5fda054
2637bdd8.jpg,new_whale w_41ed8e8 w_64f3545 w_c8d20aa w_242a05d
263c81f7.jpg,new_whale w_6af9dd7 w_12cdfbd w_4e52a49 w_9122179
264ceabb.jpg,new_whale w_660195e w_b9c9129 w_64f3545 w_330f897
2651e911.jpg,new_whale w_9d0e84a w_576db5d w_9a58d5c w_d96a0cd
2654bd39.jpg,new_whale w_dd27188 w_73d5489 w_b1d6681 w_0988bbb
265a2993.jpg,new_whale w_b8dff40 w_fba3bde w_9ec358c w_8c1ec28
265a33a3.jpg,new_whale w_43b50e5 w_95874a5 w_3de676c w_dcf2001
265ae545.jpg,new_whale w_fd1cb9d w_f4e0748 w_f86488a w_67de30b
265da307.jpg,new_whale w_711aaa1 w_6c803bf w_c9111ac w_2d99a0c
265e1f0b.jpg,new_whale w_d40f276 w_dcd7a1d w_b6886e5 w_9ceb05d
265f5c72.jpg,new_whale w_4643de5 w_e3f7187 w_449503f w_3e0f25d
266259ad.jpg,new_whale w_61e1076 w_abe383e w_17ee910 w_c0d494d
266468e1.jpg,new_whale w_9a8684f w_97768ee w_8867074 w_d36f58c
266757cd.jpg,new_whale w_67de30b w_6710cf8 w_a4f77bd w_54c00ad
2671b02a.jpg,new_whale w_eb5b6aa w_ed0c4cc w_19ca2c6 w_4ebeafb
267af767.jpg,new_whale w_3674103 w_dbda0d6 w_d663f4f w_f19faeb
267bf302.jpg,new_whale w_7dee51b w_654a5bb w_3d66298 w_64f3545
268241a9.jpg,new_whale w_06fd726 w_3197568 w_17964ef w_3e1ba5b
26838655.jpg,new_whale w_361e290 w_aa16da4 w_c3d523d w_93bf889
2687ee97.jpg,new_whale w_681dba6 w_6badfcf w_8327e8d w_676ddb0
2688d1af.jpg,new_whale w_0beef28 w_9d704ab w_a14ccaa w_fd1cb9d
26993529.jpg,new_whale w_2018f6c w_c5e6997 w_b75f378 w_0308405
26a50f49.jpg,new_whale w_a254eb0 w_43be268 w_bc62c0e w_6202983
26a651b2.jpg,new_whale w_2fd21ec w_c9e1cdc w_62c3998 w_dfbfe10
26a7661a.jpg,new_whale w_fcff830 w_7c6ad05 w_0a97a25 w_b0e05b1
26a8ea64.jpg,new_whale w_83df8d5 w_7918071 w_701972b w_e548eb7
26b70115.jpg,new_whale w_fd1cb9d w_8d83172 w_43966a3 w_6af9dd7
26b93a33.jpg,new_whale w_2071a4c w_5f82501 w_851a7f4 w_e64c9a6
26c94463.jpg,new_whale w_e594616 w_bdd0576 w_6d05f7f w_e2920e1
26cce498.jpg,new_whale w_0c42dba w_25fdcfb w_37374fa w_91f80eb
26d6614e.jpg,new_whale w_66fb697 w_b04d4f1 w_3d2724b w_a71aa99
26d7225d.jpg,new_whale w_4e52a49 w_73d5489 w_eb0a6ed w_c58b474
26d8ecb9.jpg,new_whale w_e5250e9 w_8643ba3 w_5e25f9f w_693c9ee
26dda050.jpg,new_whale w_d4a27fb w_844f032 w_f014da3 w_e826a6f
26e65c2d.jpg,new_whale w_4fdaa2a w_693c9ee w_e61dd6d w_a59905f
26ebc423.jpg,new_whale w_9434f0c w_31d3999 w_0ea2545 w_23e5a4c
26ec294e.jpg,new_whale w_0aae8c1 w_6c803bf w_6d4dedc w_adeee48
26f18208.jpg,new_whale w_aa16da4 w_2071a4c w_993d66c w_e02fe7b
26f50da8.jpg,new_whale w_5f8b9b9 w_6df35bf w_cc22f68 w_80bae3a
26f78f6d.jpg,new_whale w_4659acf w_d382236 w_80245ee w_3b0894d
26f80018.jpg,new_whale w_520d618 w_2dce318 w_35ffe80 w_37a7f78
26f96663.jpg,new_whale w_2c46a73 w_3d66298 w_fd1cb9d w_b7d5069
26fa4f5e.jpg,new_whale w_1c32062 w_3c8eab1 w_d51a79f w_74de378
2701649e.jpg,new_whale w_9771603 w_d2f7b3c w_fd1cb9d w_5af463d
27027cf8.jpg,new_whale w_78f2e92 w_41ed8e8 w_aa16da4 w_eb0a6ed
2702fba8.jpg,new_whale w_d3c8520 w_520d618 w_a56d9ff w_ecbf9fa
2707b872.jpg,new_whale w_64433af w_9434f0c w_c39c56e w_2dbb0fe
270b5d29.jpg,new_whale w_eb9ab29 w_01a4234 w_ada188f w_e685c80
270d9835.jpg,new_whale w_5e57e8b w_6c05e3b w_fe6617a w_243e33e
271242b1.jpg,new_whale w_0f20cbc w_7294a6a w_ad87135 w_f3d98bc
271c5a25.jpg,new_whale w_303518a w_200a203 w_b8dff40 w_7c7a78c
271f2ea4.jpg,new_whale w_0a97a25 w_fe19618 w_b7d5069 w_3e1ccc9
27258acc.jpg,new_whale w_00fbb4e w_3af4e73 w_b2aa351 w_ba332ae
2727e0fb.jpg,new_whale w_693c9ee w_4fb3c95 w_2071a4c w_bc9dc37
27299d35.jpg,new_whale w_aeca19c w_a837660 w_979a6ef w_2fd73d9
27301123.jpg,new_whale w_27da7aa w_87050a3 w_dd27188 w_434ad6a
27330d71.jpg,new_whale w_059df09 w_8ba2066 w_d9adb4f w_fdc8bf6
2739a0e5.jpg,new_whale w_8044362 w_4504167 w_5fda054 w_e3c0ae5
273d083e.jpg,new_whale w_a59905f w_21e178f w_18eee6e w_987a36f
273f153a.jpg,new_whale w_eec1133 w_94e1ed4 w_28fa29e w_711aaa1
274357f1.jpg,new_whale w_7586198 w_1eafe46 w_e8c35dc w_90f74ae
274607d9.jpg,new_whale w_08d1ccd w_2eb180f w_0674604 w_a01d903
27480c01.jpg,new_whale w_73e5530 w_18eee6e w_987a36f w_e0f1df1
274a7962.jpg,new_whale w_851a7f4 w_98baff9 w_9ab6e50 w_0f20cbc
274dba78.jpg,new_whale w_3ff6029 w_1e7bb93 w_a11d17e w_c053b99
2750779f.jpg,new_whale w_8dddd45 w_01f9086 w_18eee6e w_8e3ebeb
275200da.jpg,new_whale w_06a6351 w_da63cba w_8c1ec28 w_1287fbc
27531d64.jpg,new_whale w_a524549 w_54fc5b3 w_cea99fe w_3b8b9c7
2755f76d.jpg,new_whale w_7c9fd46 w_7c2d27c w_99ad599 w_17a0832
2758fdf7.jpg,new_whale w_b7d5069 w_d19a884 w_d224115 w_03a2ed7
275b16ca.jpg,new_whale w_cbedcb0 w_f8e6546 w_7885601 w_3ee8570
275bc636.jpg,new_whale w_d651356 w_b7fe199 w_0f92544 w_397e3db
275db138.jpg,new_whale w_6545984 w_7257028 w_c053b99 w_ad8bc47
2773826d.jpg,new_whale w_67fecca w_b678944 w_ff1b64c w_2282bb8
2773fcf6.jpg,new_whale w_2d09595 w_41cd8bc w_7e8b270 w_c0d494d
27747757.jpg,new_whale w_b074cdf w_403f92f w_dace6e9 w_0b04c08
2776cb8e.jpg,new_whale w_18eee6e w_6ef68ed w_6c803bf w_d2be6cc
277734a7.jpg,new_whale w_f19faeb w_38efce7 w_735ce7d w_9b401eb
2778a3ef.jpg,new_whale w_5021993 w_e5250e9 w_36a4e8b w_941581c
277bd2af.jpg,new_whale w_e8bce8a w_0e737d0 w_b2e1722 w_118d911
277c9c4f.jpg,new_whale w_19dc50f w_3cc4e90 w_89e159a w_5f50b5e
278546a0.jpg,new_whale w_f1a4389 w_542f8ca w_303518a w_affc813
278ccbbe.jpg,new_whale w_77e1d3f w_bc9dc37 w_9605bf1 w_98baff9
27920826.jpg,new_whale w_ad370e1 w_9ca943b w_d88328d w_05b2ddd
27972adb.jpg,new_whale w_43be268 w_b9beaf5 w_cce912e w_01b2250
279fd631.jpg,new_whale w_654a5bb w_7586198 w_693c9ee w_4c9d3df
27af5db6.jpg,new_whale w_0f9166e w_302af0a w_010a1fa w_697c72e
27b4a756.jpg,new_whale w_86ff8a6 w_02c2248 w_6b851b1 w_e6f5e09
27b688e4.jpg,new_whale w_1310342 w_b71eab2 w_7f867ec w_7c7a78c
27b7df3b.jpg,new_whale w_1235317 w_dbda0d6 w_d6e5334 w_2085f2e
27ba48fc.jpg,new_whale w_a31aa30 w_fd1cb9d w_44f0fa2 w_0fce9a3
27bb041a.jpg,new_whale w_8d83172 w_1dff010 w_33b9360 w_987a36f
27bc9487.jpg,new_whale w_41fa033 w_a524549 w_5010531 w_eaeb1f0
27c3a782.jpg,new_whale w_aed8c22 w_4af3e4e w_8e4abc9 w_39043c9
27c6b953.jpg,new_whale w_8a3449f w_e30e97f w_ef99fe9 w_4a3032d
27cf62f2.jpg,new_whale w_78a4639 w_aed8c22 w_0a565c5 w_fd6f24f
27d34f97.jpg,new_whale w_b478c13 w_fba3bde w_6af9dd7 w_44cccf6
27d50099.jpg,new_whale w_bfaa83c w_bc76fde w_680e011 w_49b425b
27d50ecf.jpg,new_whale w_73d5489 w_c11932e w_a25d46c w_d430a78
27d6e65b.jpg,new_whale w_96ba432 w_326e389 w_7f199c6 w_441bd21
27e3172e.jpg,new_whale w_71c7322 w_b7d5069 w_43be268 w_4e52a49
27e418c7.jpg,new_whale w_e449d3a w_871b1b9 w_4be373e w_a1237e3
27ebe4cc.jpg,new_whale w_4bf5a06 w_8f50a1f w_7311fe4 w_aeca19c
27ed473d.jpg,new_whale w_b75f378 w_7cc620b w_076c122 w_96c141f
27ee033f.jpg,new_whale w_e6b3dd4 w_0f92544 w_6315bc6 w_983829b
27f257d6.jpg,new_whale w_def505e w_7a8ce5a w_eaeb1f0 w_d663f4f
27f27b93.jpg,new_whale w_ba39446 w_11adaae w_587d2e3 w_718ce15
27f66a77.jpg,new_whale w_f0db0ba w_a25caa9 w_2bdd2df w_becdfdc
27f7f348.jpg,new_whale w_09f9fd3 w_eb39613 w_5ba417d w_bf38f05
27fbe0f5.jpg,new_whale w_61e1076 w_c39fceb w_7c7a78c w_96c6151
2801fd6d.jpg,new_whale w_0c6d50d w_9b6b87d w_98baff9 w_c97ece6
28081178.jpg,new_whale w_94e1ed4 w_b066aa6 w_b074cdf w_2c3f440
280dfbf8.jpg,new_whale w_414a0d7 w_ba1befb w_6cef37c w_73d5489
2812e3ee.jpg,new_whale w_4114553 w_62c3998 w_3b0894d w_b8f8e69
2813589b.jpg,new_whale w_de2ff33 w_7f199c6 w_f0a2e40 w_3580734
28156298.jpg,new_whale w_93dcf76 w_c926fc3 w_349fcbc w_c3ff6f2
2822c0bd.jpg,new_whale w_12c3d3d w_afc7d61 w_f53deac w_0f89e72
282ac91d.jpg,new_whale w_ca6a771 w_62ca7c8 w_f7a0fd7 w_6be343c
282c326a.jpg,new_whale w_a67a1bc w_efebfe8 w_09d7946 w_5d0a13f
282ff7c5.jpg,new_whale w_fc7cc24 w_65e2424 w_eec1133 w_ff70408
2832a5d5.jpg,new_whale w_127f4c6 w_2a939eb w_82e0d98 w_2d99a0c
28360fd8.jpg,new_whale w_2fe43c7 w_c87c10b w_4659acf w_e62a48d
28375af6.jpg,new_whale w_1eafe46 w_d58ef7f w_fe6617a w_7554f44
28377c23.jpg,new_whale w_4095207 w_a91600a w_bf3449f w_b5e3076
2839d9ac.jpg,new_whale w_d0b237f w_33b9360 w_44cccf6 w_5af463d
2839de66.jpg,new_whale w_2dc2ef2 w_73d5489 w_af9a47a w_667833e
283fb6bb.jpg,new_whale w_c55c9cd w_2850471 w_37dd956 w_4a7080a
28410ac2.jpg,new_whale w_861cc1c w_3694c7d w_efa1fc7 w_01687a8
2843e63e.jpg,new_whale w_53859b2 w_40323ac w_0bc1db0 w_88083bc
2843ea26.jpg,new_whale w_b5e3076 w_0819271 w_7311fe4 w_3449e4f
28456fb3.jpg,new_whale w_1ecfe96 w_49bbc79 w_f4e0748 w_057c418
284779d8.jpg,new_whale w_4b04829 w_9a6cbd9 w_7b035cc w_aae82f8
2847f28d.jpg,new_whale w_156c0db w_17b33ae w_ca8bfb4 w_164cfff
28489ead.jpg,new_whale w_376a413 w_ecb9a79 w_73d5489 w_b0e05b1
284b4ac8.jpg,new_whale w_eb0a6ed w_9875c12 w_778ee6e w_693c9ee
284e1e46.jpg,new_whale w_877e56e w_95b6cc3 w_3af4e73 w_0e737d0
284fdce0.jpg,new_whale w_17ee910 w_e69cef0 w_95874a5 w_da63cba
285241b5.jpg,new_whale w_c9e1cdc w_11adaae w_9ec358c w_95874a5
285630f1.jpg,new_whale w_540fd73 w_b3e6069 w_5cef366 w_e17c752
2860d08c.jpg,new_whale w_79071e8 w_d9adb4f w_7554f44 w_96fd936
28619df1.jpg,new_whale w_096bc48 w_7554f44 w_4b7b80b w_72e70e5
2873bcb7.jpg,new_whale w_effd0ea w_0dac526 w_693c9ee w_1274a11
287d564b.jpg,new_whale w_a2a1378 w_06ff732 w_aa16da4 w_269b090
28827c09.jpg,new_whale w_7c2d27c w_c207f9d w_930bc39 w_73d5489
28849a6a.jpg,new_whale w_67de30b w_20eb13c w_309a2b3 w_9ceb05d
2887b7e2.jpg,new_whale w_12cdfbd w_2832e90 w_ab6bb0a w_8c1e2e4
288b5c86.jpg,new_whale w_8ba2066 w_4c4c001 w_fea7fe6 w_4f248f3
288c55c0.jpg,new_whale w_7307089 w_7bdfc11 w_a67a1bc w_6232813
288c7d85.jpg,new_whale w_c11932e w_67e6b75 w_0e737d0 w_6a6b3b3
28929046.jpg,new_whale w_7c18f3c w_4114553 w_12cdfbd w_941ca6a
289b66e5.jpg,new_whale w_ead305f w_d6255a4 w_654a5bb w_cb7b682
289bca65.jpg,new_whale w_98baff9 w_1235317 w_7600863 w_03ed3de
289d04c9.jpg,new_whale w_6751cb2 w_2071a4c w_7554f44 w_2b969fe
28a30e23.jpg,new_whale w_acc33ca w_2669d75 w_20c671c w_1d53d9c
28abb3ca.jpg,new_whale w_cd1f1ed w_3af4e73 w_2832e90 w_987a36f
28acb1bf.jpg,new_whale w_7554f44 w_ecbf9fa w_4c8cd1c w_1da7080
28b17eca.jpg,new_whale w_9f718e8 w_c9dc73e w_97493dd w_4da05cc
28b2780e.jpg,new_whale w_cd70e8b w_43eea34 w_479e3e5 w_651cbb7
28c30ef2.jpg,new_whale w_3af4e73 w_bc9dc37 w_a59905f w_48a98d7
28c543db.jpg,new_whale w_89e159a w_2039053 w_b6689cc w_64f3545
28c81ea7.jpg,new_whale w_b282692 w_2c717fb w_de2ff33 w_ba9bc6d
28cdf4a4.jpg,new_whale w_7ae398c w_1af5d59 w_861cc1c w_9a8684f
28cfeed7.jpg,new_whale w_488cdd8 w_367b996 w_697c72e w_0899118
28d0de41.jpg,new_whale w_ca0ec7c w_243e33e w_9621342 w_0e7cb1c
28d413e8.jpg,new_whale w_8867074 w_0dee306 w_b4732ef w_2a18a44
28d4e63b.jpg,new_whale w_6202983 w_e2e56e9 w_1eafe46 w_0e737d0
28d6ff20.jpg,new_whale w_43be268 w_d2be6cc w_1e3ce01 w_21e178f
28d76066.jpg,new_whale w_c0d494d w_e115a81 w_6202983 w_ab4cae2
28d8c5e1.jpg,new_whale w_4ebeafb w_43be268 w_da2efe0 w_a3dbc8f
28dd5f2c.jpg,new_whale w_4e52a49 w_2f6a962 w_96fd936 w_ae07541
28e1e63b.jpg,new_whale w_40323ac w_d141590 w_7e8b270 w_511c464
28e2e451.jpg,new_whale w_54fc5b3 w_e64c9a6 w_1eafe46 w_f6fb689
28e4bb22.jpg,new_whale w_f37508c w_77e1d3f w_f81c626 w_44a6b62
28eac671.jpg,new_whale w_1632307 w_a59075f w_9291cdf w_23dce10
28ee0086.jpg,new_whale w_4a3032d w_7377b2b w_ada188f w_024358d
28f68c2a.jpg,new_whale w_a400ddd w_ef7cdd5 w_62f804d w_e430ce0
29006fc7.jpg,new_whale w_7351f46 w_44a6b62 w_1eafe46 w_ba56291
29018ea5.jpg,new_whale w_f93d780 w_0e737d0 w_0e7cb1c w_6ba46a1
290495b8.jpg,new_whale w_fba3bde w_2d57dce w_b48535f w_f64658b
2905a48a.jpg,new_whale w_773967d w_c11932e w_0e4f53c w_6257bdf
290c22b1.jpg,new_whale w_5f82501 w_02a768d w_8044362 w_1c22d7e
290d30d6.jpg,new_whale w_56bbc91 w_0e9f6d9 w_38e4aae w_2d99a0c
290fa7dd.jpg,new_whale w_59eb8ae w_b6886e5 w_4c9d3df w_cae7677
291050b5.jpg,new_whale w_0466071 w_35063ed w_b0e05b1 w_64a51a4
29122914.jpg,new_whale w_33c3ce1 w_86b3f04 w_b170173 w_b0e05b1
29133e38.jpg,new_whale w_367b996 w_98ab48e w_97f5054 w_03c6d18
2917d68c.jpg,new_whale w_13c6b6b w_9ca943b w_d9aab0a w_993d66c
29224b1c.jpg,new_whale w_e2e56e9 w_b618751 w_a0838d1 w_900fab7
2922fe15.jpg,new_whale w_48dd419 w_d6a6360 w_61e1076 w_a254eb0
2924fa98.jpg,new_whale w_02facde w_acee288 w_67fecca w_20f86e1
2925fcbe.jpg,new_whale w_f19faeb w_fdc8bf6 w_aa7e5f4 w_9434f0c
2928c67b.jpg,new_whale w_d1bbde9 w_9ceb05d w_6092d5c w_ba8c7bc
2929efe8.jpg,new_whale w_31d3999 w_9434f0c w_c0287a9 w_79b42cd
2932a569.jpg,new_whale w_9b804bd w_701972b w_3c4062e w_773967d
29333d9f.jpg,new_whale w_c0d494d w_eb47189 w_0a58a06 w_4b7b80b
29365426.jpg,new_whale w_408c5a7 w_bd61ca9 w_7e8b270 w_a533837
293979c2.jpg,new_whale w_7554f44 w_d663f4f w_3e1ccc9 w_1287fbc
29467a62.jpg,new_whale w_fd1cb9d w_26edeb8 w_8d46cef w_398aa7f
294a750c.jpg,new_whale w_6d4dedc w_c39fceb w_8397970 w_0aae8c1
294d48a0.jpg,new_whale w_8158b1f w_9a0c14d w_ed32859 w_ca8bfb4
2955089f.jpg,new_whale w_b066aa6 w_f178867 w_2c3f440 w_ff1b64c
29574540.jpg,new_whale w_7f199c6 w_4624237 w_ee17a08 w_0d48a7d
29598899.jpg,new_whale w_7554f44 w_f6722e7 w_b074cdf w_7ad249d
295b92de.jpg,new_whale w_b942708 w_95874a5 w_8fab53d w_a1d95a3
295d8fa5.jpg,new_whale w_7538a4c w_62f299e w_18eee6e w_3326396
295fd3ca.jpg,new_whale w_b942708 w_fd07344 w_e826a6f w_1287fbc
296a3361.jpg,new_whale w_309a2b3 w_fd1cb9d w_c30959a w_20eb13c
296e1766.jpg,new_whale w_fcf5284 w_9f3e4f4 w_1d05772 w_272259b
29704818.jpg,new_whale w_fd1cb9d w_96fd936 w_4e52a49 w_4e7fc3e
297112f1.jpg,new_whale w_6202983 w_4b7b80b w_72c15c4 w_49a3a96
2977b2c7.jpg,new_whale w_d2b4956 w_8209e5c w_d6d502a w_c2c4f43
297890e6.jpg,new_whale w_a59905f w_fd1cb9d w_9ceb05d w_b4369cc
297991be.jpg,new_whale w_9cb529f w_0e737d0 w_8c1e2e4 w_988f6b3
297afac3.jpg,new_whale w_0e0e856 w_56743d6 w_7394d75 w_95874a5
297e6eb0.jpg,new_whale w_e3b3ade w_dcb1f2a w_0d39a68 w_16ad10e
2981319f.jpg,new_whale w_b478c13 w_fba3bde w_6af9dd7 w_44cccf6
29833462.jpg,new_whale w_97666c8 w_7f40920 w_9ea2cc3 w_4c9d3df
298597c2.jpg,new_whale w_1fd0d0e w_a7f3698 w_187e235 w_21b3754
2987c014.jpg,new_whale w_f50ee01 w_3d12652 w_c11932e w_ce29d2a
298e7df4.jpg,new_whale w_c9111ac w_97666c8 w_0824736 w_9df0865
298e9c56.jpg,new_whale w_c207f9d w_893e77a w_af890ad w_1e4c0ec
2992df3e.jpg,new_whale w_96c6151 w_91b7c58 w_0f92544 w_e6b3dd4
2998e03b.jpg,new_whale w_b001dbe w_da2efe0 w_5c07f42 w_e73d83c
29a0e470.jpg,new_whale w_9a5cd8e w_59eb8ae w_cae7677 w_1c32062
29a2d241.jpg,new_whale w_29670e2 w_d0157fd w_7554f44 w_5dfafa5
29a40ce2.jpg,new_whale w_62f299e w_5ad2030 w_398aa7f w_0869575
29a47270.jpg,new_whale w_1489751 w_8c961a3 w_8e4abc9 w_8fac7da
29a77cb5.jpg,new_whale w_44a6b62 w_ad87135 w_7554f44 w_9605bf1
29b2d41a.jpg,new_whale w_9874f0d w_ed5a7c6 w_93bf889 w_693c9ee
29b82105.jpg,new_whale w_029013f w_551f5ca w_fbcb6e4 w_813c5be
29bc149e.jpg,new_whale w_63db6f9 w_fba3bde w_1facad2 w_d3ce445
29be86ba.jpg,new_whale w_34c4927 w_41ed8e8 w_73b705e w_662a132
29c2dd9e.jpg,new_whale w_7759db0 w_1287fbc w_43b50e5 w_6e42b8e
29c978c9.jpg,new_whale w_0e737d0 w_c30959a w_d1eab36 w_2c3f440
29ce41d1.jpg,new_whale w_654a5bb w_861cc1c w_5c23454 w_2071a4c
29d1a25f.jpg,new_whale w_91b7c58 w_9694b9d w_2d09595 w_cad1a8d
29d1af16.jpg,new_whale w_6710cf8 w_a59905f w_0beef28 w_a3cd405
29d626d0.jpg,new_whale w_7f0700f w_b074cdf w_d224115 w_2ac83b0
29d91bf9.jpg,new_whale w_e73d83c w_95874a5 w_941ca6a w_540fd73
29db5a1f.jpg,new_whale w_e62a48d w_67de30b w_33fc58d w_4659acf
29df6017.jpg,new_whale w_3d0bc7a w_c9e1cdc w_90ec71a w_6c803bf
29e73cb7.jpg,new_whale w_987a36f w_28ce17c w_8719b04 w_5624f08
29e9b7f9.jpg,new_whale w_3bb210a w_0f92544 w_3f91e04 w_3b0894d
29e9d432.jpg,new_whale w_cf82352 w_7a53e0c w_073f071 w_3eaef21
29efd3e0.jpg,new_whale w_6c803bf w_06972d2 w_38954da w_6f2c662
29f0c754.jpg,new_whale w_c3f9618 w_7554f44 w_23526cb w_ff7630a
29f77afd.jpg,new_whale w_fa32440 w_367b996 w_1948625 w_43be268
29f785f2.jpg,new_whale w_a526492 w_35c5d43 w_f1a4389 w_542f8ca
29fb32b5.jpg,new_whale w_4a7080a w_d28208f w_222dcb7 w_883b284
29fe8405.jpg,new_whale w_c9dfa13 w_2fe43c7 w_26edeb8 w_9ceb05d
2a00f95c.jpg,new_whale w_3326396 w_b6410bc w_156c0db w_8a816b1
2a06045d.jpg,new_whale w_bcf23a8 w_5dd4772 w_0f84bf6 w_62c3998
2a0aae7c.jpg,new_whale w_999275d w_3039e7a w_2d99a0c w_38e4aae
2a1838da.jpg,new_whale w_136ab04 w_b066aa6 w_48f649e w_7554f44
2a185f65.jpg,new_whale w_8c1ec28 w_ea9b531 w_434ad6a w_dbda0d6
2a19fc54.jpg,new_whale w_95874a5 w_d9fdd15 w_b6689cc w_db3621e
2a220447.jpg,new_whale w_2d99a0c w_127f4c6 w_67de30b w_fc7cc24
2a2bec29.jpg,new_whale w_bbc2a14 w_c352046 w_f115d53 w_e39dcea
2a2e2a41.jpg,new_whale w_ecb9a79 w_f7a0fd7 w_f8e6546 w_5d96ba4
2a2e4fe0.jpg,new_whale w_4659acf w_9b00e07 w_7427ace w_67de30b
2a32948b.jpg,new_whale w_a965f14 w_c5d7c03 w_efebfe8 w_ed07d84
2a3eec70.jpg,new_whale w_3fc7f1e w_654a5bb w_c6823b1 w_c3d523d
2a42b5ce.jpg,new_whale w_693c9ee w_0e737d0 w_98baff9 w_75780a0
2a45c36e.jpg,new_whale w_a3868fb w_414a0d7 w_b0e05b1 w_e3f51ec
2a48561b.jpg,new_whale w_2dae424 w_7c7a78c w_6547e12 w_1f2a32a
2a4fb292.jpg,new_whale w_5cc51d6 w_9d48bcf w_63db6f9 w_dcb1f2a
2a552e98.jpg,new_whale w_2c3f440 w_7f0700f w_9b6b87d w_fe96bef
2a588f9e.jpg,new_whale w_61d516e w_18df014 w_381c6aa w_09d7946
2a5d7d94.jpg,new_whale w_f6722e7 w_7918071 w_b074cdf w_44a6b62
2a602adc.jpg,new_whale w_6719a5b w_f6fb689 w_fea7fe6 w_fab0b50
2a6478da.jpg,new_whale w_8b5885d w_1235317 w_302af0a w_8309df3
2a67a1a8.jpg,new_whale w_ec38983 w_a254eb0 w_8c23123 w_8e25bfa
2a6d8e70.jpg,new_whale w_676ddb0 w_ead305f w_f843c4d w_90201e3
2a6e3b3d.jpg,new_whale w_4ebeafb w_d6df554 w_8db45b7 w_fc7cc24
2a75bce8.jpg,new_whale w_d6df554 w_5c0e858 w_1c69443 w_12f2352
2a7c966e.jpg,new_whale w_9bcb0f8 w_95874a5 w_1a5e7a2 w_0d39a68
2a83f0d4.jpg,new_whale w_8cba529 w_e69cef0 w_fd07344 w_480b2d4
2a849809.jpg,new_whale w_6547e12 w_796eebc w_4e52a49 w_552a16e
2a8548ee.jpg,new_whale w_a2a1378 w_026fdf8 w_987a36f w_67599af
2a882254.jpg,new_whale w_3aa2073 w_cb2f78e w_f8e6546 w_3d3c0f9
2a8ed473.jpg,new_whale w_0dee306 w_ae0ab55 w_61d516e w_a5c5f2d
2a94eb35.jpg,new_whale w_3f90907 w_4c8e7ae w_e63fbbe w_73b705e
2a967246.jpg,new_whale w_2d99a0c w_9e1e278 w_dcb1f2a w_0beef28
2a983910.jpg,new_whale w_559ce61 w_8bc853a w_64f3545 w_813c5be
2a9851f0.jpg,new_whale w_656afeb w_4c9d3df w_ea2385d w_09d7946
2a9b8f29.jpg,new_whale w_6734e40 w_8c23123 w_d2ab9c4 w_ea96346
2a9e2c0b.jpg,new_whale w_b1f6e70 w_ee948c6 w_24ac53d w_3aa2073
2aa18806.jpg,new_whale w_daeb296 w_7ed0d17 w_238bbbf w_7c7a78c
2aacb023.jpg,new_whale w_c0d494d w_e115a81 w_17ee910 w_fa32440
2aae6a5a.jpg,new_whale w_cd88a48 w_63db6f9 w_b6d09e6 w_fba3bde
2ab13dd2.jpg,new_whale w_7e8b270 w_53dbf9d w_d19a884 w_fea7fe6
2abac975.jpg,new_whale w_19e5d10 w_36a4e8b w_98baff9 w_9c61d57
2abdcac8.jpg,new_whale w_09d7946 w_b96d4e0 w_c00534d w_6202983
2ac13730.jpg,new_whale w_dbc392b w_adc6e1b w_3326396 w_96c6151
2ac1622d.jpg,new_whale w_c87b956 w_25a38b8 w_ac05864 w_2658649
2acbd7c7.jpg,new_whale w_235b156 w_0dee306 w_be4d5b8 w_6a87d0d
2ae080a3.jpg,new_whale w_1e45a47 w_8397970 w_afef556 w_1febbf3
2ae5dcf4.jpg,new_whale w_f81e77a w_693c9ee w_7c44934 w_b7d5069
2aec1471.jpg,new_whale w_4a074b8 w_31d3999 w_5ba417d w_09f9fd3
2af86adf.jpg,new_whale w_d80e1bc w_41c0098 w_a7f847f w_8717ef3
2afcdac0.jpg,new_whale w_e8c35dc w_993d66c w_aeca19c w_0819271
2b035e10.jpg,new_whale w_aef3680 w_b9ee5ec w_7c7a78c w_9ae554b
2b03e5ca.jpg,new_whale w_ed32859 w_d4ab7ad w_90201e3 w_9a0c14d
2b07c55b.jpg,new_whale w_3ae3603 w_e02fe7b w_7c7a78c w_6202983
2b09eb95.jpg,new_whale w_e15442c w_339c8ae w_39d2684 w_7649712
2b146f8e.jpg,new_whale w_f19faeb w_c622a3f w_eb0a6ed w_7e8b270
2b1cb40a.jpg,new_whale w_2fe43c7 w_71c7322 w_cb7d1b5 w_b7d5069
2b200397.jpg,new_whale w_813c5be w_703e39b w_286ec5f w_6132293
2b20e5e4.jpg,new_whale w_6163581 w_2e4fecc w_2168906 w_f3b63ba
2b22482e.jpg,new_whale w_5f9508d w_987a36f w_9d5f5cc w_1dff010
2b29ae31.jpg,new_whale w_6e8486d w_c27d036 w_18eee6e w_b5383b5
2b2e2df4.jpg,new_whale w_e54feba w_3172910 w_d89b29e w_e0f6444
2b31b5b6.jpg,new_whale w_b17f9ea w_b7d5069 w_0beef28 w_c95a0ea
2b32d765.jpg,new_whale w_d36f58c w_e0f6444 w_71c7322 w_a837660
2b3aa78e.jpg,new_whale w_6c23fcc w_bc68c30 w_eb0a6ed w_8ec2960
2b3ccc00.jpg,new_whale w_77e1ae3 w_8eceeb8 w_7b035cc w_ee9c4d7
2b401dea.jpg,new_whale w_3d2724b w_6556c5c w_1b6d171 w_886eec7
2b4393ff.jpg,new_whale w_7f40920 w_02d5fad w_b074cdf w_3326396
2b441e8d.jpg,new_whale w_4c8e7ae w_fec1fb5 w_1e5a146 w_bf38f05
2b45be22.jpg,new_whale w_ff7630a w_7554f44 w_48dd419 w_1f00cb7
2b4b9105.jpg,new_whale w_2b939eb w_efebfe8 w_da0372d w_44a6b62
2b4ea4fb.jpg,new_whale w_3dd210a w_9205d40 w_4c2d259 w_a4d41b4
2b506398.jpg,new_whale w_0ea659e w_0de84f0 w_2e4fecc w_c053b99
2b50c819.jpg,new_whale w_1287fbc w_222dcb7 w_da2efe0 w_80245ee
2b5a7c81.jpg,new_whale w_5af83da w_69e88da w_fa32440 w_7e8b270
2b64c4fd.jpg,new_whale w_72e70e5 w_6202983 w_42f935c w_654a5bb
2b6f2c0b.jpg,new_whale w_3f5e7fc w_e3f51ec w_7554f44 w_f438375
2b717c4f.jpg,new_whale w_0e737d0 w_8c1e2e4 w_2850471 w_b7d5069
2b72bbe5.jpg,new_whale w_b9f5b8b w_8044362 w_79b42cd w_c0287a9
2b733456.jpg,new_whale w_25ec80a w_f672e01 w_1b1c32f w_785f62b
2b7c1563.jpg,new_whale w_b9e116f w_6dbb861 w_4b7b80b w_030294d
2b7df951.jpg,new_whale w_bccfcc1 w_c241e72 w_ca8bfb4 w_b14007c
2b84cc10.jpg,new_whale w_0c70bc3 w_e7e6ef2 w_44ef2b8 w_0d48a7d
2b8c566c.jpg,new_whale w_22da5b6 w_35d4d83 w_b074cdf w_7554f44
2b925aef.jpg,new_whale w_7c943ab w_c3aaa3a w_5010531 w_fd07344
2b9330e8.jpg,new_whale w_b0e05b1 w_35063ed w_b7fe199 w_eb0a6ed
2b9586b7.jpg,new_whale w_61e1076 w_2dae424 w_8fab53d w_aa16da4
2b96ae79.jpg,new_whale w_759b647 w_8c66a16 w_be32bec w_7292419
2b9a8a61.jpg,new_whale w_f19faeb w_c57623d w_d47e2e3 w_5fda054
2b9d2917.jpg,new_whale w_e09e886 w_0ea659e w_6badfcf w_7248590
2b9e12a0.jpg,new_whale w_1e1a051 w_b0e05b1 w_0de84f0 w_7554f44
2ba0ecc3.jpg,new_whale w_b7d5069 w_7c7a78c w_fd1cb9d w_7049d9f
2bb18977.jpg,new_whale w_7de72c5 w_eb9ab29 w_1638016 w_0d2dc7e
2bb3c35f.jpg,new_whale w_d66572d w_9b401eb w_d47e2e3 w_1eafe46
2bb3fcf5.jpg,new_whale w_3af4e73 w_a0ae961 w_4855bd3 w_d1bbde9
2bbda4a5.jpg,new_whale w_95874a5 w_b942708 w_c5d7c03 w_c9e1cdc
2bbf8e0d.jpg,new_whale w_f115d53 w_daeb296 w_7875b79 w_0378699
2bca6341.jpg,new_whale w_d141590 w_367b996 w_6f211a9 w_45e8ea5
2bdae49c.jpg,new_whale w_bb2d34d w_3d0bc7a w_307065e w_a57351c
2be03c70.jpg,new_whale w_143b201 w_3c4062e w_b688397 w_ec38983
2be8907a.jpg,new_whale w_127f4c6 w_f86488a w_12cdfbd w_73b26b7
2bf067fe.jpg,new_whale w_c00534d w_5cc2285 w_0f84bf6 w_9ea2cc3
2bf3d18b.jpg,new_whale w_4ebeafb w_c529cf1 w_43be268 w_48a98d7
2bf7fb01.jpg,new_whale w_dbc392b w_44a137d w_4fd48e7 w_24a2923
2bfb6ab2.jpg,new_whale w_721d2e9 w_883557a w_62f299e w_1703ee5
2bfb8f52.jpg,new_whale w_f115d53 w_156c0db w_bf4880a w_ee94c57
2bfd8ba6.jpg,new_whale w_666b072 w_d4b90bf w_daf1085 w_5f68f56
2bfe94aa.jpg,new_whale w_410142f w_305ed07 w_7d896ac w_8fd5636
2bfeb0e6.jpg,new_whale w_dc4c2ba w_b688397 w_a26a029 w_d94db94
2bff5216.jpg,new_whale w_39d2684 w_76048fe w_df21074 w_9411f86
2c0c514e.jpg,new_whale w_39b22d9 w_901363f w_7311fe4 w_2071a4c
2c11e418.jpg,new_whale w_ab4f3dd w_490b224 w_0c6d50d w_edcb241
2c210a4b.jpg,new_whale w_403f92f w_b074cdf w_d0157fd w_dace6e9
2c24a732.jpg,new_whale w_2270691 w_5f8c5d3 w_a43fcbb w_302af0a
2c255568.jpg,new_whale w_94b4478 w_6547e12 w_71c7322 w_6ef68ed
2c28ded6.jpg,new_whale w_06ff732 w_aa64cc1 w_df21074 w_f51b4bc
2c2eb205.jpg,new_whale w_6ec850b w_b9f5b8b w_8148b95 w_bbad9a2
2c32edf8.jpg,new_whale w_06ff732 w_21e178f w_11c504f w_66c1b54
2c334804.jpg,new_whale w_c11932e w_a524549 w_b5dd5bc w_010a1fa
2c338f60.jpg,new_whale w_7895123 w_c751211 w_ccc8e31 w_1aea445
2c37e30c.jpg,new_whale w_38e4aae w_3b0894d w_f21f2ec w_56bbc91
2c39d0f0.jpg,new_whale w_f86488a w_69f4311 w_73b26b7 w_2957331
2c47ab8c.jpg,new_whale w_23526cb w_5021993 w_2e4fecc w_e15442c
2c49da40.jpg,new_whale w_156c0db w_3e1bdd0 w_777f59a w_15d1235
2c4f63b5.jpg,new_whale w_56b9dcd w_847088b w_3ae3603 w_6202983
2c509e53.jpg,new_whale w_2d99a0c w_48a98d7 w_076c122 w_b34793e
2c50b5eb.jpg,new_whale w_2658649 w_13f8407 w_98baff9 w_2c1634b
2c558671.jpg,new_whale w_21e178f w_c9e1cdc w_1a5e7a2 w_3d0bc7a
2c5882c6.jpg,new_whale w_6c803bf w_4855bd3 w_d915632 w_62f804d
2c5ac564.jpg,new_whale w_2af3059 w_059ac60 w_eb7c39f w_3136deb
2c60fa7b.jpg,new_whale w_d80e1bc w_1d53d9c w_b9cfdfe w_1dd8e68
2c617df9.jpg,new_whale w_a54e7c1 w_026fdf8 w_9875c12 w_9ca943b
2c648f93.jpg,new_whale w_4fd48e7 w_511c464 w_36a4e8b w_b7d5069
2c6d8ecb.jpg,new_whale w_19e5d10 w_f44277f w_7de72c5 w_6c9aa21
2c6efe4e.jpg,new_whale w_7b035cc w_43b50e5 w_62c3998 w_d428980
2c7128f8.jpg,new_whale w_a2564cf w_8201aa8 w_e8a6c4b w_61e1076
2c791970.jpg,new_whale w_d1d8f98 w_1d05772 w_8db45b7 w_77e1ae3
2c79a1d9.jpg,new_whale w_73d5489 w_b9e00eb w_b074cdf w_ebe0ad5
2c83cb46.jpg,new_whale w_fe19618 w_7c44934 w_17e8554 w_d465e44
2c8791c7.jpg,new_whale w_e3b2cfa w_c4f3619 w_41ed8e8 w_08ddb50
2c8cd223.jpg,new_whale w_ab4cae2 w_693c9ee w_7dee51b w_79b42cd
2c91548f.jpg,new_whale w_35c5d43 w_b6886e5 w_86b9dfd w_fb89186
2c916b3e.jpg,new_whale w_9c5ed68 w_c39c56e w_861cc1c w_fe054f3
2c916f39.jpg,new_whale w_347b648 w_adc6e1b w_d96a0cd w_d3ce445
2c9d0cd2.jpg,new_whale w_1596a47 w_2cde7c0 w_4a43c71 w_2fe43c7
2ca0554b.jpg,new_whale w_71cc46c w_89973e5 w_7e93962 w_b88a8d8
2ca4931a.jpg,new_whale w_733f161 w_f18df18 w_f70f725 w_813c5be
2ca4a030.jpg,new_whale w_1dff010 w_4659acf w_d663f4f w_7427ace
2cac3ecc.jpg,new_whale w_70a31ce w_b067417 w_741861e w_c6be61e
2cae06a7.jpg,new_whale w_ca0ec7c w_67c1b6f w_73c9ba2 w_d22af00
2cb88280.jpg,new_whale w_2fd21ec w_d663f4f w_367b996 w_95874a5
2cbf77c1.jpg,new_whale w_dcb1f2a w_b9ee5ec w_2d99a0c w_67bfdf5
2cc2d125.jpg,new_whale w_71c7322 w_4e52a49 w_0f41afe w_056be75
2cc3fc9c.jpg,new_whale w_1609b19 w_dc4c2ba w_143b201 w_b5dd5bc
2cceceb5.jpg,new_whale w_31a93e7 w_4ae9b0a w_302af0a w_009dc00
2cdaf61a.jpg,new_whale w_c708776 w_9cb529f w_6c9a524 w_f2b0e93
2cdb4152.jpg,new_whale w_272259b w_43eea34 w_0beef28 w_dbaa2b1
2ce00ace.jpg,new_whale w_e09e886 w_eb5b6aa w_19ca2c6 w_ed0c4cc
2ce5e609.jpg,new_whale w_e0f6444 w_7311fe4 w_e375961 w_f19faeb
2cebe64e.jpg,new_whale w_b5dd5bc w_0bc712b w_010a1fa w_1b1c32f
2cf6f481.jpg,new_whale w_b6689cc w_bb2d34d w_c0d494d w_62c3998
2cfb5229.jpg,new_whale w_d1bbde9 w_02cf46c w_b17f9ea w_434195c
2cffdffa.jpg,new_whale w_26edeb8 w_20eb13c w_fd1cb9d w_9771603
2d096e48.jpg,new_whale w_2c3f440 w_b066aa6 w_67599af w_4fb3c95
2d10bab0.jpg,new_whale w_7ba4b5a w_24fda6e w_59eb8ae w_d2be6cc
2d11b0dd.jpg,new_whale w_9d2ded8 w_f0b4252 w_44a137d w_4fd48e7
2d14146f.jpg,new_whale w_1eafe46 w_0e737d0 w_66c1b54 w_d5ec83f
2d16447f.jpg,new_whale w_0cd401c w_eab49b7 w_f4d89bb w_76ebad6
2d169feb.jpg,new_whale w_2527790 w_4dceacc w_62ca7c8 w_59eb8ae
2d1809bd.jpg,new_whale w_3a7d86d w_8861715 w_fd1cb9d w_5aa4856
2d1c70bf.jpg,new_whale w_b1a4f29 w_7a8ce5a w_3d187b5 w_1b6d171
2d1cebfd.jpg,new_whale w_a91b997 w_1e3ce01 w_98baff9 w_77e1d3f
2d1f07aa.jpg,new_whale w_67de30b w_96fd936 w_aeca19c w_48dd419
2d245ebe.jpg,new_whale w_7c7a78c w_8fab53d w_853c1f7 w_b0e05b1
2d2f20d5.jpg,new_whale w_dcd7a1d w_18eee6e w_7ba4b5a w_cc1f8bc
2d321a68.jpg,new_whale w_8d46cef w_1310342 w_026fdf8 w_9ae554b
2d35d566.jpg,new_whale w_a779e16 w_65428d9 w_654a5bb w_1f2a32a
2d37d22e.jpg,new_whale w_5cc2285 w_d7760f0 w_ace8c54 w_c9e1cdc
2d387a21.jpg,new_whale w_2d99a0c w_999275d w_666b072 w_238bbbf
2d3cf956.jpg,new_whale w_dbda0d6 w_5cef366 w_e3b2cfa w_dd90e0a
2d400715.jpg,new_whale w_654a5bb w_883b284 w_408c5a7 w_cb7b682
2d405f9f.jpg,new_whale w_efe57c7 w_98d4838 w_dfbfe10 w_1772ed2
2d477d1b.jpg,new_whale w_93bf889 w_d9adb4f w_aa16da4 w_fa32440
2d4f1ef6.jpg,new_whale w_1eafe46 w_532fb22 w_7f40920 w_1e45a47
2d5337f3.jpg,new_whale w_569c2c7 w_6202983 w_d663f4f w_0e737d0
2d5d5861.jpg,new_whale w_de20ab0 w_95aad92 w_1235317 w_430766d
2d62abcb.jpg,new_whale w_d889b6a w_06ff732 w_efebfe8 w_a21cc97
2d6acb7d.jpg,new_whale w_43be268 w_4c9d3df w_40323ac w_c30959a
2d6e85e7.jpg,new_whale w_8397970 w_4f0b7d9 w_ee22376 w_79071e8
2d707680.jpg,new_whale w_9ca943b w_fea7fe6 w_398aa7f w_e0f6444
2d76b904.jpg,new_whale w_1b1c32f w_3027b8f w_6a4e5f2 w_ca5f17f
2d7dd243.jpg,new_whale w_8fab53d w_ce9b95e w_c0648b9 w_3fdab94
2d83ecf4.jpg,new_whale w_7a2dfd7 w_c92b4f5 w_fba3bde w_21e178f
2d85bd92.jpg,new_whale w_2bb8c37 w_44a6b62 w_41c0098 w_cb38960
2d911a21.jpg,new_whale w_57c14db w_8044362 w_15427c3 w_38bcd3e
2d968dff.jpg,new_whale w_6926f08 w_11ca856 w_02bb4cf w_05567a9
2d986ef8.jpg,new_whale w_2af3059 w_8069cbb w_715c557 w_593485f
2d9a91c7.jpg,new_whale w_5624f08 w_3fe1eb9 w_40323ac w_075aa6e
2d9b27e5.jpg,new_whale w_d1917df w_62ca7c8 w_fe95ab8 w_b0e05b1
2d9be2fa.jpg,new_whale w_9948a99 w_050d056 w_8327e8d w_7e8b270
2da533c1.jpg,new_whale w_a3c6ed0 w_1272a31 w_6232813 w_5817e08
2da5ce28.jpg,new_whale w_f104523 w_f014da3 w_e45bc18 w_f19faeb
2da7cd37.jpg,new_whale w_fd1cb9d w_bbf20b4 w_d663f4f w_02bb4cf
2da96475.jpg,new_whale w_2fe43c7 w_4fdaa2a w_43be268 w_026fdf8
2dad2177.jpg,new_whale w_ea2385d w_e826a6f w_1a70685 w_84398be
2dae0ea6.jpg,new_whale w_efd3f81 w_42f935c w_e826a6f w_dbda0d6
2db1d73b.jpg,new_whale w_f6722e7 w_5deefd9 w_29670e2 w_0c8a724
2db9f459.jpg,new_whale w_c06dd6e w_43e45b6 w_df834bf w_ca3bb23
2dbd3192.jpg,new_whale w_4fb3c95 w_2dae424 w_b066aa6 w_4e68ddc
2dc2f982.jpg,new_whale w_48dd419 w_0f20cbc w_8044362 w_98baff9
2dc43404.jpg,new_whale w_076c122 w_6132293 w_35453e0 w_34c4927
2dc704c3.jpg,new_whale w_c5d7c03 w_1287fbc w_da2efe0 w_2cdf820
2ddbc975.jpg,new_whale w_c4f3619 w_367b996 w_a58f64d w_f8e6546
2ddfd270.jpg,new_whale w_98baff9 w_206e903 w_e45bc18 w_0e737d0
2de08238.jpg,new_whale w_651cbb7 w_3db53dc w_ff70408 w_1596a47
2de23468.jpg,new_whale w_a837660 w_7586198 w_e8c35dc w_b70a0c4
2df079aa.jpg,new_whale w_c1b685f w_0d0bc48 w_25d7f93 w_778ee6e
2dfed348.jpg,new_whale w_6710cf8 w_c3d523d w_96b697f w_576db5d
2dff964a.jpg,new_whale w_a96d4dc w_0be82ee w_5612fed w_5297ab3
2e0384c0.jpg,new_whale w_482c51f w_541b160 w_3197568 w_7763134
2e0643ed.jpg,new_whale w_3331656 w_c0d494d w_5b99089 w_2071a4c
2e06fc32.jpg,new_whale w_bf4880a w_7aaa569 w_09f9fd3 w_977d881
2e088ae0.jpg,new_whale w_14964c1 w_3e6a161 w_b6301f8 w_48c9deb
2e089190.jpg,new_whale w_2658649 w_17136dc w_c068ed3 w_d663f4f
2e08d6c6.jpg,new_whale w_ab1c859 w_21e178f w_f5771d1 w_1287fbc
2e0b4ea2.jpg,new_whale w_0c6dbbe w_901363f w_b678944 w_0265cb6
2e0bb5ea.jpg,new_whale w_2f07b15 w_681dba6 w_15427c3 w_4759be5
2e0bef24.jpg,new_whale w_78a4639 w_0a565c5 w_e5250e9 w_675e8e9
2e1d461a.jpg,new_whale w_0ac9006 w_19ca2c6 w_e09e886 w_06ff732
2e23aeef.jpg,new_whale w_7b39dda w_2c75202 w_6361632 w_d9adb4f
2e2a8437.jpg,new_whale w_3fe1eb9 w_0b0d88d w_7b5a630 w_d5ec83f
2e2d9e01.jpg,new_whale w_e7a2780 w_7875b79 w_fe95ab8 w_7c943ab
2e2e87dd.jpg,new_whale w_656afeb w_ff70408 w_cb5ea24 w_fc7cc24
2e307a15.jpg,new_whale w_34c4927 w_abe383e w_0fecdf7 w_89973e5
2e3250de.jpg,new_whale w_a9dd349 w_c30959a w_0beef28 w_dbaa2b1
2e32f6a8.jpg,new_whale w_8b1ca89 w_d663f4f w_ee17a08 w_286ec5f
2e356b16.jpg,new_whale w_3f5e7fc w_e826a6f w_b9e00eb w_1f00cb7
2e382672.jpg,new_whale w_1310342 w_67de30b w_8d46cef w_398aa7f
2e3caf68.jpg,new_whale w_ac87f37 w_8c605d2 w_aef3680 w_0e4f53c
2e405d77.jpg,new_whale w_095f58d w_ee17a08 w_33e7def w_a25d46c
2e42976d.jpg,new_whale w_4b8d0c9 w_1e7bb93 w_243e33e w_e3fbc27
2e43d6df.jpg,new_whale w_6e8486d w_2fe43c7 w_e61dd6d w_4a43c71
2e4d740e.jpg,new_whale w_156c0db w_e449d3a w_871b1b9 w_cdc0a1c
2e501bca.jpg,new_whale w_2a9727c w_fd1cb9d w_c027e4e w_3d66298
2e5c2a93.jpg,new_whale w_9dab60c w_d2be6cc w_11f6df1 w_0a97a25
2e5e63de.jpg,new_whale w_05b2ddd w_ee17a08 w_b08520c w_d88328d
2e60f4a0.jpg,new_whale w_e449d3a w_fd698a3 w_d141590 w_8fac7da
2e62d49b.jpg,new_whale w_ce9b95e w_721d2e9 w_0e737d0 w_b074cdf
2e63370f.jpg,new_whale w_d053be5 w_47d2bc6 w_fe49bc4 w_e3b3ade
2e638298.jpg,new_whale w_1287fbc w_80bae3a w_8103039 w_e826a6f
2e654bc4.jpg,new_whale w_a048f26 w_9291cdf w_c2a602a w_79b42cd
2e66c81c.jpg,new_whale w_4ebeafb w_c529cf1 w_43be268 w_48a98d7
2e6735bf.jpg,new_whale w_c39fceb w_cfe35d4 w_3326396 w_8397970
2e6c1c48.jpg,new_whale w_4f248f3 w_ab4cae2 w_f5eb6c6 w_efd3f81
2e6e899f.jpg,new_whale w_31fb9f0 w_72dfe51 w_303518a w_a01d903
2e7687ac.jpg,new_whale w_85f9040 w_3f365f3 w_fa32440 w_abe383e
2e839fc1.jpg,new_whale w_2f6a962 w_ef2f0f0 w_92c6140 w_c027e4e
2e83ed5e.jpg,new_whale w_19eb1b8 w_6d05f7f w_e39dcea w_2d99a0c
2e8456f9.jpg,new_whale w_e4f1fcc w_c2c4f43 w_f8e6546 w_0899118
2e85bf16.jpg,new_whale w_ca8bfb4 w_83f0b3f w_e57b3ce w_cece268
2e8ac6be.jpg,new_whale w_ab4cae2 w_98baff9 w_7554f44 w_5e99ca7
2e8bc4ac.jpg,new_whale w_01c2cb0 w_44f0fa2 w_2ac069f w_987a36f
2e9b1bb8.jpg,new_whale w_7c6ad05 w_e1f55ad w_8968506 w_7028d77
2e9d9936.jpg,new_whale w_d9adb4f w_4142305 w_ab4cae2 w_0e737d0
2ea2ec83.jpg,new_whale w_dbda0d6 w_0e737d0 w_b7d5069 w_3f12226
2ea53ec3.jpg,new_whale w_7311fe4 w_d36f58c w_b4732ef w_392bee3
2ea73a91.jpg,new_whale w_1c6d5f0 w_eb7c39f w_ada188f w_08f1502
2ea7f4a1.jpg,new_whale w_715d152 w_9ca943b w_987a36f w_9771603
2ea8bd34.jpg,new_whale w_fdf60bb w_f03ca16 w_9269ec6 w_fcfcf68
2ea9df49.jpg,new_whale w_29670e2 w_0d48a7d w_95c7d1b w_3c4062e
2eaa2dfa.jpg,new_whale w_7763134 w_541b160 w_b14007c w_4f248f3
2ead2f18.jpg,new_whale w_338b130 w_dd76ce2 w_31446aa w_e17c752
2eb5f0eb.jpg,new_whale w_4c9d3df w_89e159a w_fc7cc24 w_e0f1df1
2eb9e1cb.jpg,new_whale w_95874a5 w_43b50e5 w_0d39a68 w_3de676c
2ec4d2ae.jpg,new_whale w_e449d3a w_5ae47d9 w_c6439b8 w_1c2fb13
2ecc3b81.jpg,new_whale w_fd6f24f w_39043c9 w_6992521 w_9f1fafb
2ed25967.jpg,new_whale w_fba3bde w_7895123 w_67de30b w_987a36f
2ed97cfb.jpg,new_whale w_9c5ed68 w_6badfcf w_8158b1f w_6d17527
2edbebbb.jpg,new_whale w_ed32db9 w_488cdd8 w_a5431ca w_ae07541
2ee59fd9.jpg,new_whale w_286ec5f w_e1431ba w_fc7cc24 w_6a3210a
2ee62576.jpg,new_whale w_0e4f53c w_a254eb0 w_b329c00 w_f1396bd
2ee63483.jpg,new_whale w_bb2d34d w_1ac4c38 w_4b83ce2 w_778ee6e
2ee6a59c.jpg,new_whale w_b074cdf w_7523d74 w_2fdf63b w_23cd105
2eea599e.jpg,new_whale w_e158680 w_12f2352 w_a13ada3 w_87e00c8
2eeba64d.jpg,new_whale w_5470134 w_ab4cae2 w_8a2e496 w_dbda0d6
2eec7760.jpg,new_whale w_dbda0d6 w_43be268 w_e964ae8 w_4fd48e7
2eefdfe4.jpg,new_whale w_4af3e4e w_ef99fe9 w_fd6f24f w_4a3032d
2ef3ee1f.jpg,new_whale w_ed69e9c w_7419e4b w_4e52a49 w_d4119a7
2ef526b3.jpg,new_whale w_2f97ce6 w_3d0bc7a w_e2e56e9 w_296749b
2ef9ef59.jpg,new_whale w_b0e05b1 w_7c6ad05 w_693c9ee w_8166c79
2f01b6ea.jpg,new_whale w_89e159a w_5a6d315 w_fd1cb9d w_2d99a0c
2f028d0b.jpg,new_whale w_4684a3f w_fc7cc24 w_8867074 w_3fc7f1e
2f04dfea.jpg,new_whale w_b074cdf w_36a4e8b w_53549df w_91b7c58
2f077b2f.jpg,new_whale w_89d9c03 w_abe383e w_6b03eb4 w_71764b4
2f0abab9.jpg,new_whale w_d9adb4f w_e55a554 w_b04d4f1 w_bf38f05
2f0f7ea3.jpg,new_whale w_654a5bb w_aa16da4 w_c167245 w_8d5ede1
2f11fcdb.jpg,new_whale w_f19faeb w_1969a9d w_dbda0d6 w_5f82501
2f17b9ca.jpg,new_whale w_4fdaa2a w_e61dd6d w_6e8486d w_987a36f
2f19b5fd.jpg,new_whale w_0a97a25 w_eb7c39f w_b7d5069 w_147b62b
2f1cf14d.jpg,new_whale w_b75f378 w_cf00b01 w_62c3998 w_e8a6c4b
2f2544ee.jpg,new_whale w_14c8f15 w_ad6edbe w_dcb4be9 w_2ceab05
2f2c6a77.jpg,new_whale w_026fdf8 w_b0e05b1 w_1ac4c38 w_ab9fa59
2f2dafdb.jpg,new_whale w_62f804d w_0beef28 w_3411b9f w_3061bdd
2f30d17e.jpg,new_whale w_ab4cae2 w_98baff9 w_490b224 w_ed8a846
2f32cfe1.jpg,new_whale w_19aeb9c w_977d881 w_fe49bc4 w_6d4dedc
2f32e4a1.jpg,new_whale w_5f7c402 w_414f402 w_9a94e29 w_864cc78
2f36baca.jpg,new_whale w_e4616da w_243e33e w_d9adb4f w_0fea5a3
2f36e85a.jpg,new_whale w_ed117b3 w_4b7b80b w_8fab53d w_af890ad
2f3d2c52.jpg,new_whale w_084d01c w_9ea2cc3 w_987a36f w_a59905f
2f3f5bfe.jpg,new_whale w_024358d w_3ce788a w_d663f4f w_cc8d317
2f3fcd3b.jpg,new_whale w_fd1cb9d w_78f2e92 w_b7d5069 w_6710cf8
2f417e43.jpg,new_whale w_1c2fb13 w_e449d3a w_69185bb w_a25caa9
2f42c740.jpg,new_whale w_b96c08e w_7f199c6 w_ebe0ad5 w_a524549
2f47dde4.jpg,new_whale w_b31d830 w_ea96346 w_576db5d w_d3ce445
2f4e846d.jpg,new_whale w_ebe0ad5 w_cae7677 w_8c3db0a w_3698eaf
2f502f6d.jpg,new_whale w_2e27b77 w_aa64cc1 w_e09e886 w_06ff732
2f511f0e.jpg,new_whale w_2d29ddd w_9cb2dba w_c3d523d w_2e872af
2f537dd6.jpg,new_whale w_2cca6a1 w_af76f1e w_52a081c w_ff39e03
2f56f290.jpg,new_whale w_f95ef7c w_db93738 w_e09e886 w_44cb3ee
2f59bd3b.jpg,new_whale w_34c4927 w_eb47189 w_41ed8e8 w_4e52a49
2f5c9417.jpg,new_whale w_95874a5 w_549fbeb w_ace8c54 w_89d9c03
2f71b811.jpg,new_whale w_98baff9 w_00fbb4e w_4b7b80b w_2941dd2
2f72d29c.jpg,new_whale w_7ed0d17 w_daeb296 w_36ac97f w_217e78a
2f7a84a1.jpg,new_whale w_97f5054 w_532fb22 w_3d0bc7a w_435ee6d
2f7b6e80.jpg,new_whale w_b6886e5 w_97f5054 w_33973bf w_f986587
2f7e7520.jpg,new_whale w_af06773 w_987a36f w_6c803bf w_4a78bf2
2f803824.jpg,new_whale w_f5915b0 w_3af4e73 w_9d704ab w_853c1f7
2f80528f.jpg,new_whale w_2e872af w_f014da3 w_9989964 w_d19a884
2f80c4f8.jpg,new_whale w_74e15fc w_540fd73 w_ef7755e w_a59905f
2f9106fb.jpg,new_whale w_c622a3f w_ff1b64c w_eb39613 w_9989964
2f950e12.jpg,new_whale w_0e9f6d9 w_8d83172 w_38e4aae w_56bbc91
2f95324f.jpg,new_whale w_1287fbc w_5d335c3 w_fac9864 w_d249ed6
2f99e656.jpg,new_whale w_53e9072 w_6734e40 w_7028d77 w_d22af00
2f9a6faf.jpg,new_whale w_a18d0dc w_a25d46c w_7e8b270 w_d9adb4f
2faaf0c9.jpg,new_whale w_1a5e7a2 w_bd61ca9 w_c1e8594 w_4ce0510
2fac6a74.jpg,new_whale w_cd1f1ed w_0cc4a2b w_c1540a3 w_8d83172
2fad298b.jpg,new_whale w_7c7a78c w_bb2d34d w_41afa58 w_3061bdd
2fadafcf.jpg,new_whale w_1609b19 w_1489751 w_97e7648 w_a8f9a1e
2fb41d90.jpg,new_whale w_fa32440 w_b081817 w_17ee910 w_98baff9
2fb49309.jpg,new_whale w_f022f78 w_44f66a7 w_1287fbc w_be0fefb
2fb8dee1.jpg,new_whale w_8f3cb68 w_91572bb w_5d86f98 w_217e78a
2fbc5f84.jpg,new_whale w_f64658b w_9ea2cc3 w_0a97a25 w_4659acf
2fcdc2f1.jpg,new_whale w_56743d6 w_a524549 w_7394d75 w_a01d903
2fd2a4ae.jpg,new_whale w_38efc2d w_8d46cef w_2d99a0c w_1c2fb13
2fd38afb.jpg,new_whale w_78a4639 w_39f2064 w_fd6f24f w_d663f4f
2fd84efd.jpg,new_whale w_23d3b1c w_8201aa8 w_19212f0 w_bd5cf0a
2fd8e071.jpg,new_whale w_91e06de w_6202983 w_3d4900b w_7179c98
2fda0521.jpg,new_whale w_18eee6e w_b6886e5 w_ab6db0f w_f81c626
2fe4d169.jpg,new_whale w_0b7cc25 w_8b15b96 w_f8e6546 w_73d5489
2feda9f8.jpg,new_whale w_1b1c4f1 w_a8458c8 w_6635a97 w_e0f1df1
2fef1d4b.jpg,new_whale w_861cc1c w_7f1f97b w_b678944 w_733f161
2ff2898d.jpg,new_whale w_35c5d43 w_b6886e5 w_86b9dfd w_fb89186
2ff6aa2f.jpg,new_whale w_9ec358c w_06972d2 w_f18df18 w_fba3bde
30003e7a.jpg,new_whale w_ab4cae2 w_6202983 w_693c9ee w_5b99089
3000df92.jpg,new_whale w_d4ab7ad w_2e27b77 w_e09e886 w_7554f44
30055835.jpg,new_whale w_2e4fecc w_243e33e w_c06dd6e w_8d88c82
3006a76c.jpg,new_whale w_e30e97f w_056be75 w_b5383b5 w_8b15b96
301ef7e1.jpg,new_whale w_2e42cc0 w_8a66718 w_8044362 w_4b7b80b
3021c535.jpg,new_whale w_41ed8e8 w_0f96780 w_fba3bde w_b618751
3022fa66.jpg,new_whale w_1596a47 w_eb8429c w_10ace22 w_3e1ba5b
30238729.jpg,new_whale w_511c464 w_4e52a49 w_7419e4b w_2ce9f0c
3029389e.jpg,new_whale w_1af5d59 w_d4eb9ed w_e09d8cf w_7c7a78c
302b078e.jpg,new_whale w_d94c323 w_de3cab3 w_13c6b6b w_33909b8
302e4f13.jpg,new_whale w_7214e98 w_5436d75 w_b688397 w_ef99fe9
3036d911.jpg,new_whale w_87050a3 w_f3db3f1 w_8c1ec28 w_44a6b62
3038cd80.jpg,new_whale w_569c2c7 w_0a97a25 w_3e1ccc9 w_fe19618
303a6d3e.jpg,new_whale w_b4732ef w_7c91fa7 w_eac205a w_be4d5b8
303a6d59.jpg,new_whale w_2b0028d w_aeca19c w_dbda0d6 w_b9e0ae0
303d40a9.jpg,new_whale w_fd1cb9d w_17e8554 w_b6d09e6 w_6f2c662
303fc0d2.jpg,new_whale w_1add6ae w_361e290 w_993d66c w_662a132
30408a2a.jpg,new_whale w_18eee6e w_e07f3d1 w_6202983 w_17e8554
3044c3bd.jpg,new_whale w_c9dfa13 w_64f3545 w_9ca943b w_fc7cc24
304c01b0.jpg,new_whale w_656afeb w_ff70408 w_b6c4efa w_fc7cc24
3055c2b4.jpg,new_whale w_af18c29 w_41ed8e8 w_66c1b54 w_900fab7
305eccad.jpg,new_whale w_351a1e1 w_aae82f8 w_5646ae9 w_7dee51b
3063caf0.jpg,new_whale w_1dff010 w_aae82f8 w_8d83172 w_32a920b
30686850.jpg,new_whale w_3bb210a w_73e5530 w_1a229eb w_5ea3410
306edad0.jpg,new_whale w_361e290 w_93bf889 w_fd698a3 w_69e1d0a
3072684c.jpg,new_whale w_2fe43c7 w_e61dd6d w_552a16e w_33fc58d
307279c8.jpg,new_whale w_b067417 w_95874a5 w_f478955 w_3745f59
3072fc8c.jpg,new_whale w_309a2b3 w_6e47e0e w_e62b5d8 w_f208155
3074eee9.jpg,new_whale w_b074cdf w_7554f44 w_2ac83b0 w_c9ba30c
3074f59f.jpg,new_whale w_3c0bbac w_3580734 w_b688397 w_fdc8bf6
307bed72.jpg,new_whale w_7f867ec w_e02fe7b w_0aae8c1 w_2c1dafa
307dc2bd.jpg,new_whale w_f2b0e93 w_60eba40 w_89dcef1 w_0a97a25
30823a4a.jpg,new_whale w_38e4aae w_56bbc91 w_b6689cc w_b9ee5ec
308343d8.jpg,new_whale w_1dff010 w_11ca856 w_96b697f w_e4616da
308be740.jpg,new_whale w_93aee9e w_19c29aa w_ef89b72 w_3d187b5
308c9697.jpg,new_whale w_9caed77 w_79f7d21 w_c90c37a w_c128384
308fce08.jpg,new_whale w_847088b w_1eafe46 w_72e70e5 w_d663f4f
30903c83.jpg,new_whale w_e7f8e67 w_35c5d43 w_1a70685 w_53859b2
309443b9.jpg,new_whale w_3278f8c w_11adaae w_bc9dc37 w_fa8b1ac
30996bdd.jpg,new_whale w_7554f44 w_c3ff6f2 w_7e8b270 w_367b996
30a16504.jpg,new_whale w_f64658b w_c00534d w_e61dd6d w_6c803bf
30ad5cbe.jpg,new_whale w_d141590 w_ad0d6ec w_07e92ee w_cd01afb
30b20387.jpg,new_whale w_41c0098 w_44a6b62 w_5f82501 w_7caa4fe
30b2ec79.jpg,new_whale w_54c00ad w_900fab7 w_67de30b w_38158d6
30b654a2.jpg,new_whale w_361e290 w_9db9ef5 w_17370ba w_eb47189
30b6aee4.jpg,new_whale w_1a4ae2c w_3fcb80e w_90f74ae w_993d66c
30b76a67.jpg,new_whale w_bc76fde w_9e7cada w_d148982 w_e548eb7
30bac0d7.jpg,new_whale w_cae7677 w_b0e05b1 w_9c5ed68 w_f1457b5
30c10ee8.jpg,new_whale w_9ceb05d w_43be268 w_77607b5 w_1facad2
30c8c1c7.jpg,new_whale w_02fce90 w_2fe43c7 w_f660d7d w_6af9dd7
30cb2858.jpg,new_whale w_ef99fe9 w_8ebb024 w_e30e97f w_5d96ba4
30d250ef.jpg,new_whale w_7e8b270 w_c3ff6f2 w_2b0028d w_d141590
30d5ae19.jpg,new_whale w_de20ab0 w_95aad92 w_1235317 w_430766d
30d80d3e.jpg,new_whale w_b6886e5 w_b3cc032 w_cd788c3 w_516bedb
30d81da1.jpg,new_whale w_98baff9 w_0e737d0 w_693c9ee w_e5250e9
30db3100.jpg,new_whale w_3d1c2ef w_b089088 w_2b0028d w_3e0f25d
30e1d4b7.jpg,new_whale w_06dbe6b w_cdda58e w_b71eab2 w_1606afc
30e81bca.jpg,new_whale w_db474c7 w_7554f44 w_c263d43 w_c2474a2
30ef2bea.jpg,new_whale w_a837660 w_471cca4 w_7a95674 w_e3b2cfa
30f43a15.jpg,new_whale w_7895123 w_7a2dfd7 w_5f0a14c w_7029235
30fa89a2.jpg,new_whale w_0e737d0 w_6202983 w_d9adb4f w_987a36f
31003be5.jpg,new_whale w_0da6f67 w_fc7cc24 w_6361632 w_e8778ce
31016dab.jpg,new_whale w_60c5e7e w_85755f7 w_a1350a7 w_5d96ba4
3105c271.jpg,new_whale w_a59905f w_fd1cb9d w_7c7a78c w_e54feba
31064c93.jpg,new_whale w_589b830 w_d1bbde9 w_05b2ddd w_b4369cc
310e77b6.jpg,new_whale w_2392b4c w_2fcb559 w_c622a3f w_65e519b
310fcc8e.jpg,new_whale w_ba39446 w_4ebeafb w_dbc4dcc w_43be268
31102c96.jpg,new_whale w_d6f3d24 w_e7a238b w_4655b25 w_fd1cb9d
3115ca96.jpg,new_whale w_98baff9 w_fce6ab2 w_4759be5 w_ba17206
31189c14.jpg,new_whale w_ee948c6 w_d49402a w_893e77a w_7c9fd46
31198690.jpg,new_whale w_d32adcd w_0f96780 w_11c504f w_367b996
311c8794.jpg,new_whale w_fbcb6e4 w_7c7a78c w_3061bdd w_67de30b
312207f4.jpg,new_whale w_9b6b87d w_9f718e8 w_0c6d50d w_a8f9a1e
31249cfa.jpg,new_whale w_cc759cd w_38e4aae w_3e1ba5b w_2bea4c4
3132b00a.jpg,new_whale w_5a0d250 w_bb2d34d w_dcb1f2a w_b6886e5
31353e3b.jpg,new_whale w_afc7d61 w_3b0894d w_9564830 w_ea96346
3145e23b.jpg,new_whale w_7f81114 w_e0ba9ae w_4f0b7d9 w_2730966
314accb4.jpg,new_whale w_e1431ba w_38e4aae w_656afeb w_fc7cc24
314cb1cd.jpg,new_whale w_9b67e87 w_ae0ab55 w_3db53dc w_cf69291
314e1d1d.jpg,new_whale w_e73d83c w_43be268 w_06a6351 w_65139e4
314e8cdc.jpg,new_whale w_54b0844 w_3c8eab1 w_f5771d1 w_1287fbc
3150d5dc.jpg,new_whale w_34c4927 w_6132293 w_ae07541 w_eb47189
3156398d.jpg,new_whale w_7538a4c w_e2bf793 w_d2be6cc w_bb2d34d
31567fb0.jpg,new_whale w_0ebd514 w_fd1cb9d w_e0e5c9e w_4f94f26
3157346a.jpg,new_whale w_b6d09e6 w_9cb529f w_e2e56e9 w_ad32646
31595f38.jpg,new_whale w_28ce17c w_4b87cba w_309a2b3 w_1ecfe96
315b79a4.jpg,new_whale w_8fd5636 w_e700deb w_302af0a w_e449d3a
315b8a29.jpg,new_whale w_da2efe0 w_244bd92 w_c8f7bcd w_5cb5e65
315c01af.jpg,new_whale w_4114553 w_17ee910 w_bb2d34d w_7895123
315c220e.jpg,new_whale w_b0e05b1 w_67de30b w_7427ace w_ef2f0f0
315c81fc.jpg,new_whale w_8867074 w_79185c2 w_43be268 w_569c2c7
315d4c7f.jpg,new_whale w_f031837 w_3fe1eb9 w_6737f89 w_38e4aae
315f04a2.jpg,new_whale w_95874a5 w_97da401 w_844f032 w_aa16da4
31722bf6.jpg,new_whale w_398aa7f w_0e737d0 w_d9055d1 w_6202983
317614f3.jpg,new_whale w_41ed8e8 w_e3b2cfa w_86b3f04 w_1e7bb93
3176ec9a.jpg,new_whale w_5021993 w_e5250e9 w_36a4e8b w_941581c
3178ccf1.jpg,new_whale w_7dee51b w_654a5bb w_2071a4c w_e64c9a6
3187dfbb.jpg,new_whale w_9d5f5cc w_f8e6546 w_60c5e7e w_72f25c9
318cb36e.jpg,new_whale w_02e5407 w_8f50a1f w_4bf5a06 w_7311fe4
3193f18b.jpg,new_whale w_2f6a962 w_1d05772 w_613723e w_11adaae
3196d604.jpg,new_whale w_7cd711c w_305ed07 w_09f825c w_0526c04
3197ef32.jpg,new_whale w_96d9eaf w_ac05864 w_b96d4e0 w_ddb4c8d
3197f239.jpg,new_whale w_19ca2c6 w_98baff9 w_c0d494d w_b7d5069
31a0815a.jpg,new_whale w_44cccf6 w_4c9d3df w_da2efe0 w_43be268
31a6fb44.jpg,new_whale w_993d66c w_c068ed3 w_0d85e59 w_7311fe4
31a81c2e.jpg,new_whale w_38e4aae w_8c1e2e4 w_b6689cc w_05b2ddd
31aac5c5.jpg,new_whale w_d3861a1 w_36a4e8b w_2071a4c w_4fd48e7
31af3ede.jpg,new_whale w_8a7b9c8 w_0f92544 w_52c8684 w_081dd6e
31b4bff7.jpg,new_whale w_9ceb05d w_9ea2cc3 w_778ee6e w_65943d6
31b641ab.jpg,new_whale w_1eafe46 w_35c8057 w_9146eae w_9ca943b
31b6697c.jpg,new_whale w_00fbb4e w_98baff9 w_4b7b80b w_e4e6f5b
31bcc919.jpg,new_whale w_a54e7c1 w_d2be6cc w_b7d5069 w_8963cff
31c07dd1.jpg,new_whale w_3e1a037 w_6992521 w_0ead9d7 w_5c62a56
31c30f7f.jpg,new_whale w_4457d27 w_e8a6c4b w_fec1fb5 w_7e4d894
31c48bd5.jpg,new_whale w_9b098ea w_372ae75 w_813c5be w_62f804d
31c5bec8.jpg,new_whale w_c8f7bcd w_4e68ddc w_5cb5e65 w_6fcceaf
31c63acc.jpg,new_whale w_66c1b54 w_f099dc8 w_b96d4e0 w_9875c12
31cc893c.jpg,new_whale w_85755f7 w_fe96bef w_143b201 w_9b804bd
31d318fb.jpg,new_whale w_dee6441 w_5fbef36 w_a048f26 w_cd01afb
31e21966.jpg,new_whale w_50729c4 w_1e3ce01 w_17e8554 w_19ca2c6
31edd90e.jpg,new_whale w_d148982 w_009dc00 w_dd8299b w_94e071d
31f22ee5.jpg,new_whale w_7554f44 w_70daaba w_dbda0d6 w_b9d27c6
31f54b27.jpg,new_whale w_771136b w_afc7d61 w_d4fa6f3 w_a5deba3
31fed342.jpg,new_whale w_c9e1cdc w_92d55a6 w_cb7b682 w_1eafe46
32006070.jpg,new_whale w_2bea4c4 w_e156c87 w_d9fdd15 w_dfbfe10
3204d84d.jpg,new_whale w_3745f59 w_eb0a6ed w_98baff9 w_2c3f440
32058fa2.jpg,new_whale w_a964291 w_4659acf w_41ed8e8 w_a13ada3
3206cde8.jpg,new_whale w_a89920b w_048f7a9 w_414f402 w_bc9dc37
320ef69d.jpg,new_whale w_f18df18 w_db3621e w_cd88a48 w_d382236
321967c0.jpg,new_whale w_8459e39 w_07fea3d w_56ccad1 w_2658649
3219f02b.jpg,new_whale w_8d83172 w_6af9dd7 w_63035d1 w_3e1ba5b
321a1007.jpg,new_whale w_92be3ca w_2957331 w_cf00b01 w_b6886e5
321c4064.jpg,new_whale w_acff672 w_dbaa2b1 w_dad56c9 w_b5383b5
321d2cd3.jpg,new_whale w_2957331 w_cb6a206 w_15c39f4 w_0f92544
321efa33.jpg,new_whale w_2d99a0c w_19f0b15 w_6af9dd7 w_fd1cb9d
322119d7.jpg,new_whale w_3f907d6 w_993d66c w_57c8da9 w_5b99089
3223b52c.jpg,new_whale w_70b4610 w_c0cfd5b w_4b7b80b w_824f286
32320fb5.jpg,new_whale w_fdf60bb w_367b996 w_102ab59 w_80d95d6
323ee2b3.jpg,new_whale w_eb0a6ed w_f2d87b0 w_1eafe46 w_c4e71b6
324063d8.jpg,new_whale w_e45bc18 w_693c9ee w_b0e05b1 w_fea7fe6
3241660c.jpg,new_whale w_b329c00 w_0bc1db0 w_ab4cae2 w_fe054f3
32416df5.jpg,new_whale w_406331a w_d7de1ee w_0f92544 w_900f9eb
32431f4d.jpg,new_whale w_20f86e1 w_efd3f81 w_f8cd6b6 w_bf38f05
32464de5.jpg,new_whale w_c0d494d w_654a5bb w_73b705e w_abe383e
3247679c.jpg,new_whale w_00cb685 w_ebff750 w_8936f42 w_b14007c
324fb49e.jpg,new_whale w_886257d w_5d96ba4 w_b688397 w_3ee8570
32515901.jpg,new_whale w_d94c323 w_de3cab3 w_13c6b6b w_33909b8
32575533.jpg,new_whale w_09d654f w_d5ec83f w_fba3bde w_86113c4
32600db4.jpg,new_whale w_1eafe46 w_3fc3d07 w_0e737d0 w_b96d4e0
32613d37.jpg,new_whale w_5624f08 w_987a36f w_68820e8 w_0c93f94
3262ab44.jpg,new_whale w_ccf547c w_130508d w_5d0666e w_1717a13
32669578.jpg,new_whale w_1e1a051 w_b074cdf w_5a1b758 w_ca8bfb4
326adb44.jpg,new_whale w_29eb3b2 w_4b83ce2 w_ea96346 w_6047e81
326b70e9.jpg,new_whale w_9eeb05c w_9a6cbd9 w_a190b3b w_ab6db0f
326bc3bb.jpg,new_whale w_95874a5 w_7c44934 w_045d9fc w_43be268
326c8640.jpg,new_whale w_6202983 w_e3b2cfa w_e02fe7b w_73321ab
3271433a.jpg,new_whale w_da6d50b w_cb7b682 w_7e8b270 w_b678944
3273f6a7.jpg,new_whale w_6c899ff w_9e7021b w_fd1cb9d w_733fe81
32745351.jpg,new_whale w_7e5cc5e w_3e73d8a w_62c3998 w_dfbfe10
32762045.jpg,new_whale w_b96d4e0 w_e5250e9 w_54b0844 w_f2c9e07
3283d1df.jpg,new_whale w_1743d93 w_12f2352 w_3db53dc w_6c803bf
3286df24.jpg,new_whale w_73c9ba2 w_b9e00eb w_b738048 w_09f9fd3
328a24e8.jpg,new_whale w_44a6b62 w_9948a99 w_5b3f55f w_d22af00
328c5ef0.jpg,new_whale w_059df09 w_8ba2066 w_d9adb4f w_fdc8bf6
3290964c.jpg,new_whale w_c2ea3f0 w_a8335f2 w_2fcb559 w_0e7cb1c
32977a79.jpg,new_whale w_861cc1c w_9ca943b w_eb0a6ed w_4e52a49
329e4aa4.jpg,new_whale w_ff39e03 w_a18d0dc w_302af0a w_7885601
32a01d52.jpg,new_whale w_7bdfc11 w_6232813 w_b074cdf w_3326396
32a6e61f.jpg,new_whale w_7e48479 w_c11fce0 w_aa64cc1 w_2658649
32a6fdd4.jpg,new_whale w_3050553 w_2af3059 w_2658649 w_530f87b
32aae7d2.jpg,new_whale w_59eb8ae w_6092d5c w_0e737d0 w_4b7b80b
32b83c86.jpg,new_whale w_eadf1ec w_528e753 w_693c9ee w_cad1a8d
32b9ab7c.jpg,new_whale w_6202983 w_e02fe7b w_7c7a78c w_71764b4
32bbf0fc.jpg,new_whale w_f81c626 w_91c0a1d w_4855bd3 w_41afa58
32bdef7b.jpg,new_whale w_5dd4772 w_715d152 w_43be268 w_2482b4a
32bff2a4.jpg,new_whale w_c390258 w_a6a7dbf w_5a6d315 w_8e4abc9
32c243c2.jpg,new_whale w_fd1308e w_7554f44 w_654a5bb w_ebf9290
32c942d2.jpg,new_whale w_8d46cef w_3039e7a w_999275d w_2d99a0c
32c9a8fc.jpg,new_whale w_693c9ee w_11f6df1 w_d465e44 w_a59905f
32ca8d55.jpg,new_whale w_4659acf w_d663f4f w_54c00ad w_1743d93
32cb962f.jpg,new_whale w_6710cf8 w_8d83172 w_d428980 w_8d46cef
32cc1fe3.jpg,new_whale w_d3c8520 w_2b969fe w_99ad599 w_7554f44
32d0371c.jpg,new_whale w_dbda0d6 w_8fab53d w_83e0203 w_4b7b80b
32d28a75.jpg,new_whale w_b9e00eb w_f19faeb w_48dd419 w_7554f44
32d4322d.jpg,new_whale w_93dcf76 w_85cdd9b w_8ab8687 w_6249f5d
32d4c31a.jpg,new_whale w_6badfcf w_dba0cd8 w_0fa8587 w_0c45f5e
32d51d7e.jpg,new_whale w_b2b073b w_c58b474 w_79b42cd w_b074cdf
32d836a9.jpg,new_whale w_0e737d0 w_98baff9 w_ab4cae2 w_75e6bf3
32da3cf4.jpg,new_whale w_ed10a36 w_aa64cc1 w_c87b956 w_cece268
32db3996.jpg,new_whale w_eb0a6ed w_6232813 w_dbda0d6 w_6202983
32dbd98b.jpg,new_whale w_c9eb806 w_9b6b87d w_a232f9e w_303518a
32e77868.jpg,new_whale w_7f199c6 w_4624237 w_cae7677 w_ad0d6ec
32e9cda7.jpg,new_whale w_6b7d5ad w_f6722e7 w_785f62b w_3572e7e
32ec782d.jpg,new_whale w_b9e00eb w_62799b5 w_3d187b5 w_c00534d
32f14f62.jpg,new_whale w_e61dd6d w_6c803bf w_552a16e w_361e290
32f210f8.jpg,new_whale w_a2660fd w_32a920b w_dfbfe10 w_e158680
32f381b4.jpg,new_whale w_02facde w_d9adb4f w_c58b474 w_ef7755e
32f52bc2.jpg,new_whale w_1287fbc w_059df09 w_df15cc8 w_429e9ad
32fa4935.jpg,new_whale w_058547a w_3cfeb1a w_7abaf06 w_06f0fd3
32fdfa2a.jpg,new_whale w_c11932e w_73d5489 w_1272a31 w_376a413
32fef3f2.jpg,new_whale w_d09e61a w_d5f0261 w_a965f14 w_da63cba
33022e45.jpg,new_whale w_efbb71a w_cbd271b w_c0d494d w_b678944
3305270e.jpg,new_whale w_76ebad6 w_d47e2e3 w_73d5489 w_f8e6546
33068553.jpg,new_whale w_886257d w_73d5489 w_eb0a6ed w_29670e2
3309f0bf.jpg,new_whale w_351a1e1 w_aae82f8 w_5646ae9 w_7dee51b
330a66bd.jpg,new_whale w_6863829 w_14964c1 w_9287bbb w_1c22d7e
330feca2.jpg,new_whale w_b074cdf w_d10472d w_07fea3d w_0b3b659
3319c25b.jpg,new_whale w_f18df18 w_414f402 w_3cf3853 w_9ec358c
331fd38e.jpg,new_whale w_08d1ccd w_5f6fb4e w_8fd5636 w_3320e76
33231939.jpg,new_whale w_17ee910 w_8d08f9e w_dcb1f2a w_1287fbc
3326b8d2.jpg,new_whale w_788b689 w_48a98d7 w_79b42cd w_a18d0dc
33281036.jpg,new_whale w_5c23454 w_c0d494d w_654a5bb w_73b705e
3329cc81.jpg,new_whale w_e126028 w_a1e017f w_7b770ec w_9caed77
332a4b1d.jpg,new_whale w_11adaae w_7fc15e6 w_2b28681 w_fba3bde
332d5954.jpg,new_whale w_20ba84b w_5e78545 w_33f5747 w_2196938
332de86e.jpg,new_whale w_d663f4f w_95874a5 w_2dd15d3 w_8c1ec28
33316399.jpg,new_whale w_8e55648 w_5cc2285 w_21a1bdb w_ed5a7c6
33347c14.jpg,new_whale w_4e7fc3e w_0f16be3 w_b4a223d w_398aa7f
333a60fc.jpg,new_whale w_1d05772 w_8db45b7 w_60cc444 w_d1d8f98
333a7835.jpg,new_whale w_b7d5069 w_9ca943b w_147b62b w_8c1e2e4
333af4c1.jpg,new_whale w_e826a6f w_ab4cae2 w_2658649 w_98baff9
333d082c.jpg,new_whale w_8044362 w_1489751 w_1609b19 w_60c5e7e
333f5d85.jpg,new_whale w_f87b77b w_61ffd2c w_1dff010 w_badfc4b
33406432.jpg,new_whale w_4b83ce2 w_a59905f w_a54e7c1 w_fd1cb9d
3348dc58.jpg,new_whale w_dbda0d6 w_b678944 w_d3f5be3 w_44a6b62
3349e251.jpg,new_whale w_61e1076 w_42ab867 w_987a36f w_f86488a
334b0a34.jpg,new_whale w_54fc5b3 w_0c6d50d w_f0f0dbb w_f8e6546
33543009.jpg,new_whale w_4ebeafb w_8db45b7 w_aa9b995 w_1d05772
335704db.jpg,new_whale w_01b2250 w_3166a4d w_b9beaf5 w_43be268
3359feb8.jpg,new_whale w_92d390e w_690fc6b w_ca5f17f w_987a36f
335f2bcc.jpg,new_whale w_941ca6a w_1703ee5 w_307065e w_69185bb
3361727c.jpg,new_whale w_654a5bb w_98baff9 w_824f286 w_73b705e
336c5c85.jpg,new_whale w_6dc88a6 w_516bedb w_44cccf6 w_d0b237f
336c5e1a.jpg,new_whale w_7214e98 w_b8dff40 w_bcf23a8 w_2b28681
336d13c7.jpg,new_whale w_3e1ba5b w_4e52a49 w_e44d512 w_63035d1
3372b0a3.jpg,new_whale w_56bbc91 w_dcb1f2a w_38e4aae w_ee17a08
3372f651.jpg,new_whale w_8209e5c w_17136dc w_a14ccaa w_fba3bde
337300f6.jpg,new_whale w_9122179 w_dce3192 w_f86488a w_3b0894d
3373b7c5.jpg,new_whale w_44f0fa2 w_01c2cb0 w_0869575 w_987a36f
3375a1cd.jpg,new_whale w_9b318aa w_2b28681 w_dcb1f2a w_95874a5
3375dcbe.jpg,new_whale w_4ae9b0a w_19e8a2d w_17411dd w_ab2d17a
337cd8aa.jpg,new_whale w_8867074 w_900fab7 w_f02bf23 w_95b6cc3
338a04aa.jpg,new_whale w_e61dd6d w_0e737d0 w_b4d182b w_2fe43c7
338bd6a4.jpg,new_whale w_b604c18 w_c0648b9 w_081dd6e w_edcb241
338da70d.jpg,new_whale w_269b090 w_8158b1f w_430849b w_78a6f56
339189cb.jpg,new_whale w_e7f03cf w_8e4abc9 w_b624ed1 w_1489751
33984df7.jpg,new_whale w_0c883eb w_d37b55b w_68b47a1 w_aafa5b5
339b6595.jpg,new_whale w_7554f44 w_b6410bc w_c1b685f w_98baff9
339d9d8e.jpg,new_whale w_9d83b4d w_98baff9 w_693c9ee w_fe054f3
33a847a1.jpg,new_whale w_0e4f53c w_104cc93 w_5f50b5e w_f4224b9
33af7bee.jpg,new_whale w_76d2cce w_096bc48 w_4c25641 w_4be373e
33b615a5.jpg,new_whale w_2fe43c7 w_b41e229 w_9771603 w_4659acf
33bb94c8.jpg,new_whale w_96c6151 w_0f92544 w_12c3d3d w_b6301f8
33bf44dd.jpg,new_whale w_98baff9 w_b0e05b1 w_0c42dba w_721d2e9
33c117a7.jpg,new_whale w_8c1dab2 w_f2e9eb1 w_f4e0748 w_1dff010
33c42efa.jpg,new_whale w_4176a19 w_35063ed w_814a588 w_1fd0d0e
33cdede7.jpg,new_whale w_7554f44 w_0e737d0 w_d663f4f w_94e1ed4
33d7b079.jpg,new_whale w_2641733 w_a400ddd w_b7d5069 w_7c7a78c
33d84f95.jpg,new_whale w_32a920b w_516bedb w_b6ed5d2 w_17d5eb9
33d86897.jpg,new_whale w_e5edb40 w_f83b1f9 w_3197568 w_80c5f01
33d8742d.jpg,new_whale w_7b5d0f0 w_6418af0 w_b08520c w_0beef28
33d97f4a.jpg,new_whale w_25871da w_26bd720 w_24a2923 w_67a3a92
33dd9c6b.jpg,new_whale w_b96d4e0 w_f75302f w_693c9ee w_987a36f
33df3cfa.jpg,new_whale w_8e4abc9 w_bb388ca w_b0e05b1 w_e840e4d
33e047ca.jpg,new_whale w_f6c23d5 w_1a5e7a2 w_f2b5de1 w_6d05f7f
33e1029f.jpg,new_whale w_c9e1cdc w_3af4e73 w_06972d2 w_af5d11a
33e55e02.jpg,new_whale w_c80d300 w_ad0d6ec w_94c6edb w_c11932e
33e86566.jpg,new_whale w_522ba14 w_6e8486d w_2c717fb w_2c75202
33e9da87.jpg,new_whale w_dbda0d6 w_98baff9 w_7554f44 w_9ab6e50
33ea2deb.jpg,new_whale w_4855bd3 w_d89b29e w_515838e w_2486665
33fa3264.jpg,new_whale w_0d39a68 w_6132293 w_0771d4b w_eb47189
3401a185.jpg,new_whale w_4fdaa2a w_fe19618 w_d465e44 w_7c44934
340573fb.jpg,new_whale w_0d39a68 w_3de676c w_e62b5d8 w_816d462
3408b245.jpg,new_whale w_f86488a w_dbaa2b1 w_f3bd33a w_1a70685
340a2b68.jpg,new_whale w_a91b997 w_d1eab36 w_771d855 w_18eee6e
340b080b.jpg,new_whale w_e6f5e09 w_0b0b7cc w_2111212 w_f0f0dbb
340c77b8.jpg,new_whale w_44edba9 w_4476e55 w_0ead9d7 w_53859b2
34133032.jpg,new_whale w_7763134 w_fa32440 w_39b22d9 w_901363f
341454cd.jpg,new_whale w_e0e5c9e w_fe6617a w_7b5d0f0 w_affdf5d
3418204d.jpg,new_whale w_89e159a w_fd1cb9d w_92c7ace w_bcb0696
3419d322.jpg,new_whale w_a481883 w_8867074 w_bbd9409 w_f18af3b
341c5f85.jpg,new_whale w_54cd8e0 w_3222bdb w_f22f3e3 w_35c8057
341d4325.jpg,new_whale w_d141590 w_f8e6546 w_40323ac w_654a5bb
341d5718.jpg,new_whale w_5cef366 w_37523b2 w_540fd73 w_87e8446
3420e5a1.jpg,new_whale w_a22f338 w_67c1b6f w_43be268 w_9ea2cc3
34327e0f.jpg,new_whale w_dcb1f2a w_17ee910 w_e964ae8 w_2d99a0c
3439bfcf.jpg,new_whale w_95874a5 w_9ca943b w_6202983 w_e826a6f
3439c66b.jpg,new_whale w_f4e84c1 w_8f3cb68 w_1eafe46 w_fcf5284
343e90f9.jpg,new_whale w_fcf5284 w_1d05772 w_2bba8c8 w_272259b
3441e3cb.jpg,new_whale w_578a509 w_76ebad6 w_826dc6d w_8b15b96
344e2ae0.jpg,new_whale w_987a36f w_41ed8e8 w_43be268 w_1287fbc
344fc983.jpg,new_whale w_6e1b161 w_e1f55ad w_d651356 w_7d19608
3450fc1c.jpg,new_whale w_e826a6f w_c57623d w_7d4cb72 w_136337c
34517fc0.jpg,new_whale w_367b996 w_e3b2cfa w_91b7c58 w_9caed77
3458ed4c.jpg,new_whale w_40e3ee7 w_bcf23a8 w_06dbe6b w_6092d5c
345c38a7.jpg,new_whale w_bb2d34d w_9ec358c w_9a6cbd9 w_18eee6e
34650ebe.jpg,new_whale w_f1b565a w_7554f44 w_90f5d3b w_b678944
3465583b.jpg,new_whale w_b074cdf w_693c9ee w_367b996 w_b329c00
346edebe.jpg,new_whale w_c11932e w_8c605d2 w_f792125 w_d22af00
346eeccb.jpg,new_whale w_4378542 w_fe49bc4 w_4855bd3 w_c30959a
34748a6a.jpg,new_whale w_73185e4 w_d6df554 w_4e52a49 w_b9c9129
34763dd2.jpg,new_whale w_a54e7c1 w_0a97a25 w_b7d5069 w_dfd7ee8
347a1331.jpg,new_whale w_afef556 w_8397970 w_e988011 w_1e45a47
347b3b42.jpg,new_whale w_93bf889 w_5e25f9f w_cd88a48 w_11b993a
347e6204.jpg,new_whale w_ebff750 w_1894a1c w_60cc444 w_cece268
347f5a23.jpg,new_whale w_d141590 w_b8bfaf1 w_f8e6546 w_6b82ccc
34875780.jpg,new_whale w_aae82f8 w_38e4aae w_8bc853a w_8c1e2e4
348d37da.jpg,new_whale w_2a18a44 w_95b6cc3 w_3af4e73 w_8867074
3491a162.jpg,new_whale w_1431f4b w_b9e00eb w_f3f84d7 w_4c8e7ae
34932efd.jpg,new_whale w_3de676c w_0d39a68 w_313b78a w_2a939eb
34955fa5.jpg,new_whale w_c068ed3 w_3ce788a w_7c6ad05 w_4af3e4e
3496c74a.jpg,new_whale w_e826a6f w_cf0c062 w_b074cdf w_4b7b80b
3499ff9f.jpg,new_whale w_d3a5075 w_38bcd3e w_a965f14 w_5c23454
349b1a89.jpg,new_whale w_9205d40 w_1dd8e68 w_b688397 w_3dd210a
349b9082.jpg,new_whale w_eff7e35 w_893ccb4 w_7649712 w_5297ab3
349bd2e0.jpg,new_whale w_55c9a3b w_02a768d w_8044362 w_8d88c82
34a26c98.jpg,new_whale w_ea90267 w_96fd936 w_02bb4cf w_11ca856
34a60d87.jpg,new_whale w_045d9fc w_5fda054 w_41f0a7e w_ab4cae2
34a9d370.jpg,new_whale w_f19faeb w_dbda0d6 w_ed8a846 w_aa16da4
34ab510e.jpg,new_whale w_960b6f0 w_cf0c062 w_1d53d9c w_a62f211
34adb194.jpg,new_whale w_0fea5a3 w_b9e00eb w_eb0a6ed w_b7d5069
34aecd84.jpg,new_whale w_dcb4be9 w_a254eb0 w_6badfcf w_7763134
34af9182.jpg,new_whale w_e700deb w_e449d3a w_90201e3 w_1dd8e68
34b03377.jpg,new_whale w_bbf20b4 w_18a854b w_4fd48e7 w_96fd936
34b324d9.jpg,new_whale w_e375961 w_b9e00eb w_1f00cb7 w_ab67564
34b54b82.jpg,new_whale w_efa1fc7 w_67de30b w_ee22376 w_3694c7d
34b7bf11.jpg,new_whale w_1029f4e w_32a920b w_badfc4b w_6b03eb4
34c029c0.jpg,new_whale w_fc76ede w_52c1af6 w_6dbb861 w_5c6215c
34c82a07.jpg,new_whale w_eb39613 w_04c1951 w_302af0a w_3c4062e
34cacd57.jpg,new_whale w_73d5489 w_89e159a w_7324cf5 w_a646643
34ccea54.jpg,new_whale w_ab4cae2 w_4e68ddc w_b074cdf w_e826a6f
34cd64a5.jpg,new_whale w_ffa78a5 w_4e68ddc w_1eafe46 w_7f81ba5
34cd7ded.jpg,new_whale w_82c9c67 w_cc60002 w_303518a w_b6886e5
34d411e6.jpg,new_whale w_33973bf w_fd3ce71 w_ae07541 w_e61dd6d
34dc7434.jpg,new_whale w_67de30b w_987a36f w_cb7b682 w_34942b2
34e22c38.jpg,new_whale w_ca8bfb4 w_4759be5 w_6047e81 w_a464d28
34eab270.jpg,new_whale w_d430a78 w_ffbd74c w_cd01afb w_3dd210a
34ede78f.jpg,new_whale w_0beef28 w_987a36f w_7f81114 w_12cdfbd
34f16ff6.jpg,new_whale w_c0323f5 w_ecbf9fa w_7918071 w_8c605d2
34f2e068.jpg,new_whale w_1917275 w_813c5be w_b5ea8a0 w_7e8b270
34f6bb79.jpg,new_whale w_c2c4f43 w_b604c18 w_419d308 w_1606afc
34f8ae31.jpg,new_whale w_aeca19c w_b678944 w_6635a97 w_361e290
34f9545c.jpg,new_whale w_1596a47 w_1c69443 w_67de30b w_6c803bf
34fe1dd8.jpg,new_whale w_44a6b62 w_aa64cc1 w_f37508c w_77e1d3f
35028c7f.jpg,new_whale w_a646643 w_00cb685 w_7e1521a w_c3684ba
3504769d.jpg,new_whale w_4f6fabd w_0beef28 w_d4119a7 w_372ae75
3505c048.jpg,new_whale w_217e78a w_7311fe4 w_a21cc97 w_ee17a08
3506ec9a.jpg,new_whale w_53f79bc w_2d99a0c w_38e4aae w_cd1f1ed
3508d13d.jpg,new_whale w_95c7d1b w_7875b79 w_406331a w_22fa4ad
350902a4.jpg,new_whale w_b96d4e0 w_693c9ee w_0471bdf w_5b99089
350b83f0.jpg,new_whale w_d8eae88 w_0da589d w_b9f5b8b w_0013924
350c8eed.jpg,new_whale w_480b2d4 w_42f935c w_8c1ec28 w_6202983
350e474b.jpg,new_whale w_f115d53 w_0e4f53c w_d22af00 w_d8e681c
350f48c1.jpg,new_whale w_20eb13c w_398aa7f w_9771603 w_ef2f0f0
350f8f5c.jpg,new_whale w_d6255a4 w_c786765 w_8d83172 w_a1350a7
35121f1f.jpg,new_whale w_1274a11 w_693c9ee w_d9adb4f w_68820e8
35122f52.jpg,new_whale w_516bedb w_6c803bf w_3d0bc7a w_b05c57f
35139355.jpg,new_whale w_fe36b07 w_86b3f04 w_4cff2f8 w_e0e5c9e
351b169c.jpg,new_whale w_eb47189 w_4404247 w_62f804d w_932c8cd
351b408d.jpg,new_whale w_3e6a161 w_02c9470 w_b2f1afa w_f5eb6c6
351fbe02.jpg,new_whale w_50cd600 w_9c61d57 w_877e56e w_05e6ba7
3525244f.jpg,new_whale w_cddb3f4 w_d937660 w_0103030 w_fb2c3fb
352dfd30.jpg,new_whale w_9d704ab w_43be268 w_a59905f w_20eb13c
352ea590.jpg,new_whale w_6202983 w_f1b565a w_37dd956 w_721d2e9
352ea98f.jpg,new_whale w_f19faeb w_c57623d w_80b1c48 w_efd3f81
353207f4.jpg,new_whale w_67599af w_3745f59 w_f478955 w_778ee6e
3532ab2c.jpg,new_whale w_ebff750 w_5b5a85d w_ab4cae2 w_831f124
3532aec4.jpg,new_whale w_44a6b62 w_91572bb w_977d881 w_1287fbc
35339cca.jpg,new_whale w_7e8b270 w_c3ff6f2 w_2b0028d w_d141590
3536733f.jpg,new_whale w_cae7677 w_73d5489 w_e94a3b2 w_af890ad
353a2fd0.jpg,new_whale w_0f84bf6 w_48a98d7 w_741861e w_4fd48e7
354391ab.jpg,new_whale w_61d516e w_8044362 w_65ec378 w_41a79d7
3547c5f9.jpg,new_whale w_414f402 w_0beef28 w_62f804d w_5d6786e
3565057d.jpg,new_whale w_a8e5d39 w_9c383c8 w_acff672 w_ad6edbe
356cc5ac.jpg,new_whale w_c13a4e3 w_cf82352 w_7a53e0c w_a0ae961
357030a6.jpg,new_whale w_ca5abbb w_55647bd w_47f29cd w_6a2328a
35722e83.jpg,new_whale w_9875c12 w_569c2c7 w_3745f59 w_9ceb05d
3572d024.jpg,new_whale w_778ee6e w_9ea2cc3 w_b6689cc w_559ce61
35759065.jpg,new_whale w_f672e01 w_d141590 w_7257028 w_c3ff6f2
3575fce2.jpg,new_whale w_dfd7ee8 w_0a97a25 w_9ca943b w_1287fbc
3576558d.jpg,new_whale w_932c8cd w_bb2d34d w_95874a5 w_62c3998
35775158.jpg,new_whale w_1d96560 w_ddad87e w_73d5489 w_c622a3f
35809609.jpg,new_whale w_2cca6a1 w_dd52cfc w_71e851f w_0e4f53c
358138e2.jpg,new_whale w_f7d5919 w_9122e43 w_48a98d7 w_01c2cb0
3583e674.jpg,new_whale w_2a04ceb w_3455b23 w_2071a4c w_8166c79
358494f8.jpg,new_whale w_b96d4e0 w_dc89c4c w_0e737d0 w_743209a
358e6bd0.jpg,new_whale w_030294d w_dcb1f2a w_302af0a w_4f51037
358fa74f.jpg,new_whale w_661dacb w_9c61d57 w_b074cdf w_7554f44
3593f9a9.jpg,new_whale w_74011a2 w_b6410bc w_24a2923 w_8a816b1
3594979d.jpg,new_whale w_e59294d w_58bca3c w_cc1f8bc w_73bed18
35949934.jpg,new_whale w_cd88a48 w_dbda0d6 w_0e737d0 w_ee17a08
35990998.jpg,new_whale w_238bbbf w_9d3ba38 w_3e5069e w_7ed0d17
35a139c6.jpg,new_whale w_fe87f0a w_b75f378 w_6ef68ed w_7a2dfd7
35adf593.jpg,new_whale w_73d5489 w_1d37fb6 w_db474c7 w_3aa2073
35b287bc.jpg,new_whale w_b4369cc w_a91b997 w_6e7262e w_33e89be
35b3c50f.jpg,new_whale w_19e5d10 w_98baff9 w_1f0da94 w_a074c7e
35bad475.jpg,new_whale w_6c803bf w_4855bd3 w_d915632 w_62f804d
35c45a46.jpg,new_whale w_0d39a68 w_b6886e5 w_62c3998 w_e61dd6d
35c9986b.jpg,new_whale w_1652da1 w_c0d1701 w_361e290 w_861cc1c
35cb667d.jpg,new_whale w_fbcb6e4 w_8c1e2e4 w_3c27f42 w_d9d4088
35d966fd.jpg,new_whale w_987a36f w_02facde w_43be268 w_11f6df1
35df312c.jpg,new_whale w_15b9665 w_18eee6e w_5cef366 w_14964c1
35df51b7.jpg,new_whale w_18eee6e w_5e43abb w_75f217b w_6c803bf
35e04074.jpg,new_whale w_d465e44 w_16d2ae2 w_d2be6cc w_cb7b682
35e32971.jpg,new_whale w_33fc58d w_de73d45 w_80245ee w_1489751
35e51dc9.jpg,new_whale w_f19faeb w_4fb3c95 w_0408054 w_f478955
35e52007.jpg,new_whale w_05567a9 w_b47a4a1 w_87050a3 w_3dd210a
35e5518f.jpg,new_whale w_20ba84b w_449503f w_3d1c2ef w_db93738
35e9019d.jpg,new_whale w_fa473e6 w_a8b5c0f w_6f211a9 w_99ad599
35eaaf1e.jpg,new_whale w_02facde w_89e451c w_4ebeafb w_48a98d7
35ed34b8.jpg,new_whale w_db9e932 w_1facad2 w_1948625 w_1287fbc
35f1a02f.jpg,new_whale w_a964291 w_4659acf w_41ed8e8 w_a13ada3
35f56453.jpg,new_whale w_67fecca w_9db9ef5 w_143b201 w_fe49bc4
35f5fae9.jpg,new_whale w_2a9727c w_2d29ddd w_fd1a27f w_fd1cb9d
35fce87b.jpg,new_whale w_28ce17c w_9ea2cc3 w_33b9360 w_cf24f84
35fd9ad0.jpg,new_whale w_8e4abc9 w_95aad92 w_5f82501 w_b318111
36022bdd.jpg,new_whale w_0b3f313 w_7b39dda w_4e52a49 w_17370ba
36094460.jpg,new_whale w_7a8ce5a w_d663f4f w_2486665 w_def505e
360bb71d.jpg,new_whale w_bc68c30 w_0d48a7d w_6f31916 w_4072313
361ca27a.jpg,new_whale w_fd6f24f w_4a3032d w_516bedb w_8bdc211
361ed8ab.jpg,new_whale w_540fd73 w_b066aa6 w_e0efc4f w_43be268
361f7c7a.jpg,new_whale w_979a6ef w_7af28d7 w_95874a5 w_c5d7c03
362ee6ae.jpg,new_whale w_32475a1 w_fd6f24f w_f22f3e3 w_8971f1d
36303a54.jpg,new_whale w_703e39b w_a7202e1 w_a56d9ff w_3027b8f
36385e46.jpg,new_whale w_0e737d0 w_61b87f9 w_569c2c7 w_0a97a25
364030ef.jpg,new_whale w_cc3a724 w_f90b695 w_447643b w_7ecd94c
3645349a.jpg,new_whale w_dbda0d6 w_e826a6f w_7554f44 w_b074cdf
3645edc8.jpg,new_whale w_53951e6 w_9b67e87 w_a7d4668 w_c9e1cdc
364c114e.jpg,new_whale w_3cf3853 w_d89b29e w_ea2385d w_e3c119c
364c4489.jpg,new_whale w_b329c00 w_97f5054 w_c01e25d w_b0aed4a
364f2a44.jpg,new_whale w_9ca943b w_74e15fc w_540fd73 w_656afeb
3651d210.jpg,new_whale w_8b56cb1 w_fd1cb9d w_d663f4f w_e0e5c9e
366af98a.jpg,new_whale w_e73c666 w_0bc712b w_ec853f1 w_0e4f53c
366d339a.jpg,new_whale w_2ac83b0 w_7285eb3 w_4b7b80b w_f843a8d
366d957d.jpg,new_whale w_dd27188 w_3dd210a w_b1d6681 w_27da7aa
366e8209.jpg,new_whale w_c7f1975 w_0bc712b w_7440549 w_f90b695
366fe5fe.jpg,new_whale w_1eafe46 w_6202983 w_9ca943b w_4c3cd83
3672a84b.jpg,new_whale w_6547e12 w_b0e05b1 w_d52bc74 w_98baff9
3674940e.jpg,new_whale w_98baff9 w_4b7b80b w_f6fb689 w_6202983
3674df5c.jpg,new_whale w_5cc2285 w_42f935c w_eb0a6ed w_54fc5b3
3676bcce.jpg,new_whale w_e38b2c7 w_ea2385d w_4285435 w_fe87f0a
367b250c.jpg,new_whale w_ea4935f w_c0d494d w_5c23454 w_98baff9
3687308a.jpg,new_whale w_b38374a w_badfc4b w_4e52a49 w_1b1c4f1
36891fe8.jpg,new_whale w_7417ab0 w_bc62c0e w_b4a5677 w_0e737d0
368a4fc4.jpg,new_whale w_94cd45e w_f83b1f9 w_92585eb w_b678944
369046b4.jpg,new_whale w_2fd73d9 w_fe49bc4 w_9872479 w_dbda0d6
369054b9.jpg,new_whale w_8a2e496 w_b0e05b1 w_7d819df w_9c5ed68
36920e34.jpg,new_whale w_52a081c w_002dc11 w_9845f16 w_697c72e
36924c35.jpg,new_whale w_7554f44 w_243e33e w_3a9ee71 w_f19faeb
36aaa526.jpg,new_whale w_54c00ad w_e700deb w_36eb0b1 w_fd1cb9d
36aedbdd.jpg,new_whale w_6f211a9 w_d3c8520 w_d20befa w_697c72e
36b4c6b3.jpg,new_whale w_cb5ea24 w_3de676c w_0d39a68 w_f6c23d5
36b5041e.jpg,new_whale w_68b47a1 w_ba302c8 w_4643de5 w_17964ef
36c20bca.jpg,new_whale w_b0e05b1 w_6be343c w_7b1abbf w_8fab53d
36c38458.jpg,new_whale w_2d29ddd w_69e7dab w_6232813 w_2e872af
36c4ef34.jpg,new_whale w_511c464 w_b067417 w_eb0a6ed w_aa16da4
36d17009.jpg,new_whale w_9ca943b w_5fcee47 w_21e178f w_cae7677
36d43588.jpg,new_whale w_e93d181 w_5c07f42 w_dcb1f2a w_ba2f2c4
36d45318.jpg,new_whale w_8e451d9 w_b942708 w_3449e4f w_b5e3076
36d702e1.jpg,new_whale w_b066aa6 w_43be268 w_6202983 w_d663f4f
36d72fe3.jpg,new_whale w_6c803bf w_c9111ac w_ea2385d w_ac49dc5
36d80fec.jpg,new_whale w_817f022 w_2b3fe8e w_01a51a6 w_6b3402d
36d877e5.jpg,new_whale w_35063ed w_21b3754 w_2eb180f w_ebe0ad5
36da7eca.jpg,new_whale w_dbda0d6 w_e0efc4f w_3e75bf3 w_8e3ebeb
36de15f8.jpg,new_whale w_2554558 w_bf4880a w_13c6b6b w_ebe0ad5
36e04e32.jpg,new_whale w_b9f5b8b w_65428d9 w_ab4cae2 w_142402e
36e5fa79.jpg,new_whale w_001ebbc w_aa16da4 w_9e7021b w_76ebad6
36ed38bb.jpg,new_whale w_f18df18 w_fba3bde w_1a70685 w_8c1e2e4
36ef201f.jpg,new_whale w_73d5489 w_40a8760 w_f0f0dbb w_8b15b96
36f4b928.jpg,new_whale w_ae07541 w_eb47189 w_0beef28 w_29fc831
36f52013.jpg,new_whale w_aa7e5f4 w_e45bc18 w_57c8da9 w_1eafe46
36f61c58.jpg,new_whale w_15928c6 w_9bcb0f8 w_1a5e7a2 w_3b0894d
36f85af7.jpg,new_whale w_dd8299b w_1431f4b w_b9e00eb w_2725793
3707dcff.jpg,new_whale w_11f6df1 w_e02fe7b w_540fd73 w_43be268
37093e98.jpg,new_whale w_a9f41fd w_43e45b6 w_9ff699b w_5021993
370dbd97.jpg,new_whale w_f0bb383 w_3af4e73 w_8ba2066 w_5c07f42
370e3d9d.jpg,new_whale w_6c803bf w_d22af00 w_35b01a5 w_59eb8ae
3712f7d8.jpg,new_whale w_7e8b270 w_a7202e1 w_1287fbc w_98baff9
37150477.jpg,new_whale w_8044362 w_98baff9 w_5436d75 w_5e57e8b
37156ea9.jpg,new_whale w_a2f5cc0 w_fa32440 w_c0d494d w_66c1b54
371662a8.jpg,new_whale w_8044362 w_f0fc693 w_654a5bb w_6202983
37180b59.jpg,new_whale w_92585eb w_18df014 w_50db782 w_6a87d0d
371b1e06.jpg,new_whale w_60eba40 w_0a97a25 w_54c00ad w_0e737d0
371f3fda.jpg,new_whale w_15eae33 w_29670e2 w_cae7677 w_f4d89bb
371fc10d.jpg,new_whale w_e5893cb w_29f00ae w_25d7f93 w_517a3bc
37255666.jpg,new_whale w_b081817 w_85755f7 w_143b201 w_5d96ba4
372603d9.jpg,new_whale w_cce0444 w_883557a w_06ff732 w_3674103
372b361b.jpg,new_whale w_3c8eab1 w_ea2385d w_f12415b w_1287fbc
372d4390.jpg,new_whale w_5d84c65 w_29eb3b2 w_5374a4c w_b2f1afa
372db062.jpg,new_whale w_c9eb806 w_7554f44 w_d22af00 w_93bf5f4
372ea1a6.jpg,new_whale w_47d2bc6 w_03a2ed7 w_dd90e0a w_8867074
372efa9e.jpg,new_whale w_0e30df6 w_1dff010 w_c99f5ef w_fd1cb9d
373f2302.jpg,new_whale w_1c22d7e w_44f66a7 w_f792125 w_c4f3619
373f50c5.jpg,new_whale w_3f365f3 w_b4ad62f w_3fa2cb1 w_64f3545
3745a8a5.jpg,new_whale w_06972d2 w_05567a9 w_e826a6f w_9c70a11
3745add8.jpg,new_whale w_38e4aae w_559ce61 w_64f3545 w_6e8486d
374d32bc.jpg,new_whale w_f3f84d7 w_6d17527 w_482d9d6 w_302af0a
37520cc5.jpg,new_whale w_88e679c w_8201aa8 w_d9055d1 w_2fe43c7
3754762b.jpg,new_whale w_d9055d1 w_dbda0d6 w_d52bc74 w_6547e12
3754ffd7.jpg,new_whale w_efe57c7 w_4fdaa2a w_2901dbf w_46ec664
37564a35.jpg,new_whale w_5619521 w_f1396bd w_d22af00 w_4fb3c95
375763b4.jpg,new_whale w_532fb22 w_1287fbc w_21e178f w_4b47559
37624031.jpg,new_whale w_269b090 w_aa16da4 w_98baff9 w_a2a1378
3763c119.jpg,new_whale w_96fd936 w_dbda0d6 w_cd88a48 w_ee17a08
376511c8.jpg,new_whale w_56743d6 w_7394d75 w_697c72e w_0bc712b
376d5093.jpg,new_whale w_e0818df w_e826a6f w_a06bdc4 w_434ad6a
376e45ed.jpg,new_whale w_8867074 w_43be268 w_553bb6e w_48a98d7
377029dd.jpg,new_whale w_6c23fcc w_bb388ca w_c390258 w_c6fceea
377b3eb0.jpg,new_whale w_030294d w_fba3bde w_4378542 w_4b7b80b
377bbbca.jpg,new_whale w_1e5a146 w_7b770ec w_2071a4c w_b939998
377d8739.jpg,new_whale w_e8c4623 w_8fd5636 w_0bbb3de w_983829b
377fd1f6.jpg,new_whale w_4c9d3df w_89973e5 w_142dce1 w_aae82f8
37812ad4.jpg,new_whale w_3af4e73 w_96b697f w_6710cf8 w_a4f77bd
378574a5.jpg,new_whale w_2071a4c w_fe49bc4 w_fbce8b4 w_dbda0d6
378f22ae.jpg,new_whale w_6cef37c w_fea7fe6 w_d1917df w_4b1fad6
378f4f13.jpg,new_whale w_7427ace w_945aefe w_62c548b w_a51b387
37914615.jpg,new_whale w_b96d4e0 w_8e3ebeb w_2d09595 w_8c1ec28
3797ba82.jpg,new_whale w_7307089 w_62d76c2 w_bd61ca9 w_1e1a051
379f40a2.jpg,new_whale w_dcb1f2a w_8bde95b w_778ee6e w_2d99a0c
379f8d88.jpg,new_whale w_0e737d0 w_5d6786e w_b6886e5 w_d0e5d1d
37a01af7.jpg,new_whale w_6c803bf w_c9111ac w_6de53d1 w_6e8486d
37a9d0e7.jpg,new_whale w_89e159a w_0771d4b w_8c1e2e4 w_b7d5069
37a9e135.jpg,new_whale w_bb2d34d w_98ab48e w_469e847 w_b4151b7
37ab7b32.jpg,new_whale w_392bee3 w_403f92f w_b074cdf w_53549df
37b13d85.jpg,new_whale w_75378d3 w_ab4bd59 w_57e8a80 w_67de30b
37b1bd84.jpg,new_whale w_43be268 w_ee17a08 w_8c1e2e4 w_17ee910
37b566e3.jpg,new_whale w_7285eb3 w_7554f44 w_0a97a25 w_0b04c08
37b5c821.jpg,new_whale w_4c9d3df w_d9055d1 w_8201aa8 w_f4fc8cc
37b9101e.jpg,new_whale w_6c803bf w_6361632 w_f6c23d5 w_7bda16b
37b97474.jpg,new_whale w_490b224 w_3674103 w_7f0700f w_98baff9
37bde3bc.jpg,new_whale w_c00534d w_5b99089 w_243e33e w_b074cdf
37c12af3.jpg,new_whale w_8c1ec28 w_d9aab0a w_fa9c3d8 w_da63cba
37c7eda0.jpg,new_whale w_bdd0576 w_1deadd7 w_4be8a3e w_4b1fad6
37c9e7f5.jpg,new_whale w_743209a w_308bd26 w_0dee306 w_9ea2cc3
37cfce6b.jpg,new_whale w_1596a47 w_309a2b3 w_32a920b w_414f402
37d28d7b.jpg,new_whale w_0e7cb1c w_9b401eb w_f843a8d w_9729e1e
37d6b750.jpg,new_whale w_9d704ab w_c9dfa13 w_0beef28 w_43be268
37d8ec52.jpg,new_whale w_90ec71a w_c9e1cdc w_31980d6 w_17d5eb9
37db08be.jpg,new_whale w_87e8446 w_2d99a0c w_e59294d w_8ec2960
37dc6751.jpg,new_whale w_67de30b w_fd1cb9d w_2d29ddd w_03c84ef
37dd3db7.jpg,new_whale w_741861e w_70a31ce w_3f907d6 w_be32bec
37e8c945.jpg,new_whale w_70a31ce w_e3fbc27 w_91572bb w_8f3cb68
37eebcea.jpg,new_whale w_d51a79f w_77d2aea w_7cca153 w_07e92ee
37f999b3.jpg,new_whale w_2d963bb w_9caed77 w_82ed7a7 w_0d60fdd
37fa4229.jpg,new_whale w_57c14db w_5d96ba4 w_837646b w_338b130
37fba1ab.jpg,new_whale w_5bc5e63 w_ebff750 w_98baff9 w_2dae424
37fcd19a.jpg,new_whale w_29eb3b2 w_64433af w_219e33c w_9c5ed68
38037cb2.jpg,new_whale w_8fd5636 w_b678944 w_08d1ccd w_5f82501
3803ddd8.jpg,new_whale w_fd1cb9d w_4fcfa4d w_f790728 w_8238d51
3806e23f.jpg,new_whale w_1e68ef5 w_8e23e4c w_dfacbe7 w_39f2064
3807b8a0.jpg,new_whale w_29fc831 w_91361f0 w_19eb1b8 w_e0f1df1
380ffab8.jpg,new_whale w_70715c1 w_9ea2cc3 w_d10472d w_ad8bc47
38148320.jpg,new_whale w_813c5be w_f18df18 w_372ae75 w_3d66298
3814b39b.jpg,new_whale w_b95307d w_1a5e7a2 w_f5cc2fd w_d09e61a
3815eaae.jpg,new_whale w_e0f1df1 w_dfbfe10 w_32a920b w_93e1b76
38162702.jpg,new_whale w_a3cd405 w_0408054 w_14c8f15 w_84f9c41
381a5d4a.jpg,new_whale w_6202983 w_a21cc97 w_1eafe46 w_9875c12
381b811e.jpg,new_whale w_6cef37c w_414a0d7 w_87e8446 w_7c9fd46
381d6553.jpg,new_whale w_d663f4f w_cd1f1ed w_0869575 w_d3ce445
3821a075.jpg,new_whale w_9ec358c w_18eee6e w_6c803bf w_e0818df
3823af90.jpg,new_whale w_0b3b659 w_ab4cae2 w_7554f44 w_0e737d0
3824ad45.jpg,new_whale w_41ed8e8 w_dbc4dcc w_44cccf6 w_53f79bc
38265898.jpg,new_whale w_db3621e w_9875c12 w_e54feba w_67f61c7
38289001.jpg,new_whale w_ee17a08 w_b7d5069 w_c27d036 w_43be268
382ad58d.jpg,new_whale w_9b3ed01 w_1e1a051 w_40323ac w_0626e4d
382db4ae.jpg,new_whale w_0ae998f w_fe49bc4 w_1eafe46 w_48a98d7
382eaab9.jpg,new_whale w_0dee306 w_60eba40 w_c00534d w_2ce5ce2
382fa599.jpg,new_whale w_20c671c w_af76f1e w_f3db3f1 w_97493dd
38325484.jpg,new_whale w_b939998 w_8a2e496 w_fd1308e w_77fbe5c
3834a130.jpg,new_whale w_8e92baa w_4c9d3df w_db2baec w_4fdaa2a
3839b622.jpg,new_whale w_18eee6e w_a59905f w_7b035cc w_9ceb05d
383b51a5.jpg,new_whale w_559ce61 w_813c5be w_4c9d3df w_49bbc79
383be5b1.jpg,new_whale w_8459e39 w_3ce788a w_c068ed3 w_6e1b161
383f2cac.jpg,new_whale w_654a5bb w_98baff9 w_824f286 w_73b705e
384434bc.jpg,new_whale w_681dba6 w_a20c1e5 w_a965f14 w_cb6a206
384f294a.jpg,new_whale w_70715c1 w_9874f0d w_9577f88 w_269b090
38504059.jpg,new_whale w_dfbfe10 w_32a920b w_fd3ce71 w_73b26b7
38521f27.jpg,new_whale w_2cdf820 w_c9e1cdc w_b6d4901 w_662a132
38648a78.jpg,new_whale w_cae7677 w_2730966 w_73d5489 w_4c2d259
38711142.jpg,new_whale w_2fe43c7 w_398aa7f w_9771603 w_778ee6e
3871f2aa.jpg,new_whale w_0bc1db0 w_53859b2 w_3674103 w_40323ac
3873d6b3.jpg,new_whale w_ab1c859 w_0819271 w_45e8ea5 w_9d9913a
387c41be.jpg,new_whale w_ab4cae2 w_5cc2285 w_654a5bb w_7f40920
387ed1da.jpg,new_whale w_fd1cb9d w_2d29ddd w_2a9727c w_1dff010
38838870.jpg,new_whale w_8719b04 w_80211fd w_6361632 w_6247b2e
388ba4ee.jpg,new_whale w_398aa7f w_8d46cef w_26edeb8 w_817f022
388bdae0.jpg,new_whale w_1ac4c38 w_ab4cae2 w_286ec5f w_79d4855
3890d759.jpg,new_whale w_0bc712b w_97f5054 w_f6fb689 w_db474c7
3892b4c5.jpg,new_whale w_9ec358c w_e0818df w_fba3bde w_d915632
38a07ee9.jpg,new_whale w_4432150 w_0ee4d6d w_ffbd74c w_dfbfe10
38a21a1a.jpg,new_whale w_43be268 w_4ebeafb w_9ca943b w_da2efe0
38a2a5c3.jpg,new_whale w_b6886e5 w_d915632 w_5d6786e w_3d0bc7a
38a69f01.jpg,new_whale w_f4fc8cc w_559ce61 w_7e49f1e w_3f365f3
38a6a91c.jpg,new_whale w_69185bb w_dcb1f2a w_3d0bc7a w_4f0676a
38a6c282.jpg,new_whale w_721d2e9 w_6202983 w_eb44149 w_f1b565a
38a792a5.jpg,new_whale w_78a4639 w_aed8c22 w_fd6f24f w_b197b5c
38ab6a87.jpg,new_whale w_c1b685f w_eb0a6ed w_0e4f53c w_aa16da4
38b2d7e4.jpg,new_whale w_2d99a0c w_87e00c8 w_0b0d88d w_338d945
38b4977e.jpg,new_whale w_44a6b62 w_cef690d w_7554f44 w_905bf30
38b9cfba.jpg,new_whale w_44cccf6 w_da2efe0 w_89317b0 w_3b0894d
38ba215c.jpg,new_whale w_c4c00ed w_fd1cb9d w_d47a33f w_6f2c662
38bdc15f.jpg,new_whale w_f014da3 w_844f032 w_b066aa6 w_42c631a
38c1a84b.jpg,new_whale w_599d0df w_6c803bf w_a8e5d39 w_3db53dc
38c2707e.jpg,new_whale w_6c803bf w_6549107 w_a91b997 w_a59905f
38c4b945.jpg,new_whale w_97493dd w_da9254f w_493c000 w_9de3195
38c4fd85.jpg,new_whale w_5e25f9f w_7b1abbf w_136653f w_0e737d0
38c8f604.jpg,new_whale w_64783fe w_24ac53d w_74adf0b w_f8e6546
38c965ea.jpg,new_whale w_9b804bd w_d141590 w_612f4a2 w_1287fbc
38ce31a4.jpg,new_whale w_5436d75 w_402784d w_ab4cae2 w_3d45268
38ce3f3a.jpg,new_whale w_6c803bf w_2a939eb w_0771d4b w_b33e728
38ce84ac.jpg,new_whale w_961ba76 w_0e737d0 w_74de378 w_e59294d
38d34ca2.jpg,new_whale w_4fdaa2a w_59eb8ae w_6c803bf w_ea2385d
38e45225.jpg,new_whale w_0f92544 w_26f9f95 w_5297ab3 w_3bb210a
38ec3020.jpg,new_whale w_ad32646 w_4fcfa4d w_67de30b w_7427ace
38ed1039.jpg,new_whale w_7234b3d w_b942708 w_b68d041 w_c0d494d
38edd4ae.jpg,new_whale w_2e328e6 w_f3db3f1 w_44a6b62 w_5d732da
38ee6993.jpg,new_whale w_569c2c7 w_0ffc383 w_cd88a48 w_b2e1722
38f2a081.jpg,new_whale w_fe49bc4 w_4855bd3 w_d663f4f w_e02fe7b
38ffa5bd.jpg,new_whale w_8044362 w_4759be5 w_4b7b80b w_ad8bc47
3900aa64.jpg,new_whale w_c103b25 w_81ff1c5 w_471ae98 w_71bfc77
3901c409.jpg,new_whale w_db474c7 w_4fe4078 w_0a97a25 w_c5f9e78
3905b47d.jpg,new_whale w_1dc66b7 w_acff672 w_1596a47 w_1a5beb9
39086712.jpg,new_whale w_aa64cc1 w_b074cdf w_eb44149 w_0e737d0
3908db89.jpg,new_whale w_b4a223d w_ff94ad6 w_02bb4cf w_8bdc211
390a779b.jpg,new_whale w_9875c12 w_95874a5 w_434ad6a w_eb34c4d
390da8d3.jpg,new_whale w_3c0bbac w_2c75202 w_9771603 w_d9adb4f
3910026d.jpg,new_whale w_488cdd8 w_372ae75 w_9205d40 w_87050a3
39105f8d.jpg,new_whale w_c9e1cdc w_d5ec83f w_db3621e w_fba3bde
3913d3b7.jpg,new_whale w_d430a78 w_fe96bef w_f3db3f1 w_376a413
391d08e8.jpg,new_whale w_fd587bc w_2cadad2 w_8f2fb79 w_81b402a
391e3e6b.jpg,new_whale w_f4224b9 w_ad87135 w_fe95ab8 w_db474c7
3927c8fc.jpg,new_whale w_d6f3d24 w_9a8f43f w_64f3545 w_ee9c4d7
3928988c.jpg,new_whale w_d234e6b w_43966a3 w_3d4900b w_6751cb2
39293532.jpg,new_whale w_0793503 w_7faebe3 w_3674103 w_06ff732
3933a3a5.jpg,new_whale w_8fab53d w_c10ffe9 w_00d8453 w_e685c80
393a3504.jpg,new_whale w_12cdfbd w_a59905f w_11adaae w_fd1cb9d
3949862e.jpg,new_whale w_014a645 w_73cbacd w_1632307 w_e449d3a
3952616c.jpg,new_whale w_e73d83c w_aa16da4 w_43be268 w_c8d20aa
3957e4dd.jpg,new_whale w_ee17a08 w_dbc4dcc w_9db9ef5 w_4fd48e7
395818a4.jpg,new_whale w_c57623d w_9948a99 w_fe6617a w_f19faeb
395a9fb5.jpg,new_whale w_0c6d50d w_ebf3f26 w_e57b487 w_cea99fe
395b47a3.jpg,new_whale w_94da90b w_c8728f4 w_9b6b87d w_46e45e6
395e5c1f.jpg,new_whale w_6375873 w_0de84f0 w_cd88a48 w_c7efb86
396616f2.jpg,new_whale w_c02ac49 w_da2efe0 w_4ebeafb w_43be268
396eec6a.jpg,new_whale w_f1a4389 w_5fc5ea5 w_0cd401c w_6c23fcc
3972ef0a.jpg,new_whale w_0f92544 w_e6b3dd4 w_886257d w_1f10750
3976b44b.jpg,new_whale w_b14007c w_0c45f5e w_8044362 w_402784d
3977fd5d.jpg,new_whale w_434ad6a w_1f00cb7 w_7554f44 w_e826a6f
397880b4.jpg,new_whale w_7faebe3 w_98baff9 w_4759be5 w_ba17206
397bc85e.jpg,new_whale w_be32bec w_b6689cc w_dcb1f2a w_89e159a
397e6425.jpg,new_whale w_307065e w_e082823 w_bb2d34d w_900f9eb
397ea63e.jpg,new_whale w_ddad87e w_0e4f53c w_143b201 w_d22af00
397f0d45.jpg,new_whale w_0771d4b w_b6886e5 w_49bbc79 w_fd3ce71
397f4631.jpg,new_whale w_2f283f3 w_dbda0d6 w_b7d5069 w_43be268
39819ab7.jpg,new_whale w_330f897 w_2fd21ec w_9ceb05d w_2e4fecc
39844cd8.jpg,new_whale w_59eb8ae w_987a36f w_8464638 w_73d5489
3987b951.jpg,new_whale w_f8e6546 w_1dd8e68 w_64783fe w_3aa2073
398cff47.jpg,new_whale w_f0bb383 w_b96d4e0 w_aa16da4 w_693c9ee
398f67eb.jpg,new_whale w_74adf0b w_3b483d3 w_e4df90a w_afe57c6
399691bf.jpg,new_whale w_9e1e278 w_813c5be w_3694c7d w_89e159a
399dc763.jpg,new_whale w_d915632 w_2f6a962 w_9ec358c w_3d0bc7a
39a5005e.jpg,new_whale w_1904e8c w_7af28d7 w_3e1ba5b w_da63cba
39a55c00.jpg,new_whale w_d1917df w_376a413 w_a524549 w_964ce09
39a9fbc7.jpg,new_whale w_b0e05b1 w_ed32db9 w_1ec267f w_8e4abc9
39ae2234.jpg,new_whale w_66c1b54 w_5444df0 w_7f40920 w_7763134
39b18676.jpg,new_whale w_2957331 w_4e1f7bd w_e988011 w_423e872
39b2fb2e.jpg,new_whale w_a91b997 w_18eee6e w_96b697f w_eb44149
39b5ffb2.jpg,new_whale w_cce912e w_b7d5069 w_0da589d w_43be268
39b9b776.jpg,new_whale w_45e8ea5 w_cfddb15 w_c71bf0e w_6b82ccc
39bcf83b.jpg,new_whale w_014a645 w_5297ab3 w_0f92544 w_1632307
39befd83.jpg,new_whale w_642de28 w_45e8ea5 w_9c5ed68 w_2071a4c
39c8a23b.jpg,new_whale w_977d881 w_243e33e w_5be8e63 w_78f64d1
39cf29ae.jpg,new_whale w_9c5ed68 w_fccb97a w_abe383e w_2071a4c
39d565bc.jpg,new_whale w_fae3939 w_403f92f w_49f3a91 w_a18c856
39defa58.jpg,new_whale w_18eee6e w_3af4e73 w_4d98ef7 w_fd07344
39e07595.jpg,new_whale w_3d0bc7a w_3cc4e90 w_18eee6e w_c5d7c03
39e328e5.jpg,new_whale w_69f4311 w_bb2d34d w_5a6bf1f w_dbd2cff
39e4f5a3.jpg,new_whale w_1dff010 w_2cde7c0 w_38e4aae w_8d83172
39e8e3aa.jpg,new_whale w_4759be5 w_d7de1ee w_98baff9 w_cd65880
39e926b4.jpg,new_whale w_08ddb50 w_eb0a6ed w_06c470d w_7f999ff
39f00db7.jpg,new_whale w_dd52cfc w_0e4f53c w_ad1d93b w_f460394
39f461f6.jpg,new_whale w_23526cb w_ff7630a w_7554f44 w_d2e1f2a
39fcc2b1.jpg,new_whale w_279b255 w_70715c1 w_0bbb3de w_eac205a
39fdcbac.jpg,new_whale w_0beef28 w_3694c7d w_f78c287 w_3e1ba5b
3a01046d.jpg,new_whale w_17ee910 w_73b705e w_96c141f w_97f5054
3a075a93.jpg,new_whale w_38e4aae w_0e9f6d9 w_56bbc91 w_b729b1f
3a086e23.jpg,new_whale w_6c803bf w_1743d93 w_4855bd3 w_3cf3853
3a08fd5e.jpg,new_whale w_4659acf w_f75302f w_18eee6e w_a59905f
3a0c19bb.jpg,new_whale w_15d1235 w_f19faeb w_5fbef36 w_b6410bc
3a152628.jpg,new_whale w_7554f44 w_88d11b1 w_19ca2c6 w_98baff9
3a1a42d8.jpg,new_whale w_2f6a962 w_d915632 w_67de30b w_8b56cb1
3a1d00d4.jpg,new_whale w_0408054 w_9b401eb w_6193637 w_e826a6f
3a2310b3.jpg,new_whale w_d9adb4f w_a1d95a3 w_83714b7 w_8e3ebeb
3a236109.jpg,new_whale w_cb7b682 w_42dd100 w_1eafe46 w_930bc39
3a2b6223.jpg,new_whale w_51969d2 w_3b3b9b2 w_acff672 w_89d9c03
3a2f7478.jpg,new_whale w_8c408dc w_877e56e w_b17f9ea w_0e737d0
3a3ba908.jpg,new_whale w_f438375 w_0a97a25 w_11f6df1 w_76599c3
3a3d5f88.jpg,new_whale w_17136dc w_2ac83b0 w_fd1cb9d w_2b930da
3a3e0bba.jpg,new_whale w_1717a13 w_1c22d7e w_9287bbb w_0d0ecfb
3a4034f6.jpg,new_whale w_4b8d0c9 w_9caed77 w_80d95d6 w_86b3f04
3a406d47.jpg,new_whale w_ddbf533 w_b0e05b1 w_1ac4c38 w_e59294d
3a450687.jpg,new_whale w_5dcbb74 w_e15442c w_2e4fecc w_b0a5c8d
3a476992.jpg,new_whale w_1127c35 w_ab2d17a w_d0874bb w_0bc712b
3a499371.jpg,new_whale w_03c84ef w_c529cf1 w_01cbcbf w_38e4aae
3a5077cb.jpg,new_whale w_afed305 w_72e70e5 w_b70a0c4 w_bbd9409
3a519ffa.jpg,new_whale w_701972b w_41901e5 w_8c605d2 w_dd52cfc
3a542ad4.jpg,new_whale w_2e4fecc w_fce6ab2 w_56ddb00 w_395d578
3a556af6.jpg,new_whale w_02a768d w_66c1b54 w_bf77b13 w_b4732ef
3a591728.jpg,new_whale w_ccbc782 w_60eba40 w_89dcef1 w_d3ef4b2
3a5ce927.jpg,new_whale w_effd0ea w_8fab53d w_0a97a25 w_fce6ab2
3a619665.jpg,new_whale w_70a31ce w_7311fe4 w_9ca943b w_741861e
3a64db85.jpg,new_whale w_3dd210a w_97493dd w_7554f44 w_af890ad
3a6807c2.jpg,new_whale w_979a6ef w_654a5bb w_8420f42 w_735ce7d
3a6c7a17.jpg,new_whale w_4b83ce2 w_b7d5069 w_b0e05b1 w_778ee6e
3a71ddd9.jpg,new_whale w_cd1f1ed w_bc9dc37 w_6a3210a w_48a98d7
3a729497.jpg,new_whale w_4476e55 w_8691e58 w_53859b2 w_1e68ef5
3a739970.jpg,new_whale w_77e1d3f w_f546b0a w_dfbfe10 w_bb2d34d
3a74a19f.jpg,new_whale w_74e15fc w_6ae1eaf w_67c1b6f w_1d4f970
3a78b92e.jpg,new_whale w_2d29ddd w_badfc4b w_073f071 w_c22307d
3a7b3f95.jpg,new_whale w_c22307d w_2d29ddd w_e4f1fcc w_3694c7d
3a7e31d2.jpg,new_whale w_d3ce445 w_eb8429c w_abe383e w_17136dc
3a80e2db.jpg,new_whale w_6865ccb w_12f2352 w_1a70685 w_5c0e858
3a844fa7.jpg,new_whale w_8c1e2e4 w_18eee6e w_a91b997 w_37dd956
3a91d2b4.jpg,new_whale w_711aaa1 w_1596a47 w_6c803bf w_718ce15
3a9230c1.jpg,new_whale w_cd1f1ed w_0d39a68 w_813c5be w_9e1e278
3a986cd6.jpg,new_whale w_d1bbde9 w_b4369cc w_6c803bf w_e3b2cfa
3a9becdb.jpg,new_whale w_9b401eb w_1287fbc w_6c23fcc w_612f4a2
3a9f229f.jpg,new_whale w_88f693b w_4a9ee0f w_96d9eaf w_31d3999
3a9f86ef.jpg,new_whale w_aa15df6 w_c9111ac w_ead305f w_1a70685
3aa30824.jpg,new_whale w_3de676c w_c34afd7 w_cb32cb8 w_dfbfe10
3aa329e0.jpg,new_whale w_6af9dd7 w_eb47189 w_19dc50f w_9db9ef5
3aa4dd03.jpg,new_whale w_a59905f w_6202983 w_db3621e w_fd1cb9d
3aa9b278.jpg,new_whale w_ffa78a5 w_6202983 w_1eafe46 w_a866824
3ab0c675.jpg,new_whale w_2b939eb w_65c80dd w_1ae1386 w_f5b8faf
3ab2800e.jpg,new_whale w_6c803bf w_97f5054 w_1a70685 w_44cccf6
3ab2f616.jpg,new_whale w_c8bf168 w_8ba2066 w_7f40920 w_6f504c0
3ab75ddd.jpg,new_whale w_2c75202 w_2fe43c7 w_8bde95b w_43be268
3abc6de0.jpg,new_whale w_9b67e87 w_18eee6e w_d2be6cc w_7bcc2d6
3ac23d86.jpg,new_whale w_f19faeb w_93bf889 w_693c9ee w_7e8b270
3ac36d69.jpg,new_whale w_958b908 w_fd07344 w_1d53d9c w_2c75202
3ac850cd.jpg,new_whale w_5f6fb4e w_91b7c58 w_c1b685f w_5f82501
3acae0ad.jpg,new_whale w_3d187b5 w_693c9ee w_a6a7dbf w_19c29aa
3aceff78.jpg,new_whale w_5e43abb w_ddf14ae w_67de30b w_eb44149
3ad46aec.jpg,new_whale w_5c0e858 w_0771d4b w_503ff17 w_e449d3a
3ad64c32.jpg,new_whale w_1eafe46 w_92585eb w_91572bb w_f478955
3ad662a6.jpg,new_whale w_1ed4dde w_0beef28 w_3d66298 w_b1acbb9
3ad6bcb4.jpg,new_whale w_7b035cc w_43b50e5 w_62c3998 w_d428980
3adc8c3f.jpg,new_whale w_adffd9c w_e09e886 w_0ea659e w_f0fc693
3ae42ef5.jpg,new_whale w_bb2d34d w_97f5054 w_5cc2285 w_5624f08
3ae532ab.jpg,new_whale w_72d5b6c w_71764b4 w_54b0844 w_5e0e662
3ae54db1.jpg,new_whale w_b3e6069 w_14c8f15 w_cb3bd52 w_83b5e33
3ae79741.jpg,new_whale w_e685c80 w_15427c3 w_5436d75 w_98baff9
3aefb9c6.jpg,new_whale w_6c803bf w_62ca7c8 w_fba3bde w_10ace22
3af14797.jpg,new_whale w_d1d8f98 w_1596a47 w_425da9a w_8f1946f
3af1b4a2.jpg,new_whale w_d037229 w_89e159a w_38e4aae w_b80a9c5
3b01fac5.jpg,new_whale w_0c42dba w_7e48479 w_648a9a8 w_37374fa
3b05aa85.jpg,new_whale w_db2baec w_559ce61 w_89e159a w_49bbc79
3b085916.jpg,new_whale w_14964c1 w_d1bbde9 w_0a97a25 w_bc62c0e
3b0e146d.jpg,new_whale w_1c22d7e w_367b996 w_48a5b86 w_a18d0dc
3b15061b.jpg,new_whale w_4e7fc3e w_6e8486d w_b6c4efa w_eb47189
3b1609e1.jpg,new_whale w_4e68ddc w_b9e00eb w_c00534d w_0b04c08
3b1d20bd.jpg,new_whale w_a14ccaa w_48a98d7 w_53064a6 w_ee17a08
3b1e1382.jpg,new_whale w_1a70685 w_853c1f7 w_1596a47 w_f86488a
3b1eb4d9.jpg,new_whale w_6c2d7ea w_e30e97f w_1eafe46 w_0e7cb1c
3b26aa5f.jpg,new_whale w_c0d494d w_a59905f w_b0e05b1 w_0e737d0
3b28a024.jpg,new_whale w_b066aa6 w_67599af w_540fd73 w_9ea2cc3
3b2c6b6b.jpg,new_whale w_2dbb0fe w_d642d4e w_a965f14 w_fd9264d
3b39d574.jpg,new_whale w_53baa9b w_70db713 w_9b67e87 w_aa70bc3
3b3cd5f6.jpg,new_whale w_2bea4c4 w_dfbfe10 w_89e159a w_6c803bf
3b3ed538.jpg,new_whale w_279b255 w_3a94311 w_1c432e7 w_3ae3603
3b4006d4.jpg,new_whale w_c3684ba w_71bfc77 w_826dc6d w_d02787f
3b429cf2.jpg,new_whale w_4b7b80b w_6092d5c w_98baff9 w_6d17527
3b4a8e4e.jpg,new_whale w_8e4abc9 w_73d5489 w_0ead9d7 w_9b6b87d
3b4c895f.jpg,new_whale w_b9ee5ec w_0c8967d w_6547e12 w_4e52a49
3b54ee91.jpg,new_whale w_91361f0 w_b6c4efa w_eb47189 w_8d5ede1
3b54f368.jpg,new_whale w_3cbccb7 w_dbda0d6 w_f3b63ba w_9577f88
3b58148d.jpg,new_whale w_d3ed80e w_7c943ab w_693c9ee w_c133ea8
3b5acee1.jpg,new_whale w_959b917 w_4af3e4e w_6202983 w_636638f
3b5bdd45.jpg,new_whale w_fb2c3fb w_2d2de1d w_3b99025 w_966e86e
3b61486f.jpg,new_whale w_d9fdd15 w_eb44149 w_373c114 w_3af4e73
3b64f52f.jpg,new_whale w_02a768d w_e1f55ad w_5f82501 w_c2ea3f0
3b682f63.jpg,new_whale w_06dbe6b w_f7fed13 w_df21074 w_aa64cc1
3b6c28a1.jpg,new_whale w_b067417 w_1287fbc w_43340c5 w_c0d494d
3b734c28.jpg,new_whale w_559ce61 w_4fdaa2a w_9ae554b w_de3cab3
3b7da8ed.jpg,new_whale w_d8eae88 w_0da589d w_b9f5b8b w_b95307d
3b86f7f7.jpg,new_whale w_fce6ab2 w_ea6651e w_effd0ea w_25fdcfb
3b8c3954.jpg,new_whale w_826eb44 w_44237e0 w_09be3ad w_c926fc3
3b8f97ee.jpg,new_whale w_014a645 w_0a0cf7d w_9378098 w_fd698a3
3b94ac54.jpg,new_whale w_6257bdf w_1a229eb w_898bb9a w_0e4f53c
3b958389.jpg,new_whale w_308bd26 w_743209a w_1eafe46 w_7f40920
3b95c22a.jpg,new_whale w_98baff9 w_c99f5ef w_53ed912 w_0a97a25
3b964c07.jpg,new_whale w_3d66298 w_fd1cb9d w_e54feba w_147b62b
3b9990f7.jpg,new_whale w_d663f4f w_5cef366 w_18eee6e w_dcb1f2a
3b9f958f.jpg,new_whale w_c4f3619 w_a58f64d w_532fb22 w_7c7a78c
3ba1db08.jpg,new_whale w_7e93962 w_b688397 w_2fdaa7f w_76ebad6
3ba3fb5e.jpg,new_whale w_65c80dd w_1ae1386 w_1facad2 w_987a36f
3ba7608e.jpg,new_whale w_cae7677 w_b6886e5 w_886257d w_bb2d34d
3bad0acb.jpg,new_whale w_4b7b80b w_98baff9 w_6202983 w_361e290
3bad3550.jpg,new_whale w_e8778ce w_3f8f5aa w_9023f3b w_38e4aae
3baf09a5.jpg,new_whale w_7b035cc w_67de30b w_54c00ad w_8d46cef
3bb062ee.jpg,new_whale w_7586198 w_02d5fad w_cb7b682 w_bf38f05
3bb0b5bd.jpg,new_whale w_7554f44 w_8c1ec28 w_569c2c7 w_d224115
3bb57211.jpg,new_whale w_6e47e0e w_eb47189 w_9d0e84a w_80245ee
3bb6769f.jpg,new_whale w_f3b63ba w_434ad6a w_4b7b80b w_eb0a6ed
3bb7c687.jpg,new_whale w_b4eeae6 w_ca8bfb4 w_3fc0946 w_7763134
3bb9f318.jpg,new_whale w_2863d51 w_9cb529f w_ad32646 w_b6d09e6
3bbc7c7f.jpg,new_whale w_47d2bc6 w_8c1ec28 w_0d48a7d w_79b42cd
3bcea5eb.jpg,new_whale w_39d2684 w_cc5fae7 w_1e4e7a4 w_847088b
3bd94f07.jpg,new_whale w_54c00ad w_3cfeb1a w_b440303 w_6598219
3be626ef.jpg,new_whale w_693c9ee w_4de83f9 w_a21cc97 w_540fd73
3be6b3c0.jpg,new_whale w_90ec71a w_af67683 w_331df94 w_a0ae961
3be792ce.jpg,new_whale w_57e8a80 w_156c0db w_408c5a7 w_b14007c
3be94c82.jpg,new_whale w_67de30b w_b6c4efa w_9d704ab w_4ebeafb
3bf0fafa.jpg,new_whale w_045d9fc w_5fda054 w_41f0a7e w_ab4cae2
3bf2e190.jpg,new_whale w_b4732ef w_d36f58c w_540fd73 w_1eafe46
3bf4ee4b.jpg,new_whale w_78a6f56 w_7257028 w_76b6f7c w_4be373e
3bfdb471.jpg,new_whale w_c0cfd5b w_faa4239 w_1000f90 w_9c449e2
3c001e73.jpg,new_whale w_44cccf6 w_2e977e2 w_331df94 w_9771603
3c012994.jpg,new_whale w_449a34e w_a9dd349 w_0beef28 w_3411b9f
3c01bad3.jpg,new_whale w_3674103 w_19aeb9c w_e57b3ce w_d26cc27
3c06f023.jpg,new_whale w_6aad777 w_7049d9f w_a59905f w_d5ec83f
3c0d9b71.jpg,new_whale w_4e1f7bd w_fd1cb9d w_fae2cb6 w_733fe81
3c16daeb.jpg,new_whale w_6c803bf w_c708dc7 w_18eee6e w_3674103
3c1f2a3a.jpg,new_whale w_2ce5ce2 w_0853262 w_dbc4dcc w_addcafa
3c1f6b1b.jpg,new_whale w_d9aab0a w_2cdf820 w_3197568 w_cb7b682
3c20837c.jpg,new_whale w_b5383b5 w_48a98d7 w_c00534d w_fd07344
3c209d44.jpg,new_whale w_932c8cd w_3061bdd w_c8126db w_a14ccaa
3c20d2ca.jpg,new_whale w_361e290 w_c0d494d w_cb7b682 w_993d66c
3c217407.jpg,new_whale w_44cccf6 w_4ebeafb w_3fe1eb9 w_3d0bc7a
3c241ca5.jpg,new_whale w_c1e8594 w_9b3ed01 w_38b1edd w_790c2aa
3c265e05.jpg,new_whale w_9ae554b w_0ebd514 w_71c7322 w_479e3e5
3c2947e3.jpg,new_whale w_837646b w_059e347 w_72f25c9 w_2707bcd
3c2e9f02.jpg,new_whale w_29670e2 w_0c8a724 w_f1a4389 w_9caed77
3c2eb7a2.jpg,new_whale w_b96c08e w_7f199c6 w_ebe0ad5 w_a524549
3c3031e9.jpg,new_whale w_65e519b w_f9d27ad w_f93d780 w_243e33e
3c312fb9.jpg,new_whale w_d708c5a w_bf38f05 w_5b99089 w_eb39613
3c3d4d45.jpg,new_whale w_d148982 w_73d5489 w_3ee8570 w_a646643
3c3e393c.jpg,new_whale w_479e3e5 w_4d528e4 w_8db45b7 w_1090920
3c4a30ab.jpg,new_whale w_65943d6 w_68fb716 w_3d4900b w_9ea2cc3
3c4ca756.jpg,new_whale w_7c7a78c w_296749b w_efebfe8 w_9ca943b
3c533d05.jpg,new_whale w_61d516e w_e6ced04 w_afbc150 w_65ec378
3c5a373d.jpg,new_whale w_e84ca75 w_37223f9 w_18a854b w_7e8b270
3c5b4b14.jpg,new_whale w_85f9040 w_64783fe w_e6d3a57 w_b4151b7
3c5f65db.jpg,new_whale w_4c9d3df w_fd1cb9d w_fc7cc24 w_b7d5069
3c75d621.jpg,new_whale w_1743d93 w_b638c8f w_18eee6e w_fba3bde
3c782b9f.jpg,new_whale w_f19faeb w_9b401eb w_3674103 w_dbd28fa
3c8062ab.jpg,new_whale w_fe49bc4 w_fba3bde w_43be268 w_c02ac49
3c88f666.jpg,new_whale w_a24f581 w_bde9c34 w_b47a4a1 w_72c15c4
3c8ea78b.jpg,new_whale w_ef67a6c w_5126776 w_b4eeae6 w_966e86e
3ca49c13.jpg,new_whale w_d3c8520 w_a8bc2bc w_39043c9 w_d4bc10d
3cadf069.jpg,new_whale w_59461a4 w_9741f42 w_076c122 w_8d9c6fc
3caebf38.jpg,new_whale w_6c803bf w_c133ea8 w_18eee6e w_1ac4c38
3cb775eb.jpg,new_whale w_10ace22 w_9e4a26f w_faf538a w_62d76c2
3cbdcb9b.jpg,new_whale w_af6c7e2 w_886257d w_62ca7c8 w_9c5ed68
3cc1cd49.jpg,new_whale w_7554f44 w_ee24bac w_3674103 w_693c9ee
3cc83fd7.jpg,new_whale w_73b26b7 w_b729b1f w_c0560ac w_dcb1f2a
3cc8e2eb.jpg,new_whale w_741861e w_71764b4 w_43be268 w_9875c12
3ccc5880.jpg,new_whale w_cd22b23 w_462a117 w_afc7d61 w_ad3dd0b
3cd36114.jpg,new_whale w_b1f6e70 w_b2f1afa w_c9abb54 w_f8e6546
3cd3c8ac.jpg,new_whale w_d19a884 w_fea7fe6 w_15427c3 w_1e7bb93
3cd6fa25.jpg,new_whale w_c57623d w_0cb6294 w_a837660 w_d1b13bb
3cde6358.jpg,new_whale w_db2c158 w_b88a8d8 w_096bc48 w_1febbf3
3ce5449a.jpg,new_whale w_aeaeeb5 w_d2be6cc w_18eee6e w_7bcc2d6
3ce552f7.jpg,new_whale w_d2ab9c4 w_0771d4b w_ea96346 w_0d049cf
3ce93435.jpg,new_whale w_abe383e w_227ed79 w_7946258 w_993d66c
3ce9d2b2.jpg,new_whale w_b7a832a w_a26a029 w_8cd3036 w_7e8b270
3cea1e0f.jpg,new_whale w_064ab78 w_0beef28 w_813c5be w_f4e0748
3cf0cac9.jpg,new_whale w_7f45825 w_54c00ad w_7b035cc w_67de30b
3cf1a1dc.jpg,new_whale w_98baff9 w_42f935c w_97f5054 w_9e22ded
3cf46c0d.jpg,new_whale w_3e1ba5b w_a3dbc8f w_71764b4 w_7419e4b
3cf4cdf4.jpg,new_whale w_76d2cce w_8b5885d w_6c99c53 w_ec02248
3cf7f1d7.jpg,new_whale w_b074cdf w_dbda0d6 w_7554f44 w_f71bac2
3cfafcdb.jpg,new_whale w_8e25bfa w_36a4e8b w_4fb3c95 w_373593e
3d054afb.jpg,new_whale w_c11932e w_e94a3b2 w_fc61767 w_41fa033
3d06d9fc.jpg,new_whale w_be4d5b8 w_993d66c w_aa7e5f4 w_5b99089
3d0daa18.jpg,new_whale w_853c1f7 w_67de30b w_8861715 w_d0e5d1d
3d1337d7.jpg,new_whale w_9ec358c w_a59905f w_18eee6e w_11adaae
3d1780bc.jpg,new_whale w_78ba632 w_71c7322 w_9d704ab w_62f299e
3d191ced.jpg,new_whale w_62f299e w_43be268 w_48a98d7 w_9ca943b
3d1f151f.jpg,new_whale w_d663f4f w_eb47189 w_2641733 w_aa16da4
3d270311.jpg,new_whale w_08d1ccd w_ddad87e w_7dc3fae w_a62f211
3d2de452.jpg,new_whale w_056be75 w_0f41afe w_6d274b2 w_7417b12
3d320c9c.jpg,new_whale w_36a4e8b w_d8e752e w_2d09595 w_98baff9
3d3a7267.jpg,new_whale w_8968506 w_3aa2073 w_899f659 w_cae7677
3d49bad6.jpg,new_whale w_307065e w_c9e1cdc w_dc89c4c w_bb2d34d
3d4db3e4.jpg,new_whale w_203e9d5 w_73d5489 w_c71115a w_3e26a99
3d52675d.jpg,new_whale w_bd1dbed w_4ebeafb w_71e6583 w_34c4927
3d572d23.jpg,new_whale w_37a7f78 w_a8f9a1e w_f9083fe w_e41f2fa
3d59af32.jpg,new_whale w_373593e w_ab4cae2 w_5fbef36 w_a965f14
3d5c522f.jpg,new_whale w_f792125 w_c57623d w_63d1ea6 w_2071a4c
3d63aa7a.jpg,new_whale w_f185562 w_6dc7db6 w_5624f08 w_6d05f7f
3d6ea9d9.jpg,new_whale w_813c5be w_2b8e175 w_1287fbc w_44a6b62
3d7a8736.jpg,new_whale w_46e45e6 w_441bd21 w_a01d903 w_493c000
3d7d2cc1.jpg,new_whale w_b074cdf w_98baff9 w_693c9ee w_f2ef6f8
3d7d664b.jpg,new_whale w_338b130 w_d234e6b w_7028d77 w_55c9a3b
3d81dec4.jpg,new_whale w_db0ad01 w_5dcbb74 w_88f693b w_cece268
3d829de3.jpg,new_whale w_0e737d0 w_cd88a48 w_ef2f0f0 w_ab4cae2
3d8949ee.jpg,new_whale w_1c32062 w_bc9dc37 w_17e8554 w_1eafe46
3d8f0129.jpg,new_whale w_cf00b01 w_ae07541 w_4114553 w_17ee910
3d933bda.jpg,new_whale w_7108f6d w_3ac13d2 w_5c07f42 w_4fd48e7
3d93dfcb.jpg,new_whale w_6202983 w_dbda0d6 w_8fab53d w_14ba846
3d955087.jpg,new_whale w_62c3998 w_1a5e7a2 w_87e00c8 w_33973bf
3d9c1c1c.jpg,new_whale w_0ebd514 w_1c3cecd w_ea90267 w_43be268
3d9d20ad.jpg,new_whale w_83714b7 w_7554f44 w_2be1c9c w_243e33e
3daebb59.jpg,new_whale w_9ea2cc3 w_67de30b w_987a36f w_a59905f
3db2d351.jpg,new_whale w_03b5e9a w_7d819df w_3aa2073 w_ed32db9
3db64900.jpg,new_whale w_156c0db w_871b1b9 w_cdc0a1c w_0c6dbbe
3db69083.jpg,new_whale w_8cd3036 w_92d55a6 w_42dd100 w_901363f
3dbd0342.jpg,new_whale w_dbc4dcc w_540fd73 w_57c8da9 w_9ca943b
3dc643e4.jpg,new_whale w_778ee6e w_0beef28 w_82e0d98 w_232e5bd
3dce8c69.jpg,new_whale w_14c8f15 w_c1b685f w_0e737d0 w_76599c3
3dd1e6bd.jpg,new_whale w_0c6d50d w_081dd6e w_4176a19 w_9b6b87d
3dd659e8.jpg,new_whale w_c0d494d w_13c6b6b w_993d66c w_d47e2e3
3dd77d20.jpg,new_whale w_cae7677 w_214c09a w_eb0a6ed w_d234e6b
3dd83cf8.jpg,new_whale w_8fd5636 w_6a78025 w_46a4137 w_e3b2cfa
3ddc3d7e.jpg,new_whale w_402784d w_a1fe45d w_57c14db w_4bf5a06
3dde422c.jpg,new_whale w_434ad6a w_7554f44 w_b074cdf w_c3f9618
3ddf9d46.jpg,new_whale w_86113c4 w_09d7946 w_f843a8d w_0da6f67
3de12d23.jpg,new_whale w_398aa7f w_0f96780 w_01687a8 w_6232813
3dec200b.jpg,new_whale w_6e8486d w_4e52a49 w_eb47189 w_fc7cc24
3df1a3d9.jpg,new_whale w_b6d09e6 w_c48ad3e w_1eafe46 w_6c803bf
3dfa0431.jpg,new_whale w_9b67e87 w_ae0ab55 w_c26b92a w_a5c5f2d
3dfaed2e.jpg,new_whale w_6e1b161 w_a34c992 w_7d19608 w_081dd6e
3dfc72af.jpg,new_whale w_cbedcb0 w_e282300 w_ed117b3 w_7c9fd46
3dfefebc.jpg,new_whale w_773967d w_b2d937a w_73d5489 w_1da7080
3e02830c.jpg,new_whale w_a1114ee w_2486665 w_8103039 w_b2374b8
3e042855.jpg,new_whale w_3e6a161 w_5d96ba4 w_14c8f15 w_c0d494d
3e06b842.jpg,new_whale w_898bb9a w_60c5e7e w_f8e6546 w_b688397
3e0c44dd.jpg,new_whale w_6375873 w_71c7322 w_4195fc3 w_9ea2cc3
3e153374.jpg,new_whale w_b8dff40 w_11138db w_d9adb4f w_059df09
3e18558a.jpg,new_whale w_dd76ce2 w_014a645 w_5297ab3 w_e449d3a
3e1baa71.jpg,new_whale w_6710cf8 w_b6886e5 w_5d6786e w_d0e5d1d
3e3109c6.jpg,new_whale w_90f74ae w_3f2a05c w_8507226 w_2e4fecc
3e36720e.jpg,new_whale w_44a6b62 w_968f2ca w_4c8e7ae w_cb8edf5
3e3c956d.jpg,new_whale w_656afeb w_af67683 w_9875c12 w_43be268
3e4bfcb2.jpg,new_whale w_c3d523d w_b7d5069 w_0869575 w_17e8554
3e4cf6a7.jpg,new_whale w_c9dd32e w_31d3999 w_1e4e7a4 w_cece268
3e4d6ddd.jpg,new_whale w_e826a6f w_fab0a22 w_e59294d w_73bed18
3e4f6f85.jpg,new_whale w_5b45503 w_82bb763 w_56743d6 w_770eb84
3e5a8353.jpg,new_whale w_43be268 w_4ebeafb w_9db9ef5 w_c02ac49
3e5bf43e.jpg,new_whale w_95874a5 w_bb2d34d w_17ee910 w_3fe1eb9
3e6285a2.jpg,new_whale w_1287fbc w_2cdf820 w_da2efe0 w_17ee910
3e6b7a65.jpg,new_whale w_0a71e87 w_afc7d61 w_987a36f w_c3aaa3a
3e73a870.jpg,new_whale w_6611a71 w_91572bb w_9ca943b w_9b401eb
3e812d3a.jpg,new_whale w_9d9913a w_45e8ea5 w_c167245 w_19ca2c6
3e8420ea.jpg,new_whale w_ad8bc47 w_36a4e8b w_7f81ba5 w_5d8c038
3e882e34.jpg,new_whale w_a526492 w_187e235 w_0c6d50d w_21b3754
3e893596.jpg,new_whale w_c4f3619 w_ba17206 w_ad87135 w_851a7f4
3e89ea79.jpg,new_whale w_ca0ec7c w_2f283f3 w_cef690d w_d96a0cd
3e8b3b02.jpg,new_whale w_f81c626 w_0e737d0 w_98baff9 w_c30959a
3e8d88eb.jpg,new_whale w_c4e71b6 w_e09e886 w_1e45a47 w_d09e61a
3e97133a.jpg,new_whale w_7554f44 w_b074cdf w_4fb3c95 w_43be268
3e9930ef.jpg,new_whale w_7294a6a w_e42c624 w_ed07d84 w_a8ec52f
3ea2de6f.jpg,new_whale w_3b0894d w_4e68ddc w_b7d5069 w_ee17a08
3ea88176.jpg,new_whale w_ffcd98e w_b0e6fbe w_27fc5d3 w_1eafe46
3ea8a0df.jpg,new_whale w_32475a1 w_7649712 w_5d2734c w_fd6f24f
3eaffce2.jpg,new_whale w_1969a9d w_15d7ecf w_f19faeb w_b0e05b1
3eb1d33e.jpg,new_whale w_5c23454 w_8d08f9e w_4e52a49 w_721d2e9
3eb7d92a.jpg,new_whale w_8bdc211 w_0ba62fd w_0acce53 w_367b996
3ec161d1.jpg,new_whale w_63db6f9 w_f18df18 w_4855bd3 w_987a36f
3ec63dd0.jpg,new_whale w_8f1aa27 w_5acfa65 w_49a3b14 w_2b443f8
3eda9ab5.jpg,new_whale w_2fe43c7 w_d382236 w_50729c4 w_9771603
3edfb3ac.jpg,new_whale w_d9fdd15 w_49bbc79 w_44cccf6 w_7e5cc5e
3ee0f1ce.jpg,new_whale w_6202983 w_06dbe6b w_3d0bc7a w_1eafe46
3eea5461.jpg,new_whale w_6c23fcc w_7637760 w_9236aac w_8459e39
3eec6933.jpg,new_whale w_c352046 w_9875c12 w_99ad599 w_9205d40
3eeca2e1.jpg,new_whale w_f8e6546 w_3aa2073 w_4b95330 w_1609b19
3ef5a3ca.jpg,new_whale w_b074cdf w_c5f9e78 w_98baff9 w_e41f2fa
3ef7696e.jpg,new_whale w_daeb296 w_92d55a6 w_ee17a08 w_cd02407
3ef7e7f1.jpg,new_whale w_0853262 w_dbc4dcc w_b5383b5 w_78f2e92
3ef82b19.jpg,new_whale w_eb47189 w_29fc831 w_4e52a49 w_3694c7d
3ef9e313.jpg,new_whale w_b6efe77 w_0729511 w_fea7fe6 w_d430a78
3efb7847.jpg,new_whale w_57e8a80 w_0337aa5 w_715d152 w_a2a1378
3efd87de.jpg,new_whale w_6b45921 w_f0fc693 w_966e86e w_8044362
3f041163.jpg,new_whale w_0dee306 w_ae0ab55 w_61d516e w_a5c5f2d
3f0b4016.jpg,new_whale w_662a132 w_b074cdf w_4f248f3 w_fea7fe6
3f0f0cfc.jpg,new_whale w_f86488a w_07a425f w_9927328 w_3d66298
3f1a9fa0.jpg,new_whale w_c39fceb w_db93738 w_3326396 w_6d4dedc
3f1af992.jpg,new_whale w_0a97a25 w_c27d036 w_43be268 w_4be8a3e
3f1e2d7d.jpg,new_whale w_b6886e5 w_9875c12 w_d0cecd5 w_4b7b80b
3f1e5e8a.jpg,new_whale w_6ddff9b w_2071a4c w_69e7dab w_7e8b270
3f1ecbc5.jpg,new_whale w_40323ac w_18eee6e w_9f1fafb w_c708dc7
3f27d210.jpg,new_whale w_5438813 w_2c75202 w_cae7677 w_73d5489
3f2a2fa2.jpg,new_whale w_b0aed4a w_73d5489 w_7324cf5 w_6556c5c
3f2c200a.jpg,new_whale w_2b0028d w_aeca19c w_dbda0d6 w_b9e0ae0
3f2c7924.jpg,new_whale w_0e737d0 w_b074cdf w_e826a6f w_9ec358c
3f3057a8.jpg,new_whale w_67fecca w_d36f58c w_b4732ef w_9321960
3f35d8b1.jpg,new_whale w_68820e8 w_8fab53d w_b0e05b1 w_b7d5069
3f4a4bc4.jpg,new_whale w_b61840c w_fdf60bb w_0f96780 w_7049d9f
3f521aec.jpg,new_whale w_7c7a78c w_c102ec3 w_25a38b8 w_b7d5069
3f5e0ae7.jpg,new_whale w_c8126db w_f0612be w_fba3bde w_c1b3568
3f5f9a6e.jpg,new_whale w_59eb8ae w_b6886e5 w_95874a5 w_0e9f6d9
3f60f5d1.jpg,new_whale w_b074cdf w_ee17a08 w_c027e4e w_7763134
3f65a8ff.jpg,new_whale w_53859b2 w_002222a w_e7f8e67 w_88083bc
3f6c5b77.jpg,new_whale w_fce6ab2 w_70715c1 w_3136deb w_8b1d546
3f6e6380.jpg,new_whale w_eaeb1f0 w_19e8a2d w_9205d40 w_4fb3c95
3f6f88e4.jpg,new_whale w_20da4cf w_57e8a80 w_1af5d59 w_75378d3
3f735781.jpg,new_whale w_e6ced04 w_b9f5b8b w_cc8241b w_65ec378
3f74813b.jpg,new_whale w_5f2b407 w_7b035cc w_cd1f1ed w_f986587
3f761452.jpg,new_whale w_62c3998 w_dfbfe10 w_abc2eda w_a2633d4
3f794b35.jpg,new_whale w_7e8b270 w_2f07b15 w_b9e00eb w_41f0a7e
3f7a238c.jpg,new_whale w_1dff010 w_4e52a49 w_fc7cc24 w_4e11add
3f7a7e22.jpg,new_whale w_559ce61 w_9d0e84a w_05b2ddd w_e3b236d
3f80e7ed.jpg,new_whale w_ab4bd59 w_4659acf w_17e8554 w_9d704ab
3f8311a0.jpg,new_whale w_075aa6e w_c0d494d w_52b0438 w_7554f44
3f840442.jpg,new_whale w_1eafe46 w_4d98ef7 w_9ea2cc3 w_d915632
3f841907.jpg,new_whale w_c9dfa13 w_2fe43c7 w_26edeb8 w_9ceb05d
3f849643.jpg,new_whale w_ef89b72 w_b9f5b8b w_adc62bc w_402784d
3f849bc0.jpg,new_whale w_96fd936 w_fd1cb9d w_68820e8 w_b7d5069
3f880c85.jpg,new_whale w_b9f5b8b w_e6ced04 w_65ec378 w_3fc3d07
3f8a76de.jpg,new_whale w_4b47559 w_1287fbc w_9b401eb w_c0d494d
3f8c46b3.jpg,new_whale w_7c7a78c w_5be8e63 w_fea7fe6 w_cb7b682
3f919cbc.jpg,new_whale w_41a79d7 w_11b993a w_b6a95e0 w_2dae424
3f953fd3.jpg,new_whale w_cbd49f8 w_aa7e5f4 w_94cd45e w_3f907d6
3f97dcdf.jpg,new_whale w_1287fbc w_4a7080a w_f022f78 w_a3dbc8f
3f993cb6.jpg,new_whale w_43b50e5 w_6a78025 w_74e15fc w_c0f377b
3fa05329.jpg,new_whale w_2663598 w_a31900f w_df21074 w_339c8ae
3fa15942.jpg,new_whale w_44cccf6 w_2e977e2 w_331df94 w_9771603
3fa19e5a.jpg,new_whale w_3b0894d w_11adaae w_9ca943b w_43be268
3fa2dd21.jpg,new_whale w_2fe43c7 w_398aa7f w_f660d7d w_9771603
3fa94ac0.jpg,new_whale w_72dfe51 w_0bc712b w_010a1fa w_697c72e
3fac58e1.jpg,new_whale w_a8ec52f w_d148982 w_12d9132 w_42c631a
3facb60e.jpg,new_whale w_fb94a5a w_243e33e w_4e68ddc w_1703ee5
3facd290.jpg,new_whale w_813c5be w_f4e0748 w_abe383e w_4c9d3df
3fb01bea.jpg,new_whale w_b1d6681 w_f0a2e40 w_2b443f8 w_becdfdc
3fb2b62d.jpg,new_whale w_3f90907 w_361e290 w_73b705e w_f803b29
3fb49113.jpg,new_whale w_7c7a78c w_5be8e63 w_7311fe4 w_8c1ec28
3fb88d12.jpg,new_whale w_b6886e5 w_ebe0ad5 w_bb2d34d w_97f5054
3fbbb35f.jpg,new_whale w_4a78bf2 w_fd1cb9d w_cc1f8bc w_932c8cd
3fc2e9e5.jpg,new_whale w_e158680 w_b9c9129 w_3461d6d w_050bdac
3fc39141.jpg,new_whale w_dce3192 w_8bde95b w_19eb1b8 w_4b83ce2
3fc7fd6c.jpg,new_whale w_1287fbc w_c3d523d w_06a6351 w_cf3c233
3fcbdd7e.jpg,new_whale w_62f804d w_ee94c57 w_67de30b w_d36f58c
3fcca0ac.jpg,new_whale w_67de30b w_d428980 w_9cb529f w_8861715
3fd554b2.jpg,new_whale w_fba3bde w_c9111ac w_4ebeafb w_ea2385d
3fd586e3.jpg,new_whale w_e3c0ae5 w_f478955 w_c1b685f w_f178867
3fd60ccc.jpg,new_whale w_e41f2fa w_a5431ca w_1da7080 w_dd52cfc
3fda3d0e.jpg,new_whale w_e9cacbf w_f803b29 w_057c418 w_bb2d34d
3fddf958.jpg,new_whale w_542f8ca w_f1a4389 w_303518a w_72dfe51
3fe023de.jpg,new_whale w_e3c0ae5 w_b6410bc w_57c14db w_5d96ba4
3fe11fab.jpg,new_whale w_0f84bf6 w_7895123 w_e964ae8 w_2832e90
3fe52f4a.jpg,new_whale w_c622a3f w_5dfafa5 w_2fcb559 w_7cca153
3fe5ad0b.jpg,new_whale w_1d53d9c w_f0f56dc w_b1a4f29 w_a524549
3fe65c2e.jpg,new_whale w_2dcbf82 w_fd1cb9d w_0ebd514 w_d88328d
3ff016bd.jpg,new_whale w_d19a884 w_e3fbc27 w_b678944 w_3197568
3ff0a42f.jpg,new_whale w_64783fe w_af6c7e2 w_ee948c6 w_1dd8e68
3ff30bc1.jpg,new_whale w_29fc831 w_3694c7d w_0ac6a0a w_9cb529f
3ff4bda5.jpg,new_whale w_45e8ea5 w_cfddb15 w_ed0c4cc w_f3b63ba
3ff7de04.jpg,new_whale w_a335e80 w_1eafe46 w_9875c12 w_c027e4e
4003cd6e.jpg,new_whale w_ccfdb00 w_e826a6f w_62ca7c8 w_434ad6a
4006a5c7.jpg,new_whale w_d6e5334 w_2be1c9c w_e4616da w_dbda0d6
400ccc36.jpg,new_whale w_2fe43c7 w_4fdaa2a w_43be268 w_026fdf8
401a1fb6.jpg,new_whale w_dfbfe10 w_6c803bf w_62c3998 w_b33e728
401bd05f.jpg,new_whale w_f104523 w_9e7cada w_7ad249d w_d3c8520
401f97ac.jpg,new_whale w_8ab8687 w_7b442c4 w_339c8ae w_0103030
4023c311.jpg,new_whale w_e1f55ad w_243e33e w_f546b0a w_5dfafa5
4025e9b0.jpg,new_whale w_b05c57f w_313b78a w_eec1133 w_6c803bf
40266ccc.jpg,new_whale w_eeb5fa7 w_f8c3a63 w_6547e12 w_11b993a
4032812c.jpg,new_whale w_874cf52 w_8044362 w_5d8c038 w_4759be5
40391340.jpg,new_whale w_7ad249d w_9e7cada w_49b425b w_f1396bd
404d9a9a.jpg,new_whale w_c529cf1 w_38e4aae w_42aa161 w_fb8ca1e
404fb5b9.jpg,new_whale w_f6c23d5 w_1287fbc w_2cdf820 w_b942708
4050c24a.jpg,new_whale w_7e8b270 w_dbda0d6 w_551f5ca w_f19faeb
4051a842.jpg,new_whale w_56ddb00 w_395d578 w_cf0c062 w_279b255
405c2115.jpg,new_whale w_a59221a w_8507226 w_7554f44 w_afd55ad
405d8f57.jpg,new_whale w_41ed8e8 w_813c5be w_f4e0748 w_fbcb6e4
406065e9.jpg,new_whale w_d63bf1f w_7b770ec w_1d53d9c w_b939998
40665236.jpg,new_whale w_91361f0 w_dcf2001 w_b6c4efa w_eb0a6ed
406d5259.jpg,new_whale w_1e9d5c7 w_c1c73c0 w_c4e71b6 w_1e4e7a4
406e3c5c.jpg,new_whale w_e7aa703 w_0f54cdf w_7419e4b w_13c6b6b
40709767.jpg,new_whale w_b074cdf w_7554f44 w_0b04c08 w_f438375
407510dd.jpg,new_whale w_a80620a w_95dd5d2 w_76106aa w_ed5cdab
40798051.jpg,new_whale w_9023f3b w_f4e0748 w_89e159a w_4378542
407da55c.jpg,new_whale w_4b7b80b w_b7d5069 w_0e737d0 w_7f6ce8e
408abe70.jpg,new_whale w_6c803bf w_af06773 w_d0b237f w_bb2d34d
408ccf48.jpg,new_whale w_1da7080 w_b6886e5 w_b96c08e w_33e7def
408ecac5.jpg,new_whale w_f8c3a63 w_98baff9 w_e5250e9 w_efbb71a
409647a9.jpg,new_whale w_5bdcd94 w_55c9a3b w_0bbb3de w_8d88c82
4099d730.jpg,new_whale w_e02fe7b w_c0f3e88 w_ae07541 w_aa16da4
40a16009.jpg,new_whale w_7c943ab w_4fa1bd5 w_e3c119c w_cae7677
40a2fb45.jpg,new_whale w_950b5cf w_f64cf8a w_d49402a w_af890ad
40a34b23.jpg,new_whale w_ca5abbb w_31d3999 w_ed10a36 w_55647bd
40a81485.jpg,new_whale w_e594616 w_b942708 w_ed07d84 w_1287fbc
40a92793.jpg,new_whale w_338d945 w_307065e w_c9e1cdc w_62c3998
40ab388f.jpg,new_whale w_95874a5 w_43be268 w_2fd21ec w_045d9fc
40aec8f9.jpg,new_whale w_1090920 w_43eea34 w_1596a47 w_651cbb7
40b1d13f.jpg,new_whale w_3bc8a47 w_2be1c9c w_286ec5f w_79d4855
40b5358b.jpg,new_whale w_8044362 w_b688397 w_89e159a w_837646b
40b5e448.jpg,new_whale w_b074cdf w_fce6ab2 w_98baff9 w_f71bac2
40b94983.jpg,new_whale w_2d29ddd w_ca813c2 w_886257d w_5d96ba4
40bbd78a.jpg,new_whale w_8376b7e w_51969d2 w_f400702 w_37c23fa
40bd0215.jpg,new_whale w_70e49bc w_c241e72 w_6c803bf w_f438375
40bdf228.jpg,new_whale w_17cb04d w_4d528e4 w_78948b5 w_1090920
40c1e233.jpg,new_whale w_56b9dcd w_913a2ad w_ba5336c w_1eafe46
40c342a6.jpg,new_whale w_ba2f2c4 w_bb2d34d w_d2be6cc w_21e178f
40c3a13f.jpg,new_whale w_f2c9e07 w_89ca343 w_c0f3e88 w_8dddd45
40c89f54.jpg,new_whale w_06972d2 w_9875c12 w_c8d20aa w_17e8554
40cb7565.jpg,new_whale w_1eafe46 w_be4d5b8 w_877e56e w_3b5403b
40ced212.jpg,new_whale w_d428980 w_cd88a48 w_c027e4e w_0f96780
40d7001d.jpg,new_whale w_0b0d88d w_73b26b7 w_7b035cc w_3b0894d
40db0642.jpg,new_whale w_87cb6bd w_7028d77 w_0466071 w_35063ed
40dee206.jpg,new_whale w_0cb6294 w_ddf0c2c w_1d84278 w_ab4cae2
40e2b2fa.jpg,new_whale w_78999a6 w_f81c626 w_06972d2 w_b6886e5
40e30541.jpg,new_whale w_5cef366 w_5021993 w_19212f0 w_23526cb
40e828bf.jpg,new_whale w_d19a884 w_a59905f w_540fd73 w_3674103
40e91a1d.jpg,new_whale w_5ba417d w_735ce7d w_bf38f05 w_f19faeb
40f443c1.jpg,new_whale w_d22af00 w_08d1ccd w_8b5885d w_4b7b80b
40fd1339.jpg,new_whale w_1287fbc w_d9aab0a w_ed69e9c w_503ff17
4104e6d9.jpg,new_whale w_a71aa99 w_88083bc w_20c671c w_5bc7e7f
41053bb2.jpg,new_whale w_ca8bfb4 w_c1b685f w_ad87135 w_55647bd
410679db.jpg,new_whale w_8c1e2e4 w_aef3680 w_38e4aae w_ee17a08
41074c95.jpg,new_whale w_fce6ab2 w_3e25a26 w_403f92f w_2e4fecc
41192293.jpg,new_whale w_acff672 w_1596a47 w_fba3bde w_51969d2
411c897b.jpg,new_whale w_98baff9 w_ab4cae2 w_ebff750 w_e02fe7b
4120bc17.jpg,new_whale w_ac87f37 w_9caed77 w_48a5b86 w_7554f44
413167bd.jpg,new_whale w_65efe4d w_5f8b9b9 w_50db782 w_4225bb3
4133c649.jpg,new_whale w_c241e72 w_70e49bc w_f792125 w_e09e886
4139fa44.jpg,new_whale w_987a36f w_f86488a w_fd1cb9d w_67de30b
413ab823.jpg,new_whale w_19f7a8b w_1596a47 w_853c1f7 w_11adaae
413d40a1.jpg,new_whale w_987a36f w_67de30b w_2fe43c7 w_0a97a25
4146aa4d.jpg,new_whale w_f0bb383 w_fe49bc4 w_f93d780 w_9729e1e
4149ab56.jpg,new_whale w_17e8554 w_fd1cb9d w_d663f4f w_1dff010
4149ad11.jpg,new_whale w_5f6fb4e w_0e4f53c w_6315bc6 w_85cdd9b
41503703.jpg,new_whale w_656afeb w_1596a47 w_651cbb7 w_32a920b
4154d293.jpg,new_whale w_656afeb w_3c0bbac w_9ca943b w_d9adb4f
4156daf1.jpg,new_whale w_8e23e4c w_cd01afb w_243e33e w_9caed77
415921ce.jpg,new_whale w_c00534d w_d3ef4b2 w_fe49bc4 w_015e3cf
415bfcc3.jpg,new_whale w_fea7fe6 w_4a17405 w_4e52a49 w_89d9c03
415c6aa3.jpg,new_whale w_4659acf w_d663f4f w_1a70685 w_b48535f
415e0e8f.jpg,new_whale w_2941dd2 w_98baff9 w_693c9ee w_ab4cae2
41609ec9.jpg,new_whale w_d88328d w_8c1e2e4 w_7c7a78c w_b9ee5ec
416a4c3a.jpg,new_whale w_08ddb50 w_c71bf0e w_46a4137 w_66c1b54
417752ec.jpg,new_whale w_dc4c2ba w_b688397 w_a26a029 w_f7a0fd7
41778c60.jpg,new_whale w_d5ec83f w_dc89c4c w_c9e1cdc w_17ee910
4178508a.jpg,new_whale w_90f74ae w_b70a0c4 w_3197568 w_735d8a4
4179e672.jpg,new_whale w_877e56e w_1eafe46 w_0e737d0 w_9ea2cc3
418024db.jpg,new_whale w_dd393cb w_29eb3b2 w_bd61ca9 w_6b82ccc
41874ee7.jpg,new_whale w_4f248f3 w_5010531 w_4fb3c95 w_a18d0dc
418a06e6.jpg,new_whale w_7b770ec w_78f64d1 w_aeca19c w_243e33e
418e4be5.jpg,new_whale w_c27d036 w_69e1d0a w_7538a4c w_62ca7c8
4194da1f.jpg,new_whale w_660629d w_fd1cb9d w_e156c87 w_badfc4b
419e59e1.jpg,new_whale w_73cbacd w_a1237e3 w_0c6d50d w_ca56bf3
41a1668e.jpg,new_whale w_e430ce0 w_98baff9 w_73cbacd w_eb0a6ed
41a1baf4.jpg,new_whale w_084d01c w_97666c8 w_867c363 w_aa15df6
41a871cf.jpg,new_whale w_a59905f w_fd1cb9d w_2f81b85 w_6202983
41aba708.jpg,new_whale w_49bbc79 w_2a939eb w_11adaae w_44cccf6
41aef483.jpg,new_whale w_4e1f7bd w_42ab867 w_fe87f0a w_f86488a
41b10e26.jpg,new_whale w_0f92544 w_ea96346 w_3bb210a w_2881995
41b28ad7.jpg,new_whale w_ba8c7bc w_7ed0d17 w_b678944 w_daeb296
41b3e3f2.jpg,new_whale w_3197568 w_b96d4e0 w_53549df w_dd5df89
41b741de.jpg,new_whale w_156c0db w_4791b4c w_24a2923 w_dbc392b
41ba8aa5.jpg,new_whale w_8fab53d w_c10ffe9 w_00d8453 w_e685c80
41bcea05.jpg,new_whale w_01687a8 w_4fd48e7 w_64f3545 w_aa16da4
41c23152.jpg,new_whale w_f104523 w_f014da3 w_e45bc18 w_f19faeb
41c2b01b.jpg,new_whale w_97f5054 w_9875c12 w_293b5e4 w_71e6583
41c404a4.jpg,new_whale w_e15442c w_23526cb w_e1f55ad w_31d3999
41c40a8e.jpg,new_whale w_7db10cc w_0dac526 w_eb7c39f w_38f39ed
41ce07a0.jpg,new_whale w_790c2aa w_b074cdf w_6df35bf w_ac851eb
41d054a9.jpg,new_whale w_8cd7651 w_b3e6069 w_f546b0a w_5cef366
41d3f4c3.jpg,new_whale w_8397970 w_1e45a47 w_afef556 w_21e178f
41e30a15.jpg,new_whale w_fd1cb9d w_2cb8996 w_2a9727c w_93d42a1
41e643be.jpg,new_whale w_422420c w_9a1d8e7 w_3a47dba w_c00534d
41e67d5d.jpg,new_whale w_02bb4cf w_d88328d w_eb47189 w_4e52a49
41e6c5fa.jpg,new_whale w_7e8b270 w_dbda0d6 w_551f5ca w_f19faeb
41e6e9a5.jpg,new_whale w_1c69443 w_3061bdd w_acff672 w_1596a47
41f099fe.jpg,new_whale w_0b04c08 w_6c23fcc w_1431f4b w_c00534d
41f6044b.jpg,new_whale w_d434526 w_0de84f0 w_dbda0d6 w_50729c4
41f64f78.jpg,new_whale w_ed69e9c w_503ff17 w_4b18498 w_87e00c8
41f949b6.jpg,new_whale w_4fb3c95 w_fdc8bf6 w_2730966 w_03a2ed7
41facfd0.jpg,new_whale w_3ca387d w_21e178f w_eb0a6ed w_6232813
41fec496.jpg,new_whale w_8c1dab2 w_242a05d w_d2f081f w_64d8a6d
42031b49.jpg,new_whale w_39043c9 w_013bbcf w_a524549 w_3dd89d0
420a4dae.jpg,new_whale w_02bb4cf w_0beef28 w_4e52a49 w_34c4927
42166c4b.jpg,new_whale w_76d2cce w_52a081c w_cae7677 w_35063ed
42234237.jpg,new_whale w_02c9470 w_14964c1 w_0f92544 w_3e6a161
4229d5fd.jpg,new_whale w_a17d153 w_0f89e72 w_3f91e04 w_2d99a0c
422e0509.jpg,new_whale w_29fc831 w_3694c7d w_0ac6a0a w_9cb529f
422f6b22.jpg,new_whale w_f790728 w_fd1cb9d w_8d46cef w_2dcbf82
423346d6.jpg,new_whale w_eb0a6ed w_fea7fe6 w_444a844 w_2e872af
42366010.jpg,new_whale w_c2c4f43 w_b0e05b1 w_1a229eb w_721d2e9
423694c5.jpg,new_whale w_dc89c4c w_c0d494d w_97f5054 w_abe383e
423741c3.jpg,new_whale w_41ed8e8 w_d663f4f w_7049d9f w_4659acf
423a7c6f.jpg,new_whale w_4659acf w_20eb13c w_44f0fa2 w_38158d6
4244e0d4.jpg,new_whale w_94e1ed4 w_0e737d0 w_bb2d34d w_7276f4b
42464eb7.jpg,new_whale w_62f299e w_0f96780 w_8d46cef w_3411b9f
424fdf7c.jpg,new_whale w_33973bf w_dfbfe10 w_d5ec83f w_bb2d34d
42565d89.jpg,new_whale w_62ca7c8 w_0a97a25 w_4cff2f8 w_693c9ee
4257149e.jpg,new_whale w_1af5d59 w_861cc1c w_8397970 w_7ae398c
425c27ab.jpg,new_whale w_693c9ee w_62ca7c8 w_9cb529f w_c708776
426261b0.jpg,new_whale w_89d9c03 w_e3c119c w_abe383e w_fbcb6e4
42645713.jpg,new_whale w_4ebeafb w_6c803bf w_6de53d1 w_7538a4c
426665af.jpg,new_whale w_88e679c w_778ee6e w_9ca943b w_d25a717
426abd56.jpg,new_whale w_6c803bf w_b05c57f w_3d0bc7a w_c9e1cdc
4276072e.jpg,new_whale w_b6ed5d2 w_87e8446 w_f115d53 w_64433af
427cc264.jpg,new_whale w_f18df18 w_0475042 w_43340c5 w_2d99a0c
427d6664.jpg,new_whale w_32a920b w_ab9fa59 w_ef2f0f0 w_54c00ad
4280f72a.jpg,new_whale w_7c7a78c w_a0838d1 w_853c1f7 w_8fab53d
42818f77.jpg,new_whale w_98baff9 w_c0d494d w_db2baec w_efebfe8
429ef3f1.jpg,new_whale w_b5383b5 w_b96d4e0 w_37dd956 w_f02bf23
42ae2342.jpg,new_whale w_530f87b w_43be268 w_aa16da4 w_896d91c
42ae50d8.jpg,new_whale w_17d5eb9 w_dfbfe10 w_d9fdd15 w_62c3998
42b08fcd.jpg,new_whale w_7b5a630 w_3d66298 w_fe49bc4 w_cce912e
42b2b936.jpg,new_whale w_8d46cef w_67de30b w_6710cf8 w_1310342
42b3e3da.jpg,new_whale w_b08520c w_eb47189 w_3d9fb6c w_218b25e
42b8a87b.jpg,new_whale w_a3cd405 w_2658649 w_53ed912 w_efaada7
42bd4c60.jpg,new_whale w_4f248f3 w_97f5054 w_fe49bc4 w_6202983
42bda7a1.jpg,new_whale w_d19a884 w_0e737d0 w_8c1dab2 w_afe953f
42bf6154.jpg,new_whale w_009dc00 w_697c72e w_179ffe3 w_87e8446
42c36d41.jpg,new_whale w_788b689 w_693c9ee w_ab4cae2 w_4e68ddc
42c50637.jpg,new_whale w_cae7677 w_108eb8b w_52a081c w_f6fb689
42cd8d67.jpg,new_whale w_41ed8e8 w_9b401eb w_e73d83c w_17ee910
42d410b1.jpg,new_whale w_b604c18 w_eff7e35 w_8a7b9c8 w_0f92544
42d464be.jpg,new_whale w_5ba417d w_db5cc79 w_2dc2ef2 w_a646643
42d57727.jpg,new_whale w_8397970 w_89154d2 w_c39c56e w_cfe35d4
42df214c.jpg,new_whale w_73e5530 w_18eee6e w_987a36f w_e0f1df1
42e5fc35.jpg,new_whale w_5b5a85d w_60759c2 w_ef67a6c w_60eba40
42e7d8e6.jpg,new_whale w_7b770ec w_f83b1f9 w_5cef366 w_771374c
42e8dc67.jpg,new_whale w_98baff9 w_3674103 w_d22af00 w_b688397
42eff3c0.jpg,new_whale w_540fd73 w_c00534d w_045d9fc w_7e8b270
42f18f93.jpg,new_whale w_2850471 w_17a3581 w_35453e0 w_9ca943b
42f6ab5b.jpg,new_whale w_80618a3 w_89e159a w_b33e728 w_8c1e2e4
42f8fda6.jpg,new_whale w_b80a9c5 w_7e5cc5e w_813c5be w_6e8486d
42fc05a6.jpg,new_whale w_98baff9 w_8a2e496 w_b6efe77 w_b0e05b1
42fca740.jpg,new_whale w_009dc00 w_759b647 w_214c09a w_488cdd8
42fcd9ef.jpg,new_whale w_def505e w_7a8ce5a w_eaeb1f0 w_d663f4f
42fd0049.jpg,new_whale w_7b5d0f0 w_43be268 w_78f2e92 w_ee17a08
430753c0.jpg,new_whale w_62f299e w_fba3bde w_7538a4c w_b6c4efa
430d2b37.jpg,new_whale w_d89b29e w_1ac4c38 w_8103039 w_c94f464
4313c71b.jpg,new_whale w_fa32440 w_381c6aa w_6ec850b w_7763134
431c14a5.jpg,new_whale w_3572b44 w_eff7e35 w_4b95330 w_0f92544
431e285c.jpg,new_whale w_2669d75 w_66c1b54 w_1ac4c38 w_449e238
431f7aa2.jpg,new_whale w_e64c9a6 w_73d5489 w_5f82501 w_7028d77
432e7861.jpg,new_whale w_7437489 w_7b1eaa6 w_5444df0 w_78f2e92
43317cb0.jpg,new_whale w_c1b685f w_e64c9a6 w_59db39b w_73d5489
43348189.jpg,new_whale w_655efb0 w_e594616 w_6d05f7f w_9562910
43376987.jpg,new_whale w_3bc8a47 w_9875c12 w_4dceacc w_79d4855
4339198d.jpg,new_whale w_c39fceb w_ddf14ae w_7c7a78c w_96c6151
433e87b8.jpg,new_whale w_64f3545 w_29fc831 w_6af9dd7 w_813c5be
43416414.jpg,new_whale w_a7202e1 w_e17b0f1 w_7554f44 w_dbda0d6
43427188.jpg,new_whale w_a21cc97 w_1eafe46 w_9ca943b w_a837660
434745e6.jpg,new_whale w_bc9dc37 w_0ebd514 w_fc433f7 w_a59905f
43476a3e.jpg,new_whale w_886257d w_e73c666 w_77e1d3f w_43966a3
434d2438.jpg,new_whale w_395d578 w_96c6151 w_b5d8846 w_aa64cc1
434dcad3.jpg,new_whale w_7d7d108 w_7af28d7 w_1904e8c w_bd1dbed
434dfd1a.jpg,new_whale w_bdd0576 w_a01d903 w_99ad599 w_4be8a3e
43547421.jpg,new_whale w_bf8c3d2 w_7bda16b w_20eb13c w_12f2352
43547cf4.jpg,new_whale w_17ee910 w_b6689cc w_b942708 w_c5d7c03
436083bc.jpg,new_whale w_bb2d34d w_97f5054 w_b8dff40 w_a335e80
4361e154.jpg,new_whale w_3c0bbac w_d3ef4b2 w_2fe43c7 w_9ca943b
43654cc9.jpg,new_whale w_1dff010 w_b6ed5d2 w_8d83172 w_11adaae
436822ed.jpg,new_whale w_d89b29e w_4855bd3 w_41afa58 w_dfec7a3
436f533f.jpg,new_whale w_a837660 w_71764b4 w_b4732ef w_94cd45e
43735e8d.jpg,new_whale w_70715c1 w_23526cb w_6df35bf w_fd218ba
43740a3a.jpg,new_whale w_8044362 w_693c9ee w_4b7b80b w_2ac83b0
43771df5.jpg,new_whale w_c22307d w_3694c7d w_2d29ddd w_0c6dbbe
4378186a.jpg,new_whale w_2dc2ef2 w_5dc1c2d w_2d1eb90 w_4953ce7
43782183.jpg,new_whale w_7c979d9 w_39d2684 w_ade77e6 w_06dbe6b
437af947.jpg,new_whale w_693c9ee w_b6886e5 w_8c1e2e4 w_4c9d3df
4381995b.jpg,new_whale w_601b6d4 w_0b04c08 w_b074cdf w_d0157fd
4384479b.jpg,new_whale w_ee94c57 w_8d5ede1 w_1ecfe96 w_fd3ce71
43880d5d.jpg,new_whale w_70715c1 w_528e753 w_395d578 w_56ddb00
438c7fbf.jpg,new_whale w_2fe43c7 w_d9adb4f w_53951e6 w_1eafe46
438eb644.jpg,new_whale w_fd1cb9d w_a13ada3 w_532fb22 w_89e159a
4398a83f.jpg,new_whale w_1287fbc w_8867074 w_fba3bde w_9b401eb
439c8ba3.jpg,new_whale w_6549107 w_3cf3853 w_75f217b w_b6886e5
439f5058.jpg,new_whale w_68b47a1 w_3d1c2ef w_5126776 w_6badfcf
439f74c2.jpg,new_whale w_64f3545 w_9e1e278 w_813c5be w_0ee4d6d
43a7d0ee.jpg,new_whale w_886257d w_b081817 w_18a1bf2 w_cc759cd
43a96e52.jpg,new_whale w_f8e6546 w_c0d494d w_73c9ba2 w_5919cf7
43af52c8.jpg,new_whale w_83e0203 w_4b95330 w_96c6151 w_ce9b95e
43b4000a.jpg,new_whale w_b0e05b1 w_8ba2066 w_7554f44 w_15d7ecf
43b87a26.jpg,new_whale w_9c5ed68 w_d09e61a w_badfc4b w_23b01a6
43b9fc3f.jpg,new_whale w_da6d50b w_218b25e w_9c5ed68 w_2d29ddd
43c3b3e2.jpg,new_whale w_fbcb6e4 w_cd88a48 w_861cc1c w_02fce90
43c4ffba.jpg,new_whale w_8a31e6c w_143b201 w_eb39613 w_53ef628
43c5c3bb.jpg,new_whale w_2811cea w_62f804d w_2863d51 w_9a94e29
43ca5115.jpg,new_whale w_af890ad w_1e75406 w_6c23fcc w_9947243
43cad4ea.jpg,new_whale w_80d95d6 w_102ab59 w_29670e2 w_f1a4389
43d4c3e4.jpg,new_whale w_6badfcf w_dba0cd8 w_0fa8587 w_0c45f5e
43da71d4.jpg,new_whale w_fec1fb5 w_9c5ed68 w_c11932e w_d19a884
43db4d98.jpg,new_whale w_d19a884 w_5b99089 w_ff1b64c w_3197568
43e53b8f.jpg,new_whale w_c0d494d w_ace8c54 w_1000f90 w_fccb97a
43ed7b5c.jpg,new_whale w_778ee6e w_9ca943b w_a59905f w_bb2d34d
43ef9eb8.jpg,new_whale w_b721e96 w_7311fe4 w_e09e886 w_f51b4bc
43f79089.jpg,new_whale w_85cdd9b w_1638016 w_fae3939 w_ba63af5
43f85bb5.jpg,new_whale w_b2e1722 w_fba3bde w_9ec358c w_79b12d8
43fffec1.jpg,new_whale w_403f92f w_414c24a w_fae3939 w_0de84f0
44023ae4.jpg,new_whale w_4e52a49 w_eb47189 w_29fc831 w_ae07541
4410222a.jpg,new_whale w_b074cdf w_44f1d84 w_dbda0d6 w_98baff9
44129bd7.jpg,new_whale w_9434f0c w_56f2b1e w_9c5ed68 w_2d963bb
441829d8.jpg,new_whale w_56bbc91 w_17ee910 w_dcb1f2a w_95874a5
4422a87d.jpg,new_whale w_3f91e04 w_0c6d50d w_e59294d w_2d99a0c
4425e450.jpg,new_whale w_83df8d5 w_cd04e1c w_97f5054 w_9205d40
442604e3.jpg,new_whale w_9dc4181 w_eb0a6ed w_2dc2ef2 w_1e7bb93
4426cf07.jpg,new_whale w_dbc392b w_4fd48e7 w_b1c44fe w_fb2c3fb
4426eb71.jpg,new_whale w_a4678de w_80d95d6 w_a31900f w_2111212
4435cf9f.jpg,new_whale w_6e7262e w_97666c8 w_e54feba w_bc9dc37
443d2976.jpg,new_whale w_1489751 w_f4d89bb w_2a04ceb w_f18df18
443e1a1b.jpg,new_whale w_fd6e8d2 w_56ddb00 w_b0a5c8d w_a1237e3
4442e508.jpg,new_whale w_23e5a4c w_23526cb w_6b45921 w_7311fe4
4443b801.jpg,new_whale w_a3dbc8f w_71c7322 w_8a98ddb w_fd07344
4444724d.jpg,new_whale w_b9cfdfe w_3aa2073 w_7f4a1f1 w_1da7080
44535121.jpg,new_whale w_7cca153 w_fc622c0 w_7234b3d w_329e594
4456d36f.jpg,new_whale w_1272a31 w_b9e00eb w_eb39613 w_f283381
4456ec77.jpg,new_whale w_7e8b270 w_fe6617a w_3fc3d07 w_7763134
44599255.jpg,new_whale w_945aefe w_e158680 w_8bde95b w_6ddff9b
445c6a08.jpg,new_whale w_2739d94 w_d5ec83f w_1ecfe96 w_c9e1cdc
4460e180.jpg,new_whale w_aed023d w_32a920b w_9122179 w_2d99a0c
44654c25.jpg,new_whale w_42f935c w_6202983 w_eb0a6ed w_883b284
4466dd50.jpg,new_whale w_edf5f77 w_ae07541 w_9db9ef5 w_0378699
446a0eba.jpg,new_whale w_8cc9b05 w_09f9fd3 w_ca0ec7c w_6232813
44737b61.jpg,new_whale w_d9aab0a w_ffa7427 w_a913945 w_222dcb7
44753e59.jpg,new_whale w_ceffa10 w_9ca943b w_4408e45 w_2832e90
4478629c.jpg,new_whale w_9b3ed01 w_2b930da w_53859b2 w_6badfcf
4479f55f.jpg,new_whale w_e61dd6d w_b6886e5 w_6361632 w_1ecfe96
447dea95.jpg,new_whale w_9b401eb w_ba39446 w_aed023d w_13c6b6b
44841d2e.jpg,new_whale w_43be268 w_b7d5069 w_9875c12 w_6ee7470
44855cc3.jpg,new_whale w_6e8486d w_552a16e w_ea2385d w_c690728
44869ed6.jpg,new_whale w_9875c12 w_4855bd3 w_d663f4f w_fe49bc4
4486f126.jpg,new_whale w_11f6df1 w_76599c3 w_625a6a9 w_0a97a25
4488d534.jpg,new_whale w_3d66298 w_64f3545 w_fd1cb9d w_aae82f8
448ed0c0.jpg,new_whale w_6202983 w_65943d6 w_fd1cb9d w_3d4900b
448f5c89.jpg,new_whale w_3aa2073 w_ef99fe9 w_987a36f w_2e42cc0
44a38da7.jpg,new_whale w_817f022 w_6f580eb w_db3621e w_f18df18
44a7718f.jpg,new_whale w_7049d9f w_b7d5069 w_a59905f w_2850471
44a81ad4.jpg,new_whale w_8867074 w_bbd9409 w_540fd73 w_43be268
44ab3baf.jpg,new_whale w_fd1cb9d w_9771603 w_02fce90 w_8c1dab2
44b095c6.jpg,new_whale w_f183341 w_8c1ec28 w_2018f6c w_2870b33
44b5e2cc.jpg,new_whale w_87050a3 w_dfbfe10 w_43be268 w_43b50e5
44b8ff08.jpg,new_whale w_b29214f w_338d945 w_1ecfe96 w_87c4190
44ba611f.jpg,new_whale w_fea7fe6 w_8c1ec28 w_b96d4e0 w_ab4cae2
44bc1fe0.jpg,new_whale w_f8e6546 w_883b284 w_d663f4f w_2725793
44ceb2b9.jpg,new_whale w_1596a47 w_685466f w_32a920b w_309a2b3
44d2450c.jpg,new_whale w_3f907d6 w_511c464 w_06972d2 w_361e290
44d3cc62.jpg,new_whale w_0d85e59 w_19ca2c6 w_fe36b07 w_2952678
44daedba.jpg,new_whale w_7875b79 w_bc76fde w_1a4f16e w_41fa033
44e50e17.jpg,new_whale w_ba8c7bc w_e02fe7b w_0e737d0 w_b38374a
44e5901e.jpg,new_whale w_affc813 w_06972d2 w_a524549 w_5010531
44e62de1.jpg,new_whale w_b0e05b1 w_b074cdf w_8ba2066 w_98baff9
44e709d5.jpg,new_whale w_1dc66b7 w_acff672 w_a8e5d39 w_f0612be
44e9872e.jpg,new_whale w_82c9c67 w_674e03b w_3feb2df w_4bf5cf7
44ec4363.jpg,new_whale w_65ec378 w_dd5df89 w_3197568 w_8044362
44edd765.jpg,new_whale w_505a141 w_1a70685 w_cf24f84 w_6865ccb
44f1d1ba.jpg,new_whale w_ab1c859 w_5f82501 w_c0a4c9d w_b7a832a
44f8eaaf.jpg,new_whale w_96c6151 w_b6301f8 w_0f92544 w_349fcbc
450036df.jpg,new_whale w_0beef28 w_7c7a78c w_10ace22 w_fe49bc4
45013c82.jpg,new_whale w_d6856ab w_6598219 w_6710cf8 w_8d83172
4501b52e.jpg,new_whale w_7dee51b w_d52bc74 w_02a768d w_93bf889
4505e616.jpg,new_whale w_96fd936 w_e826a6f w_3e1ccc9 w_77e1d3f
4507a060.jpg,new_whale w_74de378 w_f60c7e8 w_92585eb w_530f87b
4509275f.jpg,new_whale w_5a2075e w_0e10dbe w_6635a97 w_89e159a
450cc8da.jpg,new_whale w_3411b9f w_718ce15 w_8201aa8 w_fd1cb9d
4512387c.jpg,new_whale w_49bbc79 w_b29214f w_33973bf w_62c3998
4513930c.jpg,new_whale w_eb47189 w_0d39a68 w_6132293 w_655efb0
4516ed98.jpg,new_whale w_3dd210a w_e5893cb w_05396d8 w_4da05cc
451a572f.jpg,new_whale w_1957ab8 w_2b939eb w_ac851eb w_cef690d
451d2673.jpg,new_whale w_d5ec83f w_9ea2cc3 w_67de30b w_a59905f
451e7edc.jpg,new_whale w_b6d09e6 w_0e737d0 w_a59905f w_9875c12
45204032.jpg,new_whale w_3c4062e w_ab2d17a w_4be8a3e w_143b201
45204323.jpg,new_whale w_e0799da w_ccbc782 w_8fab53d w_1274a11
452479b8.jpg,new_whale w_4f103de w_b678944 w_03dc41c w_9c5ed68
4526c42a.jpg,new_whale w_8e4fa60 w_462a117 w_cf3a12e w_8fac7da
452f3107.jpg,new_whale w_7b5a630 w_c0f3e88 w_43be268 w_40323ac
4530f755.jpg,new_whale w_39d2684 w_ed0c4cc w_fe8233d w_681dba6
4532cb1f.jpg,new_whale w_721d2e9 w_eb0a6ed w_214c09a w_c0d494d
45379c99.jpg,new_whale w_b6886e5 w_ab6db0f w_9875c12 w_77e1d3f
4537f7fa.jpg,new_whale w_d430a78 w_18a854b w_97493dd w_86b9dfd
453a2899.jpg,new_whale w_c9e1cdc w_9b67e87 w_e082823 w_2b28681
453deddb.jpg,new_whale w_2b0028d w_9d83b4d w_7248590 w_f03ca16
45400f57.jpg,new_whale w_facffea w_3d66298 w_6c899ff w_6af9dd7
454d817f.jpg,new_whale w_414c24a w_9c5ed68 w_f44277f w_5fbef36
454f3e33.jpg,new_whale w_9ec358c w_046634b w_40e3ee7 w_5444df0
454fc644.jpg,new_whale w_6249f5d w_8103039 w_7763134 w_20ba84b
45526ed3.jpg,new_whale w_3ce788a w_6e1b161 w_cc8d317 w_6443ad1
4555fa25.jpg,new_whale w_0dac526 w_94e1ed4 w_f2b0e93 w_3db53dc
455b69f3.jpg,new_whale w_5cc2285 w_a2f5cc0 w_a7d4668 w_1948625
455d0e8b.jpg,new_whale w_8f1aa27 w_964ce09 w_acc33ca w_8e25bfa
455db229.jpg,new_whale w_a59905f w_a335e80 w_53064a6 w_b96d4e0
455f0939.jpg,new_whale w_c128384 w_ad1d93b w_5919cf7 w_19e5482
45610882.jpg,new_whale w_6af9dd7 w_02facde w_660195e w_9872479
4563267e.jpg,new_whale w_44cccf6 w_4c9d3df w_da2efe0 w_43be268
45645b1f.jpg,new_whale w_de2c79f w_a14a253 w_d2ab9c4 w_fb2c3fb
4569c33b.jpg,new_whale w_e53334f w_74adf0b w_874cf52 w_eb9ab29
4569e066.jpg,new_whale w_e1f55ad w_136337c w_36a4e8b w_6d17527
456ae942.jpg,new_whale w_656ef35 w_c84551d w_8397970 w_dbda0d6
457234b6.jpg,new_whale w_a25caa9 w_fa473e6 w_fb270f3 w_8044362
4572f84a.jpg,new_whale w_024358d w_f22f3e3 w_8971f1d w_ada188f
457303b9.jpg,new_whale w_853c1f7 w_7c7a78c w_a0838d1 w_6202983
45799dcb.jpg,new_whale w_8936f42 w_9146eae w_4b950da w_861cc1c
458d48e0.jpg,new_whale w_b0a5c8d w_56ddb00 w_2e4fecc w_6166c99
4590762a.jpg,new_whale w_f3bd33a w_3bb210a w_afc7d61 w_7ed3719
4592a47d.jpg,new_whale w_f18df18 w_6361632 w_4e68ddc w_569c2c7
4596e923.jpg,new_whale w_717a293 w_7875b79 w_1287fbc w_f30d2bd
459b65dd.jpg,new_whale w_98baff9 w_721d2e9 w_2dea395 w_0e737d0
45a06c83.jpg,new_whale w_db93738 w_44237e0 w_6202983 w_06dbe6b
45aaecf2.jpg,new_whale w_5a81425 w_44a6b62 w_db2baec w_6232813
45af41ca.jpg,new_whale w_5102893 w_2085f2e w_dab75ca w_3a9ee71
45b56efe.jpg,new_whale w_6202983 w_1eafe46 w_43be268 w_434ad6a
45b7ad7a.jpg,new_whale w_0e40867 w_2832e90 w_0f8b515 w_7ad8bb3
45b9f00f.jpg,new_whale w_d3c8520 w_6f211a9 w_cc3a724 w_c663985
45be5dfe.jpg,new_whale w_b6886e5 w_49bbc79 w_2d99a0c w_22b09d0
45c6bc85.jpg,new_whale w_f86488a w_dbaa2b1 w_f3bd33a w_1a70685
45caf4cb.jpg,new_whale w_8158b1f w_ca8bfb4 w_6232813 w_f932abc
45cccd17.jpg,new_whale w_7f81ba5 w_95b6cc3 w_4e68ddc w_ad8bc47
45cf8756.jpg,new_whale w_71bfc77 w_53859b2 w_b9417ee w_d02787f
45de34cb.jpg,new_whale w_be3c0f5 w_be4d5b8 w_1eafe46 w_aa16da4
45e44bb5.jpg,new_whale w_4cff2f8 w_4b7b80b w_1eafe46 w_98baff9
45e806dc.jpg,new_whale w_19f7a8b w_1596a47 w_853c1f7 w_11adaae
45e8ca42.jpg,new_whale w_a7d4668 w_8c1ec28 w_57c8da9 w_c9e1cdc
45e9da9e.jpg,new_whale w_f7bf28d w_ee94c57 w_9a8684f w_67fecca
45eab0f2.jpg,new_whale w_e55a554 w_0988bbb w_693c9ee w_1d17e8c
45ec893c.jpg,new_whale w_b618751 w_3d0bc7a w_96b697f w_e2e56e9
45f8d4cf.jpg,new_whale w_2071a4c w_f83b1f9 w_989fbbb w_c0d494d
45f94825.jpg,new_whale w_8c1ec28 w_0e737d0 w_a29719a w_ddf0c2c
45f9b1f7.jpg,new_whale w_cd01afb w_8cb7c5e w_cae7677 w_9875c12
45fa33d7.jpg,new_whale w_b074cdf w_4b7b80b w_0626e4d w_cb38960
460029de.jpg,new_whale w_4e52a49 w_361e290 w_43be268 w_f438375
4600ffd3.jpg,new_whale w_8ba2066 w_1a229eb w_4d98ef7 w_0e737d0
4602fb4b.jpg,new_whale w_5ba417d w_23e5a4c w_015c991 w_0a565c5
4603575c.jpg,new_whale w_78f64d1 w_243e33e w_ff1b64c w_392bee3
460bee1e.jpg,new_whale w_1948625 w_43be268 w_fd1cb9d w_f81c626
460e3c80.jpg,new_whale w_7554f44 w_db474c7 w_e826a6f w_43be268
460ee685.jpg,new_whale w_e6ec8ee w_770eb84 w_d141590 w_83714b7
460f626e.jpg,new_whale w_21e178f w_3de676c w_6361632 w_0d39a68
4612218b.jpg,new_whale w_735ce7d w_7e728d8 w_19dc50f w_1652da1
461420bd.jpg,new_whale w_e0818df w_540fd73 w_03a2ed7 w_e0f6444
4614494b.jpg,new_whale w_813c5be w_7c18f3c w_e964ae8 w_12cdfbd
46161d93.jpg,new_whale w_2a04ceb w_c0d494d w_b0e05b1 w_5f50b5e
4623645c.jpg,new_whale w_bb2d34d w_97f5054 w_17ee910 w_d5ec83f
4625141c.jpg,new_whale w_4c9d3df w_3fe1eb9 w_0b0d88d w_3166a4d
46260685.jpg,new_whale w_6ab7b53 w_219e33c w_29eb3b2 w_797e546
462b58d8.jpg,new_whale w_3aa2073 w_ddf14ae w_2e42cc0 w_ef99fe9
462b8947.jpg,new_whale w_78a4639 w_0a97a25 w_71f6bc5 w_6a7478d
4637f111.jpg,new_whale w_7554f44 w_4e68ddc w_ff7630a w_48dd419
46397c41.jpg,new_whale w_d915632 w_5f0a14c w_78999a6 w_6c803bf
4649470f.jpg,new_whale w_c10ffe9 w_8fab53d w_654a5bb w_693c9ee
46508563.jpg,new_whale w_1eafe46 w_67de30b w_f7bf28d w_3172910
46535d2d.jpg,new_whale w_17ee910 w_d5f0261 w_dff77b6 w_b942708
46567b55.jpg,new_whale w_b5d8846 w_2c19c4a w_395d578 w_7914111
4669ae79.jpg,new_whale w_19ca2c6 w_7554f44 w_98baff9 w_ba17206
466d6f71.jpg,new_whale w_20c671c w_6734e40 w_94da90b w_f3db3f1
46768514.jpg,new_whale w_c0d494d w_eb39613 w_f8e6546 w_5b99089
4677c68f.jpg,new_whale w_3f90907 w_12f2352 w_6132293 w_87e00c8
467921e6.jpg,new_whale w_23e5a4c w_4bf5a06 w_0793503 w_5ba417d
46840219.jpg,new_whale w_b9e00eb w_44a6b62 w_8ba2066 w_578a509
468664aa.jpg,new_whale w_e3c0ae5 w_b6a95e0 w_41a79d7 w_d19a884
4687f0a0.jpg,new_whale w_05b2ddd w_bb2d34d w_0f00e71 w_95874a5
4688f397.jpg,new_whale w_98baff9 w_8a66718 w_0e737d0 w_9e22ded
4690dd58.jpg,new_whale w_4057481 w_f663b5e w_9e1e818 w_84f9c41
469459bf.jpg,new_whale w_77e1d3f w_95874a5 w_59eb8ae w_40323ac
46a4eb91.jpg,new_whale w_3d66298 w_813c5be w_80245ee w_2832e90
46a59973.jpg,new_whale w_41901e5 w_b3e6069 w_9412d1b w_2111212
46a63837.jpg,new_whale w_fe49bc4 w_d9adb4f w_c00534d w_fdc8bf6
46a85627.jpg,new_whale w_03c84ef w_fd1cb9d w_01cbcbf w_6c803bf
46acadb4.jpg,new_whale w_68a3df0 w_5b99089 w_c0d494d w_d708c5a
46aecdcc.jpg,new_whale w_8867074 w_3745f59 w_71e6583 w_516bedb
46af647b.jpg,new_whale w_002dc11 w_ddbf533 w_1ec267f w_03b5e9a
46af91da.jpg,new_whale w_2d2d7fe w_8f3cb68 w_41da937 w_5d86f98
46b1b846.jpg,new_whale w_1a5e7a2 w_97f5054 w_5d96ba4 w_95874a5
46b77243.jpg,new_whale w_b0e05b1 w_4e52a49 w_c053b99 w_b7d5069
46b7ea37.jpg,new_whale w_7de72c5 w_490b224 w_e53334f w_4a3032d
46ba4806.jpg,new_whale w_2d29ddd w_17136dc w_4fdaa2a w_7c7a78c
46c21ac4.jpg,new_whale w_a59905f w_18eee6e w_90f5d3b w_1eafe46
46c4818b.jpg,new_whale w_142402e w_ab4cae2 w_11b993a w_8ecd3a7
46c887cf.jpg,new_whale w_d2e1f2a w_eb39613 w_f8e6546 w_5ba417d
46d1c973.jpg,new_whale w_2d2d7fe w_0faef4d w_f2b0e93 w_54c00ad
46d49d9a.jpg,new_whale w_778ee6e w_43966a3 w_c027e4e w_0d0bc48
46d61825.jpg,new_whale w_f478955 w_2039053 w_62f804d w_89e159a
46d82231.jpg,new_whale w_cd70e8b w_1596a47 w_ccca0db w_97666c8
46da7531.jpg,new_whale w_f3db3f1 w_d430a78 w_f0a2e40 w_ab2d17a
46dcf720.jpg,new_whale w_4b7b80b w_1eafe46 w_b074cdf w_98baff9
46df59fe.jpg,new_whale w_f8e6546 w_a1e017f w_b0e05b1 w_ad87135
46e27bcc.jpg,new_whale w_0378699 w_305ed07 w_5c59d12 w_7cd711c
46eba5ea.jpg,new_whale w_662a132 w_0475042 w_987a36f w_511c464
46ebe2d8.jpg,new_whale w_6d4dedc w_1eafe46 w_3745f59 w_9ca943b
46ec1201.jpg,new_whale w_d382236 w_f208155 w_9d0e84a w_80245ee
46ecfcb1.jpg,new_whale w_6926f08 w_8fab53d w_7852bd1 w_ca0ec7c
46f4b247.jpg,new_whale w_f22f3e3 w_70715c1 w_c068ed3 w_f03ca16
46f538ff.jpg,new_whale w_222dcb7 w_b3655a6 w_9b67e87 w_95874a5
46fe1c68.jpg,new_whale w_a687e28 w_5ffa454 w_ba53619 w_e62b5d8
47009998.jpg,new_whale w_3c8eab1 w_9ceb05d w_71764b4 w_d51a79f
4703d128.jpg,new_whale w_db93738 w_44cb3ee w_1ec0481 w_6d4dedc
470ed2de.jpg,new_whale w_34c4927 w_49bbc79 w_2d99a0c w_987a36f
471870b8.jpg,new_whale w_3d0bc7a w_95874a5 w_e80641a w_c9e1cdc
4722c9ec.jpg,new_whale w_4659acf w_2fe43c7 w_e0e5c9e w_e74980b
4723946c.jpg,new_whale w_898bb9a w_47148ca w_56f2b1e w_f014da3
47280694.jpg,new_whale w_ca6a771 w_62ca7c8 w_f7a0fd7 w_6be343c
4728b800.jpg,new_whale w_823fcbb w_a1237e3 w_4fd48e7 w_0bbb3de
472a84ba.jpg,new_whale w_0654dd9 w_ed117b3 w_4bf5cf7 w_97da401
472aa15e.jpg,new_whale w_1eafe46 w_e02fe7b w_9ca943b w_c3d523d
472b743a.jpg,new_whale w_38bcd3e w_e42c624 w_ed5a7c6 w_3881300
472e6da9.jpg,new_whale w_02c9470 w_3e6a161 w_b2f1afa w_b081817
473291a3.jpg,new_whale w_f3bd33a w_423e872 w_ee9c4d7 w_17370ba
4740b9da.jpg,new_whale w_231a0c8 w_ff7630a w_1f00cb7 w_83df8d5
474f4d53.jpg,new_whale w_adb041c w_3e1bdd0 w_164cfff w_9c5ed68
47551a01.jpg,new_whale w_7c7a78c w_a3cd405 w_67de30b w_0beef28
4755fc5f.jpg,new_whale w_c95a0ea w_d2be6cc w_24fda6e w_62ca7c8
47573afa.jpg,new_whale w_2b939eb w_73d5489 w_8ba2066 w_8c3db0a
47576190.jpg,new_whale w_a33e1c3 w_8cd7651 w_25067c8 w_676ddb0
476ab04f.jpg,new_whale w_ab4cae2 w_cae7677 w_24a2923 w_b9e00eb
476c07d5.jpg,new_whale w_ddbf533 w_f86488a w_419226b w_8643ba3
476e994c.jpg,new_whale w_7311fe4 w_993d66c w_ca8bfb4 w_7763134
4772b117.jpg,new_whale w_53859b2 w_71bfc77 w_beab972 w_3e26a99
47731f57.jpg,new_whale w_6c803bf w_dfbfe10 w_80211fd w_2bea4c4
4773865f.jpg,new_whale w_bb2d34d w_4855bd3 w_a335e80 w_f81c626
47758c92.jpg,new_whale w_90f74ae w_fdcfcea w_8b1d546 w_fbce8b4
4778979f.jpg,new_whale w_4f28a45 w_80c5f01 w_18eee6e w_084d01c
477e5830.jpg,new_whale w_18eee6e w_43be268 w_66c1b54 w_6202983
477f217a.jpg,new_whale w_23d3b1c w_3e6a161 w_14964c1 w_ec853f1
47831f19.jpg,new_whale w_309a2b3 w_fd1cb9d w_c30959a w_20eb13c
4787ff26.jpg,new_whale w_3694c7d w_f78c287 w_00cb685 w_7dee51b
478940e7.jpg,new_whale w_33b9360 w_dbaa2b1 w_5624f08 w_11adaae
478c9010.jpg,new_whale w_2c3f440 w_75780a0 w_0e737d0 w_98baff9
4792f3f9.jpg,new_whale w_90f74ae w_2e4fecc w_3f2a05c w_19ca2c6
4799d6d7.jpg,new_whale w_a24f581 w_b7d5069 w_05567a9 w_d663f4f
479efec3.jpg,new_whale w_86b3de4 w_6ec850b w_7763134 w_fa32440
479fdf39.jpg,new_whale w_9b6b87d w_58bca3c w_cae7677 w_886257d
47aa9bf3.jpg,new_whale w_fb8ca1e w_0da6f67 w_fba3bde w_f803b29
47ab74d1.jpg,new_whale w_5b99089 w_c0d494d w_efbb71a w_85f9040
47b70be1.jpg,new_whale w_f70bf4d w_2832e90 w_89e159a w_3026ce2
47bb2249.jpg,new_whale w_5b2bb99 w_8867074 w_ffa7427 w_41ed8e8
47bc5a0d.jpg,new_whale w_ace8c54 w_a524549 w_1d53d9c w_5c07f42
47bf4a72.jpg,new_whale w_4f51037 w_08ddb50 w_edcb241 w_dcb1f2a
47c1bd6b.jpg,new_whale w_6e47e0e w_eb47189 w_9d0e84a w_80245ee
47c1c474.jpg,new_whale w_aae82f8 w_38e4aae w_8bc853a w_8c1e2e4
47c305ba.jpg,new_whale w_2d99a0c w_1dff010 w_f8e6546 w_fd1cb9d
47c675e8.jpg,new_whale w_02facde w_47d2bc6 w_e826a6f w_7234b3d
47c7ac29.jpg,new_whale w_53baa9b w_fd07344 w_11f6df1 w_625a6a9
47cb6990.jpg,new_whale w_941581c w_e5250e9 w_0de84f0 w_c7efb86
47cd05b9.jpg,new_whale w_01f8a43 w_f183341 w_434ad6a w_8c1ec28
47cd0f07.jpg,new_whale w_3320e76 w_80171b9 w_80d95d6 w_feab6f3
47d3015d.jpg,new_whale w_38bcd3e w_5c23454 w_a1e017f w_8044362
47e5d22f.jpg,new_whale w_8c1ec28 w_861cc1c w_e826a6f w_3549f7a
47e5dfb0.jpg,new_whale w_63d1ea6 w_fe6617a w_da6d50b w_39b22d9
47e7711e.jpg,new_whale w_41ed8e8 w_813c5be w_f4e0748 w_fbcb6e4
47e92dd5.jpg,new_whale w_fe49bc4 w_fba3bde w_bc9dc37 w_b96d4e0
47ed6c15.jpg,new_whale w_ef89416 w_434ad6a w_d9055d1 w_8325a79
47f19462.jpg,new_whale w_a25caa9 w_3d3c0f9 w_70b9e55 w_fdc8bf6
47f6a01b.jpg,new_whale w_86b3f04 w_4b95330 w_eb0a6ed w_a93c8f9
47f786e3.jpg,new_whale w_bccfcc1 w_681dba6 w_f3b63ba w_39d2684
481a1742.jpg,new_whale w_272259b w_c027e4e w_3d66298 w_53064a6
481acce3.jpg,new_whale w_fbcb6e4 w_3694c7d w_813c5be w_7c7a78c
481e8c3a.jpg,new_whale w_e156c87 w_38e4aae w_3411b9f w_fd1cb9d
48286c89.jpg,new_whale w_4bd8388 w_fe2aa66 w_7faebe3 w_2663598
482ba812.jpg,new_whale w_18eee6e w_21e178f w_9ea2cc3 w_6c803bf
482eab0c.jpg,new_whale w_2f54c3c w_53ef628 w_ca8bfb4 w_98baff9
483a435c.jpg,new_whale w_d3ce445 w_6202983 w_b074cdf w_3ae3603
483e32d9.jpg,new_whale w_4a78bf2 w_97f5054 w_932c8cd w_67de30b
484b192e.jpg,new_whale w_5b5a85d w_60759c2 w_ef67a6c w_60eba40
48522dd9.jpg,new_whale w_9434f0c w_156c0db w_b6410bc w_7ed3719
485380f5.jpg,new_whale w_90ec71a w_3d0bc7a w_6c803bf w_c9e1cdc
48563310.jpg,new_whale w_98baff9 w_e15442c w_6cb31c8 w_ca8bfb4
4857d191.jpg,new_whale w_0e9f6d9 w_e34abbe w_56bbc91 w_49bbc79
4857dc0a.jpg,new_whale w_5c23454 w_42f935c w_c0d494d w_654a5bb
4859f573.jpg,new_whale w_540fd73 w_67fecca w_a837660 w_44beff0
485a6dcc.jpg,new_whale w_4ebeafb w_21e178f w_43be268 w_71e6583
48637381.jpg,new_whale w_f6c23d5 w_28ce17c w_0d39a68 w_600faae
48696cc8.jpg,new_whale w_b074cdf w_fce6ab2 w_98baff9 w_f71bac2
486a93f0.jpg,new_whale w_0819271 w_0652d70 w_dbb786d w_b4732ef
486d8d21.jpg,new_whale w_f438375 w_b0e05b1 w_7028d77 w_bb2d34d
486f6880.jpg,new_whale w_2c83e22 w_ccb4adc w_a13ada3 w_4659acf
487814b4.jpg,new_whale w_21a1bdb w_3023ee5 w_40323ac w_de3cab3
487846a8.jpg,new_whale w_bd6e2dd w_6a3210a w_2f6a962 w_4c9d3df
487cfd5b.jpg,new_whale w_a4b6a86 w_87050a3 w_6b851b1 w_41a79d7
488009c3.jpg,new_whale w_c0cfd5b w_72e70e5 w_dbda0d6 w_4fd48e7
4881f701.jpg,new_whale w_8ba2066 w_f478955 w_5a2075e w_fdc8bf6
4883abc5.jpg,new_whale w_71764b4 w_c0d494d w_73b705e w_b96d4e0
488defe6.jpg,new_whale w_df092eb w_7c7a78c w_048f7a9 w_67de30b
4896e25d.jpg,new_whale w_7586198 w_ca8bfb4 w_20548a7 w_db0ad01
489f5540.jpg,new_whale w_c0648b9 w_fd1cb9d w_8fab53d w_b197b5c
48a525a2.jpg,new_whale w_a59905f w_d5ec83f w_414f402 w_4659acf
48a5d15b.jpg,new_whale w_853c1f7 w_075aa6e w_883557a w_18eee6e
48a6f276.jpg,new_whale w_b588283 w_b1f6e70 w_1c2fb13 w_8d46cef
48a79672.jpg,new_whale w_b20763e w_9c5ed68 w_60759c2 w_6232813
48abcca2.jpg,new_whale w_fd07344 w_18eee6e w_6202983 w_d2be6cc
48adc2c5.jpg,new_whale w_b4a223d w_ff94ad6 w_02bb4cf w_8bdc211
48b02f23.jpg,new_whale w_28ce17c w_867c363 w_3b3b9b2 w_9ec358c
48b3534a.jpg,new_whale w_0324b97 w_74de378 w_21e178f w_9122e43
48b6543b.jpg,new_whale w_7427ace w_2f283f3 w_f18df18 w_fbbc8ba
48b7a3c0.jpg,new_whale w_8329cea w_91b7c58 w_1632307 w_e449d3a
48ba02aa.jpg,new_whale w_b6d09e6 w_8d46cef w_54c00ad w_6c803bf
48bb0cda.jpg,new_whale w_c9eb806 w_3dd210a w_f774c8b w_a524549
48c4372c.jpg,new_whale w_ec27074 w_98413c8 w_e02fe7b w_330286e
48c4f531.jpg,new_whale w_6b03eb4 w_7b39dda w_8a816b1 w_6635a97
48c6d0f4.jpg,new_whale w_dd52cfc w_33c3ce1 w_b4151b7 w_8bdc211
48d15c07.jpg,new_whale w_6f40f26 w_1539fee w_e54feba w_a22f338
48d4e00e.jpg,new_whale w_53859b2 w_5bc7e7f w_e7f8e67 w_3e26a99
48dfca23.jpg,new_whale w_d4eb9ed w_7f867ec w_3326396 w_7c7a78c
48e1af10.jpg,new_whale w_c9566b4 w_b96d4e0 w_53476b2 w_acc67ea
48e4380c.jpg,new_whale w_932c8cd w_3461d6d w_dfbfe10 w_fd3ce71
48e4e76b.jpg,new_whale w_837646b w_1632307 w_bbc2a14 w_ee23a5f
48e6179f.jpg,new_whale w_8f1946f w_1a5beb9 w_cd70e8b w_ccca0db
48ebee22.jpg,new_whale w_1dff010 w_0f54cdf w_3a7d86d w_e964ae8
48ec2905.jpg,new_whale w_73d5489 w_af890ad w_e10dff3 w_2d99a0c
48ed549d.jpg,new_whale w_9ceb05d w_8ba2066 w_ba8c7bc w_d9055d1
48f207f8.jpg,new_whale w_70b4610 w_243e33e w_490c8a0 w_a837660
48f30083.jpg,new_whale w_656afeb w_d465e44 w_40323ac w_d9adb4f
48fac738.jpg,new_whale w_fba3bde w_9ea2cc3 w_0a97a25 w_daec6d3
49014c50.jpg,new_whale w_94e1ed4 w_eb0a6ed w_db474c7 w_9ea2cc3
4901ca8c.jpg,new_whale w_54c00ad w_c0648b9 w_8fab53d w_36eb0b1
49044ed3.jpg,new_whale w_1287fbc w_fe19618 w_4fa1bd5 w_693c9ee
4904ae5a.jpg,new_whale w_ded09c7 w_2fe43c7 w_d382236 w_e7a238b
49055e3e.jpg,new_whale w_693c9ee w_77e1d3f w_7c7a78c w_db474c7
490cc598.jpg,new_whale w_1facad2 w_2dae424 w_569c2c7 w_9cb529f
491e0b3c.jpg,new_whale w_7554f44 w_9577f88 w_d663f4f w_eb7c39f
4922617f.jpg,new_whale w_67de30b w_1ae1386 w_cb8edf5 w_cf82352
4922ad38.jpg,new_whale w_77607b5 w_b4732ef w_0dee306 w_1948625
4925c56a.jpg,new_whale w_f4e0748 w_fba3bde w_a59905f w_7c7a78c
492c168d.jpg,new_whale w_7b770ec w_1e3ce01 w_a59905f w_71764b4
492dd9d9.jpg,new_whale w_532fb22 w_7b035cc w_afef556 w_2bea4c4
4932f17e.jpg,new_whale w_ebff750 w_f63d8b0 w_cece268 w_96d9eaf
4939b97f.jpg,new_whale w_02facde w_dcb1f2a w_95874a5 w_dfbfe10
493bea36.jpg,new_whale w_3674103 w_4b7b80b w_f19faeb w_a254eb0
493c7f40.jpg,new_whale w_6047e81 w_8fab53d w_98baff9 w_1e3ce01
4940ae5e.jpg,new_whale w_361e290 w_6547e12 w_cf0c062 w_d3f5be3
4942814e.jpg,new_whale w_fce6ab2 w_9694b9d w_2e4fecc w_c167245
4942cd46.jpg,new_whale w_62ca7c8 w_e94a3b2 w_23cd105 w_cae7677
494cb8d9.jpg,new_whale w_12f2352 w_987a36f w_8d83172 w_6c803bf
4951fdf2.jpg,new_whale w_35063ed w_d984eb7 w_4d358e5 w_2669d75
49537e24.jpg,new_whale w_25ec80a w_f672e01 w_1b1c32f w_785f62b
49572955.jpg,new_whale w_b1f6e70 w_e5d6443 w_ab4bd59 w_987a36f
495e3877.jpg,new_whale w_b4d182b w_ed8a846 w_35063ed w_ace8c54
49637c24.jpg,new_whale w_19ca2c6 w_a866824 w_1eafe46 w_26dd948
49647b0b.jpg,new_whale w_a254eb0 w_6202983 w_ab4cae2 w_98baff9
49705575.jpg,new_whale w_1632307 w_014a645 w_73cbacd w_c13b4e6
49746d4e.jpg,new_whale w_f3db3f1 w_a71aa99 w_97493dd w_20c671c
49766726.jpg,new_whale w_43be268 w_0e737d0 w_88c4d5e w_71764b4
4976f8c4.jpg,new_whale w_5d8c038 w_7f81ba5 w_95b6cc3 w_bc93297
49771187.jpg,new_whale w_6dc7db6 w_f185562 w_1a5e7a2 w_f6c23d5
49789968.jpg,new_whale w_87e8446 w_2d99a0c w_e59294d w_8ec2960
498264da.jpg,new_whale w_94cd45e w_9ea2cc3 w_243e33e w_b942708
49869195.jpg,new_whale w_cbedcb0 w_f8e6546 w_7885601 w_3ee8570
498c8c41.jpg,new_whale w_f5eb6c6 w_ab4cae2 w_c0d494d w_4f248f3
498d0a5e.jpg,new_whale w_656afeb w_613f90d w_7c44934 w_516bedb
498e5303.jpg,new_whale w_a913945 w_1eafe46 w_4b47559 w_da2efe0
4994dd89.jpg,new_whale w_f022f78 w_44f66a7 w_1287fbc w_be0fefb
499b0417.jpg,new_whale w_b20763e w_8158b1f w_8a7b9c8 w_8a816b1
49a93147.jpg,new_whale w_44a6b62 w_0de84f0 w_46a4137 w_cef690d
49ad3407.jpg,new_whale w_a91b997 w_4b7b80b w_98baff9 w_00fbb4e
49b0e85c.jpg,new_whale w_886257d w_b0e05b1 w_f8e6546 w_3aa2073
49b3bf52.jpg,new_whale w_43be268 w_b8dff40 w_4fa1bd5 w_569c2c7
49b434e9.jpg,new_whale w_c102ec3 w_b7d5069 w_25a38b8 w_fce6ab2
49b74471.jpg,new_whale w_5d96ba4 w_c3d523d w_66a03d3 w_4ec48a9
49bc6bde.jpg,new_whale w_a18d0dc w_bf38f05 w_7e8b270 w_be32bec
49c901ac.jpg,new_whale w_17136dc w_fd1cb9d w_ca5abbb w_b7d5069
49cb4bb6.jpg,new_whale w_14964c1 w_87e8446 w_02c9470 w_b7fe199
49ce8fb6.jpg,new_whale w_9875c12 w_1eafe46 w_d9055d1 w_43be268
49d3ed20.jpg,new_whale w_88d11b1 w_883557a w_d7de1ee w_a25caa9
49d516f1.jpg,new_whale w_ef6e6a9 w_ca0ec7c w_3b99025 w_fe5e78b
49d784a7.jpg,new_whale w_d09e61a w_503ff17 w_540fd73 w_4b47559
49d8ccc3.jpg,new_whale w_dcb1f2a w_3694c7d w_1287fbc w_861cc1c
49e4b41c.jpg,new_whale w_3f91e04 w_cbedcb0 w_24a2923 w_d234e6b
49ee09ad.jpg,new_whale w_b0e05b1 w_7554f44 w_ab4cae2 w_8fab53d
49ef61c3.jpg,new_whale w_98d4838 w_3166a4d w_4f6fabd w_63131a3
49f0521e.jpg,new_whale w_7386509 w_d141590 w_a190aff w_b2d937a
49f5b782.jpg,new_whale w_9ea2cc3 w_a59905f w_33e89be w_18eee6e
49f836c2.jpg,new_whale w_a18c856 w_91b7c58 w_b7fe199 w_d6a6360
49fb5bd1.jpg,new_whale w_b729b1f w_0d39a68 w_49bbc79 w_5d96ba4
49fd40f6.jpg,new_whale w_cf3c233 w_0fe48f3 w_8c1ec28 w_0de84f0
4a0e543b.jpg,new_whale w_f438375 w_91c0a1d w_8b15b96 w_f2eb971
4a0e6064.jpg,new_whale w_5a0d250 w_bb2d34d w_dcb1f2a w_b6886e5
4a1c3d91.jpg,new_whale w_156c0db w_777f59a w_fd587bc w_966e86e
4a1d68a0.jpg,new_whale w_d19a884 w_8507226 w_7554f44 w_120927e
4a29ce92.jpg,new_whale w_48dd419 w_0f20cbc w_8044362 w_98baff9
4a2abe12.jpg,new_whale w_6c803bf w_89e451c w_a29719a w_18eee6e
4a2c1093.jpg,new_whale w_8c3db0a w_7e4d894 w_303518a w_0fea5a3
4a2e6690.jpg,new_whale w_c35b3ae w_dd8299b w_ebe0ad5 w_04feee0
4a37850c.jpg,new_whale w_5a0d250 w_dcb1f2a w_56bbc91 w_bb2d34d
4a3a7eaa.jpg,new_whale w_1a5e7a2 w_9bcb0f8 w_fa32440 w_15928c6
4a3b9995.jpg,new_whale w_6361632 w_e826a6f w_118d911 w_7759db0
4a3d70e0.jpg,new_whale w_ebe0ad5 w_87050a3 w_cae7677 w_7f199c6
4a3dda56.jpg,new_whale w_9875c12 w_3bc8a47 w_4fdaa2a w_6c3d086
4a449fc1.jpg,new_whale w_b4732ef w_243e33e w_bd1dbed w_a21cc97
4a480c29.jpg,new_whale w_b7d5069 w_6c3d086 w_ba39446 w_ebe0ad5
4a49baaa.jpg,new_whale w_b074cdf w_3f5e7fc w_fe424c3 w_705e0fb
4a4abde4.jpg,new_whale w_69f4311 w_36ac97f w_987a36f w_8d5ede1
4a509b2f.jpg,new_whale w_61d516e w_389c788 w_f843a8d w_9b67e87
4a526a40.jpg,new_whale w_c0d494d w_711d58c w_cf669dc w_7c7a78c
4a54adfc.jpg,new_whale w_b7d5069 w_a59905f w_aa9b995 w_8d83172
4a58bc17.jpg,new_whale w_73b705e w_c0d494d w_97f5054 w_98baff9
4a5c2ef2.jpg,new_whale w_4e52a49 w_64f3545 w_813c5be w_62f804d
4a5df04c.jpg,new_whale w_c30959a w_4855bd3 w_cae7677 w_67de30b
4a60d8dd.jpg,new_whale w_61fbb66 w_35063ed w_b9e00eb w_acc33ca
4a6ec774.jpg,new_whale w_008c602 w_7b5a630 w_8a4b8ef w_77e1ae3
4a73b97d.jpg,new_whale w_bc68c30 w_a3dbc8f w_bbad9a2 w_4fd48e7
4a76a938.jpg,new_whale w_9ca943b w_656afeb w_74e15fc w_540fd73
4a7f1898.jpg,new_whale w_4a1e58b w_8b15b96 w_1a5beb9 w_2f81b85
4a82091e.jpg,new_whale w_4a1e58b w_71c7322 w_2f81b85 w_26edeb8
4a839658.jpg,new_whale w_41a79d7 w_82ec5f0 w_b6a95e0 w_c0d1701
4a83c3ac.jpg,new_whale w_788b689 w_c263d43 w_71764b4 w_9ceb05d
4a8713b4.jpg,new_whale w_dcb1f2a w_3de676c w_e0f1df1 w_e62b5d8
4a88fa5c.jpg,new_whale w_9cb529f w_29fc831 w_b08520c w_64f3545
4a8f1a14.jpg,new_whale w_0103030 w_93dcf76 w_2d2de1d w_e6f746e
4a94ef0c.jpg,new_whale w_49ae15d w_d9aab0a w_a66b2a5 w_9b401eb
4aa16fe1.jpg,new_whale w_900fab7 w_9ca943b w_7c7a78c w_3061bdd
4aa5f954.jpg,new_whale w_2f283f3 w_b7d5069 w_0a97a25 w_569c2c7
4aab4f4c.jpg,new_whale w_5e43abb w_21e178f w_18eee6e w_44f0fa2
4aab661b.jpg,new_whale w_acff672 w_e61dd6d w_fd07344 w_ab4cae2
4aac146b.jpg,new_whale w_a30882c w_813c5be w_4c9d3df w_6af9dd7
4aacebfb.jpg,new_whale w_abe383e w_8c1e2e4 w_cd1f1ed w_18a854b
4aaf251d.jpg,new_whale w_fe2aa66 w_8459e39 w_2085f2e w_e57b487
4ab0e199.jpg,new_whale w_ea90267 w_800034f w_43be268 w_d663f4f
4ab13827.jpg,new_whale w_7b442c4 w_8ab8687 w_0103030 w_df21074
4ab17bcd.jpg,new_whale w_1274a11 w_2e42cc0 w_2901dbf w_1febbf3
4abcef1b.jpg,new_whale w_a232f9e w_d3ce445 w_cc759cd w_3ee8570
4abf2458.jpg,new_whale w_2f54c3c w_b0e05b1 w_ecb9a79 w_23dce10
4acbca71.jpg,new_whale w_db3621e w_fba3bde w_bf69a19 w_b6689cc
4acce619.jpg,new_whale w_796eebc w_f6fb689 w_4e2652d w_656afeb
4acd4e2a.jpg,new_whale w_8464638 w_b47a4a1 w_0e737d0 w_b0e05b1
4acd8349.jpg,new_whale w_7f45825 w_54c00ad w_8861715 w_67de30b
4ad7cf90.jpg,new_whale w_ea2385d w_12f2352 w_3cf3853 w_6f2c662
4adcb79c.jpg,new_whale w_56f2b1e w_972f231 w_367b996 w_b678944
4adeb8c7.jpg,new_whale w_35453e0 w_a59905f w_54c00ad w_4659acf
4aebd78d.jpg,new_whale w_2ffed9c w_17cb04d w_eb8429c w_286ec5f
4aed90bd.jpg,new_whale w_1948625 w_aed1e43 w_62ca7c8 w_fb72090
4af7d601.jpg,new_whale w_c9e1cdc w_62c3998 w_f6c23d5 w_44cccf6
4b00f11a.jpg,new_whale w_a866824 w_44a6b62 w_7554f44 w_5e57e8b
4b01832e.jpg,new_whale w_60eba40 w_a59905f w_e54feba w_8fab53d
4b03adc6.jpg,new_whale w_19dc50f w_e61dd6d w_b6886e5 w_6361632
4b0aa86b.jpg,new_whale w_fc76ede w_4b7b80b w_4cff2f8 w_9ea2cc3
4b0e4b79.jpg,new_whale w_847088b w_1eafe46 w_9ca943b w_d47e2e3
4b0e76a5.jpg,new_whale w_1948625 w_e94a3b2 w_40a8760 w_7f199c6
4b111a67.jpg,new_whale w_38e4aae w_3b0894d w_f21f2ec w_56bbc91
4b113374.jpg,new_whale w_fc76ede w_96c6151 w_826eb44 w_dba0cd8
4b13a6a5.jpg,new_whale w_1717a13 w_4bd8388 w_c06dd6e w_573eb8f
4b14b1c0.jpg,new_whale w_5f82501 w_5cc2285 w_38bcd3e w_98baff9
4b2412b0.jpg,new_whale w_7c943ab w_ab9fa59 w_0a97a25 w_796eebc
4b252eb5.jpg,new_whale w_c58b474 w_a155149 w_6202983 w_7b035cc
4b2fe3ba.jpg,new_whale w_11adaae w_505a141 w_3db53dc w_1743d93
4b303afb.jpg,new_whale w_0e4f53c w_8b15b96 w_f9d27ad w_5292ff4
4b314d1a.jpg,new_whale w_7e5cc5e w_d9fdd15 w_dfbfe10 w_44cccf6
4b35b25d.jpg,new_whale w_3745f59 w_d9adb4f w_2c3f440 w_e3c0ae5
4b369237.jpg,new_whale w_4c9d3df w_3664a22 w_dfbfe10 w_d9055d1
4b36f106.jpg,new_whale w_ed07d84 w_82bb763 w_ef99fe9 w_73d5489
4b39f44c.jpg,new_whale w_0f54cdf w_2fd21ec w_1287fbc w_aed1e43
4b3e93cf.jpg,new_whale w_d037229 w_89e159a w_38e4aae w_b80a9c5
4b420897.jpg,new_whale w_ead305f w_97f5054 w_14c8f15 w_57e8a80
4b464d9a.jpg,new_whale w_c11fce0 w_5b5a85d w_0d8fb3f w_aa64cc1
4b4739ba.jpg,new_whale w_c92b4f5 w_7cfaa82 w_86b9dfd w_640f91d
4b487d89.jpg,new_whale w_1a5e7a2 w_95874a5 w_43b50e5 w_89d9c03
4b48ca35.jpg,new_whale w_eab49b7 w_ebe0ad5 w_c11932e w_2725793
4b4b3c75.jpg,new_whale w_7cca153 w_80e649e w_ca0ec7c w_f178867
4b4bf2a1.jpg,new_whale w_eb8429c w_a14ccaa w_4659acf w_2863d51
4b4c4f82.jpg,new_whale w_62f299e w_419226b w_3326396 w_60c5e7e
4b4e7fa4.jpg,new_whale w_0e4f53c w_8a7b9c8 w_dd52cfc w_61b87f9
4b554d8d.jpg,new_whale w_67599af w_f478955 w_3745f59 w_e3c0ae5
4b5a81f9.jpg,new_whale w_ed69e9c w_1287fbc w_b678944 w_dff77b6
4b5e982b.jpg,new_whale w_9ea2cc3 w_f81c626 w_06ff732 w_77e1d3f
4b64d080.jpg,new_whale w_d224115 w_40323ac w_3674103 w_693c9ee
4b64e04f.jpg,new_whale w_f8e6546 w_45e8ea5 w_46a4137 w_48dd419
4b67effe.jpg,new_whale w_2a04ceb w_3455b23 w_2071a4c w_8166c79
4b6a6671.jpg,new_whale w_ce29d2a w_73d5489 w_8e4abc9 w_66fb697
4b6b71cc.jpg,new_whale w_da63cba w_d5f0261 w_94cd45e w_4b47559
4b6bbe53.jpg,new_whale w_367b996 w_5dcbb74 w_e15442c w_1717a13
4b6cfebe.jpg,new_whale w_900fab7 w_1eafe46 w_8867074 w_5d6786e
4b7273dd.jpg,new_whale w_35453e0 w_0771d4b w_ae07541 w_2d99a0c
4b7f406b.jpg,new_whale w_b4a223d w_1febbf3 w_4b7b80b w_f8e6546
4b80727b.jpg,new_whale w_50db782 w_65efe4d w_5f8b9b9 w_b074cdf
4b82e76a.jpg,new_whale w_eec1133 w_d89b29e w_4855bd3 w_6c803bf
4b8a75ce.jpg,new_whale w_3a9ee71 w_a5f7fce w_00b621b w_3e75bf3
4b8d2b0f.jpg,new_whale w_c9e1cdc w_95874a5 w_bcf23a8 w_bb2d34d
4b8f5607.jpg,new_whale w_d89b29e w_0dee306 w_84fcae8 w_1274a11
4b8fe2c0.jpg,new_whale w_d465e44 w_4fdaa2a w_7c44934 w_43be268
4b91eb9e.jpg,new_whale w_1609b19 w_b688397 w_dc4c2ba w_18a1bf2
4b948cee.jpg,new_whale w_703e39b w_0beef28 w_01cbcbf w_53064a6
4b94a43c.jpg,new_whale w_18eee6e w_6c803bf w_fba3bde w_a59905f
4b999213.jpg,new_whale w_f83b1f9 w_48bcad8 w_71764b4 w_94cd45e
4bac8fdf.jpg,new_whale w_f843a8d w_b5383b5 w_af5d11a w_16f61aa
4bb0f99b.jpg,new_whale w_13c6b6b w_3197568 w_1287fbc w_9b401eb
4bb1fd3e.jpg,new_whale w_22fa4ad w_7875b79 w_5ae47d9 w_406331a
4bba91b5.jpg,new_whale w_18eee6e w_97666c8 w_fc15159 w_3af4e73
4bbc0931.jpg,new_whale w_75378d3 w_ab4bd59 w_67de30b w_6a78025
4bc057df.jpg,new_whale w_2071a4c w_654a5bb w_c167245 w_883b284
4bc2e611.jpg,new_whale w_3449e4f w_22bb9b3 w_8c1ec28 w_88cb2dd
4bc46614.jpg,new_whale w_7de72c5 w_1638016 w_74adf0b w_fae3939
4bc67c6d.jpg,new_whale w_218b25e w_901363f w_b678944 w_3411b9f
4bc69437.jpg,new_whale w_a22afc6 w_d89b29e w_ceffa10 w_63db6f9
4bc6cbc5.jpg,new_whale w_2d99a0c w_1dff010 w_56bbc91 w_dcb1f2a
4bd002bf.jpg,new_whale w_4e52a49 w_eb47189 w_ae07541 w_2f6a962
4bd34c6b.jpg,new_whale w_7852bd1 w_8fab53d w_9d0e84a w_a232f9e
4bd44f7f.jpg,new_whale w_6710cf8 w_f478955 w_1eafe46 w_9ceb05d
4bd482cd.jpg,new_whale w_008c602 w_3af4e73 w_d2be6cc w_9ea2cc3
4bdd3411.jpg,new_whale w_759b647 w_cae7677 w_14964c1 w_4659acf
4bde2f83.jpg,new_whale w_59866ca w_5f7c402 w_40323ac w_efebfe8
4be208d2.jpg,new_whale w_fea7fe6 w_028ca0d w_a62f211 w_c00534d
4be6732d.jpg,new_whale w_00fbb4e w_98baff9 w_4b7b80b w_e4e6f5b
4be884b0.jpg,new_whale w_5a5c560 w_ab4cae2 w_d2f7b3c w_6202983
4be953b8.jpg,new_whale w_9ca943b w_8c1e2e4 w_853c1f7 w_17ee910
4beb2d62.jpg,new_whale w_a232f9e w_f0af1f8 w_9205d40 w_3dd210a
4bec12c7.jpg,new_whale w_cff28c4 w_44f0fa2 w_be4d5b8 w_0f84bf6
4bf52f3a.jpg,new_whale w_f18df18 w_0475042 w_43340c5 w_2d99a0c
4bf5b9f5.jpg,new_whale w_b7d5069 w_4e52a49 w_b9c9129 w_b4a223d
4bf9022a.jpg,new_whale w_a335e80 w_18eee6e w_1eafe46 w_9ea2cc3
4c041152.jpg,new_whale w_31d3999 w_4f103de w_a7f847f w_9dc4181
4c0488e5.jpg,new_whale w_9ca943b w_ee17a08 w_3fa2cb1 w_b478c13
4c07887f.jpg,new_whale w_1287fbc w_7c7a78c w_1c32062 w_98baff9
4c095353.jpg,new_whale w_89ca343 w_2d99a0c w_4176a19 w_9875c12
4c0b668f.jpg,new_whale w_1743d93 w_e86cf21 w_89ee7c1 w_41ed8e8
4c0c70f1.jpg,new_whale w_7427ace w_c4c00ed w_b0e05b1 w_fba3bde
4c1198c6.jpg,new_whale w_07e92ee w_0e0e856 w_96ba432 w_ab2d17a
4c18737b.jpg,new_whale w_03dc41c w_3e1bdd0 w_9c5ed68 w_5d8c038
4c1dd076.jpg,new_whale w_7895123 w_7a2dfd7 w_5f0a14c w_7029235
4c1e35db.jpg,new_whale w_48dd419 w_569c2c7 w_1d96560 w_f438375
4c2b919c.jpg,new_whale w_b9f5b8b w_31d3999 w_8148b95 w_c068ed3
4c32bc7c.jpg,new_whale w_9c449e2 w_40323ac w_3063bf4 w_6d274b2
4c3484e5.jpg,new_whale w_6c803bf w_3d0bc7a w_ff70408 w_18eee6e
4c3a19e6.jpg,new_whale w_c9111ac w_532fb22 w_987a36f w_8719b04
4c3aa26b.jpg,new_whale w_fce6ab2 w_3e25a26 w_7914111 w_0de84f0
4c3b889a.jpg,new_whale w_2e872af w_29eb3b2 w_5a81425 w_8114b1b
4c3ee7a5.jpg,new_whale w_b7d5069 w_62f804d w_2f283f3 w_dbda0d6
4c434066.jpg,new_whale w_62f804d w_12cdfbd w_f5b8faf w_02d5fad
4c4dbf5f.jpg,new_whale w_6b03eb4 w_1dff010 w_773509f w_aae82f8
4c5095c2.jpg,new_whale w_d5ec83f w_6202983 w_9ea2cc3 w_e02fe7b
4c535e9f.jpg,new_whale w_cb32cb8 w_9c3db0a w_02d5fad w_dfbfe10
4c55b45c.jpg,new_whale w_3608443 w_e4c7fac w_3d0bc7a w_fe2742d
4c6532ee.jpg,new_whale w_6232813 w_a31900f w_ff1b64c w_0793503
4c695295.jpg,new_whale w_4981cba w_aae82f8 w_4c9d3df w_7e8b270
4c6e1f4c.jpg,new_whale w_67de30b w_7f45825 w_8d46cef w_1310342
4c74cfcc.jpg,new_whale w_9269ec6 w_fdf60bb w_2658649 w_e15442c
4c791169.jpg,new_whale w_b0e05b1 w_e840e4d w_6547e12 w_8ba2066
4c799778.jpg,new_whale w_eb47189 w_cf00b01 w_3b0894d w_3d66298
4c7abb64.jpg,new_whale w_9f718e8 w_ecb9a79 w_2fdaa7f w_6be343c
4c7b738c.jpg,new_whale w_e54feba w_8325a79 w_8a4b8ef w_fd07344
4c7c5aaf.jpg,new_whale w_bccfcc1 w_67de30b w_55647bd w_681dba6
4c7fef29.jpg,new_whale w_1dd8e68 w_b9cfdfe w_406331a w_a26a029
4c91637c.jpg,new_whale w_73d5489 w_4e2652d w_acc33ca w_2c75202
4c935b20.jpg,new_whale w_f30d2bd w_cb7b682 w_1eafe46 w_2fdf63b
4c955f54.jpg,new_whale w_b081817 w_fa32440 w_e6d3a57 w_03c6d18
4c95d65e.jpg,new_whale w_fd1cb9d w_cd88a48 w_43be268 w_53064a6
4ca00609.jpg,new_whale w_847088b w_8717ef3 w_d80e1bc w_9c5ed68
4ca03d61.jpg,new_whale w_2d99a0c w_44cccf6 w_e61dd6d w_18a854b
4ca0b3a1.jpg,new_whale w_bf77b13 w_e09e886 w_d52bc74 w_c0287a9
4ca45ac1.jpg,new_whale w_bc93e4a w_dcb1f2a w_612f4a2 w_32a920b
4ca7b423.jpg,new_whale w_fc622c0 w_ab2d17a w_af890ad w_a526492
4cb08cc5.jpg,new_whale w_73c9ba2 w_ca0ec7c w_9412d1b w_d9562f1
4cb35c27.jpg,new_whale w_a913945 w_1eafe46 w_4b47559 w_da2efe0
4cb4fdec.jpg,new_whale w_40a8760 w_6734e40 w_3674103 w_cae7677
4cbe164b.jpg,new_whale w_6710cf8 w_17a2610 w_6c803bf w_9cb529f
4cc0527c.jpg,new_whale w_6361632 w_b6886e5 w_0d39a68 w_1a5e7a2
4cc24d3e.jpg,new_whale w_fa32440 w_7e8b270 w_83714b7 w_69e88da
4cc398aa.jpg,new_whale w_bd61ca9 w_4a074b8 w_2071a4c w_b074f5e
4cc42a45.jpg,new_whale w_5f0a14c w_d51a79f w_a59905f w_44ef2b8
4ccadb83.jpg,new_whale w_5f82501 w_c84551d w_a646643 w_5b99089
4cd7407e.jpg,new_whale w_4684a3f w_0819271 w_a0149f9 w_aeca19c
4cd8dff9.jpg,new_whale w_e09e886 w_44cb3ee w_f51b4bc w_67de30b
4cd91905.jpg,new_whale w_f5b8faf w_df15cc8 w_06a6351 w_c8d20aa
4cdaa954.jpg,new_whale w_73b705e w_fccb97a w_d3ab153 w_c0d494d
4ce3a98e.jpg,new_whale w_33c8db8 w_7cd711c w_5c59d12 w_7d896ac
4cea7c7c.jpg,new_whale w_540fd73 w_0e737d0 w_b6d09e6 w_43be268
4cef9841.jpg,new_whale w_f64658b w_4659acf w_9ea2cc3 w_0a97a25
4d071e05.jpg,new_whale w_9f718e8 w_6a6b3b3 w_b0e05b1 w_6af9dd7
4d09369c.jpg,new_whale w_434ad6a w_20eb13c w_18eee6e w_1dff010
4d0ace21.jpg,new_whale w_34a0eab w_efaada7 w_8b56cb1 w_18eee6e
4d0af4f1.jpg,new_whale w_dc4c2ba w_b688397 w_a26a029 w_f7a0fd7
4d12557f.jpg,new_whale w_20e863f w_bb2d34d w_5624f08 w_97f5054
4d16d159.jpg,new_whale w_2658649 w_a3abc56 w_c11fce0 w_395d578
4d1738ef.jpg,new_whale w_6ef68ed w_11f6df1 w_33fc58d w_1eafe46
4d19b0c6.jpg,new_whale w_60eba40 w_058547a w_b71eab2 w_cdda58e
4d1f64a9.jpg,new_whale w_1c69443 w_2dcbf82 w_67de30b w_fc15159
4d1f7932.jpg,new_whale w_0771d4b w_89e159a w_fba3bde w_49bbc79
4d201b24.jpg,new_whale w_da63cba w_bb6afc8 w_cae7677 w_3d4900b
4d21791f.jpg,new_whale w_4b7b80b w_6202983 w_c0cfd5b w_71764b4
4d2b6a86.jpg,new_whale w_7e728d8 w_bd61ca9 w_e7aa703 w_73185e4
4d30a27a.jpg,new_whale w_7db10cc w_52e7cf6 w_0e4f53c w_1287fbc
4d316efb.jpg,new_whale w_ace8c54 w_5cc2285 w_35063ed w_7e8b270
4d37e6fb.jpg,new_whale w_cb8edf5 w_c0d494d w_5b99089 w_2071a4c
4d448364.jpg,new_whale w_5021993 w_7b770ec w_f83b1f9 w_7028d77
4d44d866.jpg,new_whale w_4e52a49 w_ed69e9c w_63035d1 w_17370ba
4d45ea15.jpg,new_whale w_43be268 w_569c2c7 w_8867074 w_62f804d
4d5344a9.jpg,new_whale w_9aeb18f w_f19faeb w_434ad6a w_f104523
4d535cd4.jpg,new_whale w_1dc6d62 w_02facde w_fea7fe6 w_3fc3d07
4d574880.jpg,new_whale w_97982cf w_8d5ede1 w_309a2b3 w_7e8b270
4d59f306.jpg,new_whale w_4659acf w_d382236 w_80245ee w_3b0894d
4d5ae231.jpg,new_whale w_3f2a05c w_fd587bc w_4bf5a06 w_3b90f9b
4d5b8d47.jpg,new_whale w_096bc48 w_d141590 w_cb3bd52 w_b3e6069
4d5d5724.jpg,new_whale w_5a6d315 w_fd1cb9d w_648a9a8 w_c99f5ef
4d604a68.jpg,new_whale w_f81c626 w_7c7a78c w_77e1d3f w_67de30b
4d65452a.jpg,new_whale w_95874a5 w_bb2d34d w_0e9f6d9 w_2d99a0c
4d67a6c0.jpg,new_whale w_b38374a w_be32bec w_0e737d0 w_9ca943b
4d807979.jpg,new_whale w_9771603 w_4a43c71 w_2fe43c7 w_9ca943b
4d8769f6.jpg,new_whale w_361e290 w_aa16da4 w_7e8b270 w_6202983
4d87a7e6.jpg,new_whale w_88083bc w_ffbd74c w_0e7cb1c w_e7f8e67
4d8a196c.jpg,new_whale w_8fd5636 w_e449d3a w_08d1ccd w_2d963bb
4d8bf01c.jpg,new_whale w_b6689cc w_bb2d34d w_0e737d0 w_17ee910
4d968b54.jpg,new_whale w_5966fff w_0bbb3de w_d663f4f w_a85a3c9
4d9a4594.jpg,new_whale w_70a31ce w_d9adb4f w_1eafe46 w_361e290
4d9b6908.jpg,new_whale w_e449d3a w_d141590 w_b5c9946 w_690fc6b
4d9cf4ec.jpg,new_whale w_1cb2134 w_42f935c w_ef6e6a9 w_2d99a0c
4da7036d.jpg,new_whale w_ec95acb w_823fcbb w_7248590 w_f0fc693
4dabcd69.jpg,new_whale w_88083bc w_5297ab3 w_14970b4 w_810c481
4daf70ac.jpg,new_whale w_6badfcf w_0bc1db0 w_e55a554 w_53859b2
4db0ef84.jpg,new_whale w_49b425b w_1dd8e68 w_338b130 w_c4cafb8
4db36c8b.jpg,new_whale w_b074cdf w_7554f44 w_f71bac2 w_693c9ee
4dbc1814.jpg,new_whale w_dbaa2b1 w_c30959a w_f3bd33a w_a9dd349
4dbcdc2d.jpg,new_whale w_a1e017f w_31d3999 w_79b42cd w_bed6af1
4dc4cd1d.jpg,new_whale w_b20763e w_8158b1f w_3ca387d w_e449d3a
4dc610ee.jpg,new_whale w_2d25d1f w_e8778ce w_4c9d3df w_9df0865
4dcf4b23.jpg,new_whale w_f18df18 w_ef2f0f0 w_fba3bde w_05b2ddd
4dd21cce.jpg,new_whale w_4fd48e7 w_2d29ddd w_2071a4c w_0beef28
4dd31749.jpg,new_whale w_bb2d34d w_33e89be w_97f5054 w_1e3ce01
4dd6cc0d.jpg,new_whale w_98baff9 w_8fab53d w_0e737d0 w_b0e05b1
4dd78180.jpg,new_whale w_7852bd1 w_3aa2073 w_6f211a9 w_dcb1f2a
4dd84c57.jpg,new_whale w_13c6b6b w_73b705e w_41ed8e8 w_3f907d6
4ddb21b8.jpg,new_whale w_fd1cb9d w_62c3998 w_62f804d w_2d99a0c
4de3846d.jpg,new_whale w_38e4aae w_0e9f6d9 w_56bbc91 w_b729b1f
4de6806c.jpg,new_whale w_ebc870d w_8ba2066 w_7b035cc w_ded09c7
4de8d7b8.jpg,new_whale w_339c8ae w_09558d4 w_feab6f3 w_df834bf
4deca4ab.jpg,new_whale w_6c803bf w_18eee6e w_d1bbde9 w_3cf3853
4dedeacb.jpg,new_whale w_78f64d1 w_515d21d w_414c24a w_6ddbb81
4dff20da.jpg,new_whale w_7554f44 w_c167245 w_ed0c4cc w_5e57e8b
4e0308db.jpg,new_whale w_1e1a051 w_f932abc w_9b3ed01 w_9577f88
4e0832d8.jpg,new_whale w_232e5bd w_0b3f313 w_bd61ca9 w_d382236
4e09b96d.jpg,new_whale w_680e011 w_4c049c1 w_82c9c67 w_c20f21c
4e151847.jpg,new_whale w_1127c35 w_56743d6 w_7394d75 w_697c72e
4e168c7e.jpg,new_whale w_d51a79f w_77d2aea w_7cca153 w_07e92ee
4e16fafe.jpg,new_whale w_81b402a w_7763134 w_94cd45e w_fa32440
4e1945f9.jpg,new_whale w_b942708 w_d9aab0a w_02d5fad w_1000f90
4e1985a3.jpg,new_whale w_0e737d0 w_ef99fe9 w_98f0e93 w_d9adb4f
4e1f926c.jpg,new_whale w_ae07541 w_eb47189 w_a51b387 w_aa16da4
4e20ce88.jpg,new_whale w_1eafe46 w_d5ec83f w_2a18a44 w_be3c0f5
4e227f15.jpg,new_whale w_8397970 w_861cc1c w_9146eae w_a846944
4e267ab6.jpg,new_whale w_143b201 w_20f86e1 w_fa32440 w_85f9040
4e2c02a1.jpg,new_whale w_9771603 w_987a36f w_f4fc8cc w_4a43c71
4e3af219.jpg,new_whale w_fb8ca1e w_0da6f67 w_fba3bde w_f803b29
4e402309.jpg,new_whale w_e38b2c7 w_6e8486d w_1a70685 w_49bbc79
4e4062ec.jpg,new_whale w_a25caa9 w_76ebad6 w_d141590 w_f93d780
4e461cc7.jpg,new_whale w_7c6ad05 w_ba1befb w_7c7a78c w_47d2bc6
4e5686c9.jpg,new_whale w_11f6df1 w_02facde w_987a36f w_43be268
4e5930c6.jpg,new_whale w_b604c18 w_c0648b9 w_edcb241 w_081dd6e
4e60c730.jpg,new_whale w_b47a4a1 w_e94a3b2 w_58a2388 w_59eb8ae
4e670c9e.jpg,new_whale w_8fec0dd w_2f89dfe w_6202983 w_97f5054
4e6860cb.jpg,new_whale w_56ddb00 w_b0a5c8d w_2e4fecc w_f256b56
4e69ac2c.jpg,new_whale w_11adaae w_e54feba w_9ae554b w_773509f
4e6c8ee3.jpg,new_whale w_b0e05b1 w_0a97a25 w_ab4cae2 w_4e52a49
4e6f8f2b.jpg,new_whale w_0de84f0 w_fdf60bb w_41ed8e8 w_21e178f
4e701ab6.jpg,new_whale w_c9111ac w_373c114 w_fba3bde w_8867074
4e7633f0.jpg,new_whale w_63d10a1 w_09f9fd3 w_15427c3 w_a1350a7
4e76d595.jpg,new_whale w_861cc1c w_4504167 w_2dae424 w_fbcb6e4
4e7a53e6.jpg,new_whale w_9db9ef5 w_4e52a49 w_f4e0748 w_1b1c4f1
4e7edafa.jpg,new_whale w_7a2dfd7 w_4ebeafb w_3745f59 w_21e178f
4e805ca1.jpg,new_whale w_5d6786e w_6c803bf w_a91b997 w_b4369cc
4e8fbb05.jpg,new_whale w_98baff9 w_00fbb4e w_41ed8e8 w_4b95330
4e93a14a.jpg,new_whale w_8c1ec28 w_a254eb0 w_7394d75 w_6202983
4e93fc59.jpg,new_whale w_17ee910 w_c0d494d w_1287fbc w_da63cba
4e9c0341.jpg,new_whale w_93a4f60 w_5982299 w_c551c9d w_8fab53d
4ea08b3d.jpg,new_whale w_78f2e92 w_d88328d w_4c9d3df w_b7d5069
4ea40182.jpg,new_whale w_7e8b270 w_7c7a78c w_7311fe4 w_ad87135
4eaa9298.jpg,new_whale w_9b67e87 w_35c8057 w_1287fbc w_7c91fa7
4eaeff45.jpg,new_whale w_09d7946 w_72d5b6c w_d9aab0a w_c9e1cdc
4eb9749a.jpg,new_whale w_62f804d w_693c9ee w_d782e1b w_7c44934
4ebdb386.jpg,new_whale w_32a920b w_1dff010 w_cc759cd w_1a70685
4ec817f9.jpg,new_whale w_e158680 w_9ca943b w_20eb13c w_8201aa8
4ecc1993.jpg,new_whale w_987a36f w_9ea2cc3 w_8f593d4 w_6710cf8
4ecde272.jpg,new_whale w_883557a w_7554f44 w_66c1b54 w_88d11b1
4ed01dce.jpg,new_whale w_8420f42 w_2dae424 w_d7de1ee w_c0d494d
4ed06e71.jpg,new_whale w_701972b w_41901e5 w_c0323f5 w_303518a
4ed09db7.jpg,new_whale w_22bcbd6 w_0e737d0 w_e3c119c w_6202983
4ed316e7.jpg,new_whale w_b2d937a w_0d2dc7e w_e59294d w_1da7080
4ed670c0.jpg,new_whale w_ba53619 w_98baff9 w_dbbe0d4 w_9c5ed68
4ed9f0c9.jpg,new_whale w_20ba84b w_3d1c2ef w_db93738 w_3e0f25d
4edeecd6.jpg,new_whale w_5a0d250 w_dcb1f2a w_56bbc91 w_bb2d34d
4ee5075e.jpg,new_whale w_434ad6a w_b074cdf w_71c7322 w_4e52a49
4eef133e.jpg,new_whale w_9ca943b w_1d05772 w_73f8bd3 w_4ebeafb
4ef154bf.jpg,new_whale w_7311fe4 w_fe6617a w_b074cdf w_35d4d83
4ef33ef9.jpg,new_whale w_dff77b6 w_ab6bb0a w_7e8b270 w_36ac97f
4efe412c.jpg,new_whale w_ebe0ad5 w_07e92ee w_eab49b7 w_7324cf5
4f0175ba.jpg,new_whale w_6485cd4 w_2cca6a1 w_5c62a56 w_8a3449f
4f035b94.jpg,new_whale w_c94f464 w_c133ea8 w_12f2352 w_8f593d4
4f03ea25.jpg,new_whale w_3b483d3 w_f5fd7ef w_406331a w_73e5530
4f05f032.jpg,new_whale w_b678944 w_57c8da9 w_18a854b w_0a58a06
4f0fd86e.jpg,new_whale w_83df8d5 w_25871da w_a1237e3 w_e548eb7
4f158050.jpg,new_whale w_18eee6e w_67de30b w_fba3bde w_1ac4c38
4f174f64.jpg,new_whale w_effd0ea w_6d3ca42 w_1274a11 w_693c9ee
4f24c0bd.jpg,new_whale w_72f25c9 w_7e93962 w_f8e6546 w_dd52cfc
4f28aa4d.jpg,new_whale w_3d0bc7a w_587d2e3 w_44cccf6 w_c9e1cdc
4f2c3594.jpg,new_whale w_e4df90a w_2d57dce w_e988011 w_cfe35d4
4f2c9ca7.jpg,new_whale w_7554f44 w_569c2c7 w_5384c57 w_8867074
4f30ebee.jpg,new_whale w_2dae424 w_65428d9 w_71c7322 w_faa4239
4f35b520.jpg,new_whale w_7307089 w_7bdfc11 w_a67a1bc w_6232813
4f3616f4.jpg,new_whale w_98baff9 w_06dbe6b w_8fab53d w_4759be5
4f40a47e.jpg,new_whale w_1a5e7a2 w_3b0894d w_2d99a0c w_d5ec83f
4f435855.jpg,new_whale w_9e7021b w_fd1cb9d w_a5f7fce w_0d39a68
4f442447.jpg,new_whale w_bc5f0f5 w_b4732ef w_eac205a w_c00534d
4f44a8af.jpg,new_whale w_86ff8a6 w_ff7630a w_b074cdf w_78f64d1
4f45f52e.jpg,new_whale w_5af463d w_d0b237f w_bb2d34d w_44cccf6
4f48b943.jpg,new_whale w_62f804d w_b6c4efa w_9ea2cc3 w_9d704ab
4f491c90.jpg,new_whale w_26edeb8 w_4855bd3 w_3fffc61 w_b890652
4f4a2111.jpg,new_whale w_76048fe w_0ac9006 w_b99edea w_9411f86
4f4c20f0.jpg,new_whale w_1287fbc w_17ee910 w_62c548b w_e73d83c
4f535757.jpg,new_whale w_680e011 w_becdfdc w_f104523 w_f014da3
4f53849e.jpg,new_whale w_286ec5f w_05b2ddd w_b478c13 w_e62b5d8
4f5473ca.jpg,new_whale w_7108f6d w_1facad2 w_d40f276 w_cb9220b
4f548387.jpg,new_whale w_a58f64d w_af6c7e2 w_c1b685f w_3ee3d16
4f556b39.jpg,new_whale w_65943d6 w_cae7677 w_656afeb w_3d4900b
4f5a7723.jpg,new_whale w_0337aa5 w_93b64e9 w_1911cbb w_886257d
4f5afe4f.jpg,new_whale w_5d6786e w_d2be6cc w_296749b w_71c7322
4f5d8708.jpg,new_whale w_a59221a w_7554f44 w_b074cdf w_f2ef6f8
4f5e7f01.jpg,new_whale w_8bdc211 w_dbda0d6 w_25d7f93 w_d663f4f
4f63a37b.jpg,new_whale w_19ca2c6 w_62f804d w_4b47559 w_c3d523d
4f6d5b04.jpg,new_whale w_b8dff40 w_8b56cb1 w_6c803bf w_0e737d0
4f6ecd4d.jpg,new_whale w_1e45a47 w_cfe35d4 w_5ea3410 w_ddbf533
4f7937fe.jpg,new_whale w_c13a4e3 w_0f16be3 w_7a53e0c w_a0ae961
4f7d152a.jpg,new_whale w_35063ed w_8fab53d w_7c6ad05 w_d52bc74
4f7d2c31.jpg,new_whale w_73d5489 w_a526492 w_40a8760 w_a524549
4f7efe0f.jpg,new_whale w_0c42dba w_98baff9 w_7e48479 w_34a0eab
4f83e9b6.jpg,new_whale w_530f87b w_6aad777 w_43be268 w_fbce8b4
4f97de17.jpg,new_whale w_0a97a25 w_e2bf793 w_b0e05b1 w_ff7630a
4f99ba52.jpg,new_whale w_49bbc79 w_dfbfe10 w_1a70685 w_057c418
4f99f434.jpg,new_whale w_4855bd3 w_e74980b w_43eea34 w_6f2c662
4f9b559a.jpg,new_whale w_c6be61e w_2018f6c w_0f84bf6 w_540fd73
4f9cbe28.jpg,new_whale w_b081817 w_9562910 w_24ad46c w_ab2d17a
4f9f7b11.jpg,new_whale w_511c464 w_43be268 w_3d66298 w_fe49bc4
4fa041b2.jpg,new_whale w_dfbfe10 w_38e4aae w_3694c7d w_89e159a
4fa45411.jpg,new_whale w_d663f4f w_2f283f3 w_d96a0cd w_78a6f56
4fa51912.jpg,new_whale w_7b5a630 w_9ea2cc3 w_3d0bc7a w_af67683
4fa52398.jpg,new_whale w_f64658b w_ec02248 w_61b87f9 w_d663f4f
4fa5dc01.jpg,new_whale w_1eafe46 w_e54feba w_8f50a1f w_09dd18c
4fb15a27.jpg,new_whale w_c26f6db w_73d5489 w_38158d6 w_721d2e9
4fb41003.jpg,new_whale w_3580734 w_6f2de72 w_7386509 w_0d48a7d
4fb5bfad.jpg,new_whale w_65e519b w_c57623d w_ffa78a5 w_64830fa
4fb92789.jpg,new_whale w_de5b417 w_8201aa8 w_e8a6c4b w_5f0a14c
4fc04a25.jpg,new_whale w_0de84f0 w_fdf60bb w_41ed8e8 w_21e178f
4fc2be00.jpg,new_whale w_7324cf5 w_eb0a6ed w_a5f7fce w_b04d4f1
4fcc239e.jpg,new_whale w_ac05864 w_3050553 w_877e56e w_2af3059
4fcd1ee0.jpg,new_whale w_7e8b270 w_ab1c859 w_654a5bb w_2071a4c
4fce8e39.jpg,new_whale w_2a04ceb w_2071a4c w_bbad9a2 w_cae7677
4fd215fd.jpg,new_whale w_bb2d34d w_d5ec83f w_338d945 w_cf00b01
4fdcda59.jpg,new_whale w_aae82f8 w_1d05772 w_064ab78 w_43be268
4fe0d71a.jpg,new_whale w_98ab48e w_20f86e1 w_c0d494d w_a18d0dc
4fe4c7c8.jpg,new_whale w_f19faeb w_9b401eb w_d26cc27 w_fb7a56b
4feba19e.jpg,new_whale w_89e159a w_3411b9f w_38e4aae w_718ce15
4fec769e.jpg,new_whale w_125095f w_e2d0aaa w_adc62bc w_a9f41fd
4ff9e893.jpg,new_whale w_65ec378 w_79b42cd w_b9f5b8b w_3fc3d07
4ffedda1.jpg,new_whale w_cbedcb0 w_5d84c65 w_d6255a4 w_886257d
5001f380.jpg,new_whale w_99ad599 w_01d6ca0 w_e9ffbe9 w_1da7080
50023432.jpg,new_whale w_93bf5f4 w_35d4d83 w_44a6b62 w_9948a99
5004a0c9.jpg,new_whale w_26dd948 w_06ff732 w_243e33e w_1a4ae2c
5007f2ab.jpg,new_whale w_853c1f7 w_b970272 w_008c602 w_5d6786e
50090ac4.jpg,new_whale w_22da5b6 w_b074cdf w_7554f44 w_a524549
5009f646.jpg,new_whale w_7e1521a w_5f0960c w_cae7677 w_ddbf533
500ec49a.jpg,new_whale w_29670e2 w_1e7bb93 w_ca0ec7c w_a4678de
500fc5c7.jpg,new_whale w_4c2d259 w_e826a6f w_a524549 w_7918071
5011630f.jpg,new_whale w_89317b0 w_778ee6e w_9ea2cc3 w_bb2d34d
50138bf3.jpg,new_whale w_0a97a25 w_91f80eb w_9ea2cc3 w_12c3d3d
5013ecfb.jpg,new_whale w_651cbb7 w_1dc66b7 w_d89b29e w_ad6edbe
50140924.jpg,new_whale w_cbedcb0 w_837646b w_5d96ba4 w_338b130
501476aa.jpg,new_whale w_9ea2cc3 w_9875c12 w_bb2d34d w_7ba4b5a
501c6841.jpg,new_whale w_516bedb w_c9e1cdc w_6c803bf w_1a70685
501e0ac4.jpg,new_whale w_5014d6c w_77f3e70 w_bcf23a8 w_fa32440
502614aa.jpg,new_whale w_4bd8388 w_a3abc56 w_7faebe3 w_43e45b6
502b4723.jpg,new_whale w_b7fe199 w_f8cd6b6 w_7d819df w_b5ea8a0
502d14ae.jpg,new_whale w_741861e w_9ca943b w_2fd73d9 w_e02fe7b
503698ec.jpg,new_whale w_3664a22 w_4c9d3df w_c9e1cdc w_db3621e
5037b02c.jpg,new_whale w_d175300 w_affc813 w_b688397 w_1deadd7
5038b8b2.jpg,new_whale w_b7fe199 w_20848b7 w_8c605d2 w_a18c856
504168cd.jpg,new_whale w_e88388a w_ddf3c52 w_711aaa1 w_fba3bde
5042f4dd.jpg,new_whale w_8a2e496 w_7028d77 w_8e4abc9 w_b939998
5044d958.jpg,new_whale w_3af4e73 w_be4d5b8 w_a59905f w_be3c0f5
5049483f.jpg,new_whale w_8db45b7 w_fba3bde w_cbfbeb4 w_1d05772
504c7935.jpg,new_whale w_3aa2073 w_f6722e7 w_87050a3 w_a646643
504f8f88.jpg,new_whale w_d6a3892 w_6635a97 w_f208155 w_38e4aae
505c0a65.jpg,new_whale w_46540b1 w_d249ed6 w_70a31ce w_5d335c3
505da882.jpg,new_whale w_0e737d0 w_6c803bf w_53064a6 w_f81c626
505e81ae.jpg,new_whale w_741861e w_9a6cbd9 w_be32bec w_1287fbc
50630a7a.jpg,new_whale w_b074cdf w_c027e4e w_92585eb w_771374c
5066368c.jpg,new_whale w_6af9dd7 w_43be268 w_4659acf w_4e52a49
507485dc.jpg,new_whale w_c9111ac w_8376b7e w_6c803bf w_b34793e
5083f6d4.jpg,new_whale w_e156c87 w_38e4aae w_3411b9f w_fd1cb9d
508607fc.jpg,new_whale w_eb0a6ed w_693c9ee w_9875c12 w_7104905
50872fab.jpg,new_whale w_ee17a08 w_6aad777 w_48a98d7 w_d96c946
50894d3c.jpg,new_whale w_8d46cef w_df092eb w_d428980 w_54c00ad
508d1c89.jpg,new_whale w_be3c0f5 w_d36f58c w_1eafe46 w_95b6cc3
508f802c.jpg,new_whale w_e7a2780 w_f64cf8a w_950b5cf w_a524549
50942c33.jpg,new_whale w_34c8690 w_98baff9 w_e5250e9 w_0a91f24
50983bb6.jpg,new_whale w_92c7ace w_d88328d w_7b035cc w_3411b9f
509af1fe.jpg,new_whale w_3d4900b w_aef3680 w_1029f4e w_43966a3
509eb0f7.jpg,new_whale w_3461d6d w_64f3545 w_3cc4e90 w_7028d77
50a22be3.jpg,new_whale w_f4e0748 w_aae82f8 w_4659acf w_232e5bd
50ae53ad.jpg,new_whale w_47f29cd w_7e8b270 w_ab4cae2 w_9c3db0a
50ae8396.jpg,new_whale w_7554f44 w_05396d8 w_7c943ab w_7285eb3
50af9ba9.jpg,new_whale w_4d98ef7 w_aae82f8 w_4655b25 w_38e4aae
50afe45e.jpg,new_whale w_059e347 w_c10ffe9 w_8fab53d w_1274a11
50b26899.jpg,new_whale w_a1350a7 w_41d32aa w_5ba417d w_99c07e8
50b92630.jpg,new_whale w_d89b29e w_05b2ddd w_18eee6e w_4855bd3
50bd4e7a.jpg,new_whale w_8a2e496 w_338b130 w_14964c1 w_3aa2073
50c50625.jpg,new_whale w_f8e6546 w_b9e00eb w_6ddbb81 w_7e8b270
50c5361d.jpg,new_whale w_3cf3853 w_18eee6e w_a59905f w_b6d09e6
50c97bbc.jpg,new_whale w_0f92544 w_1632307 w_893ccb4 w_10bea88
50cdc248.jpg,new_whale w_61c1f9c w_4fd48e7 w_bbf20b4 w_ee17a08
50d2f8e4.jpg,new_whale w_b8dff40 w_6c803bf w_625a6a9 w_2963114
50d31c49.jpg,new_whale w_23dce10 w_073f071 w_83034c7 w_7e8b270
50e20587.jpg,new_whale w_38158d6 w_4659acf w_cae7677 w_25d7f93
50e6372c.jpg,new_whale w_0d39a68 w_3de676c w_057c418 w_dff77b6
50e6c862.jpg,new_whale w_a646643 w_36b6904 w_7e1521a w_3674103
50ef67ad.jpg,new_whale w_48bcad8 w_243e33e w_03a2ed7 w_a7d4668
50f202ea.jpg,new_whale w_70715c1 w_9874f0d w_9577f88 w_269b090
50f3a7f0.jpg,new_whale w_e826a6f w_3e1ccc9 w_8c1ec28 w_c90feaa
50f3c843.jpg,new_whale w_45e8ea5 w_79b42cd w_993d66c w_19ca2c6
50f3f7ab.jpg,new_whale w_1af5d59 w_03c84ef w_2832e90 w_423e872
50f4779c.jpg,new_whale w_0f92544 w_dbc392b w_dfcf7fe w_24ac53d
50fc5bc4.jpg,new_whale w_67fecca w_13c6b6b w_fe49bc4 w_9db9ef5
50fe6c0f.jpg,new_whale w_21b3754 w_7c943ab w_dbda0d6 w_aa16da4
510dc064.jpg,new_whale w_693c9ee w_987a36f w_656afeb w_4de83f9
51104e1b.jpg,new_whale w_c87c10b w_ba8c7bc w_1dc66b7 w_c27d036
51151d59.jpg,new_whale w_17a3581 w_e156c87 w_8d46cef w_309a2b3
511b88cc.jpg,new_whale w_adc6e1b w_e0ba9ae w_3326396 w_cae7677
511c84f5.jpg,new_whale w_5b8f282 w_3db53dc w_599d0df w_6c803bf
5122d284.jpg,new_whale w_a3c6ed0 w_cda5d6e w_5817e08 w_a26a029
5127c3a7.jpg,new_whale w_2c0af5e w_6547e12 w_e826a6f w_b074cdf
5127e504.jpg,new_whale w_8e92130 w_d19a884 w_ab4cae2 w_c58b474
51287401.jpg,new_whale w_95b6cc3 w_3e0f25d w_2dea395 w_6f2ae72
5139297a.jpg,new_whale w_5f0a14c w_d915632 w_78999a6 w_6c803bf
513c4d6b.jpg,new_whale w_6202983 w_987a36f w_67de30b w_6c803bf
513da9dc.jpg,new_whale w_64f3545 w_703e39b w_4e52a49 w_2901987
513ebdab.jpg,new_whale w_e21043a w_1632307 w_9ea2cc3 w_987a36f
5148671d.jpg,new_whale w_414c24a w_b074cdf w_8c605d2 w_f8c3a63
5148b8aa.jpg,new_whale w_34c4927 w_b6ae946 w_73b705e w_813c5be
514cc2af.jpg,new_whale w_3d187b5 w_e55a554 w_62799b5 w_1fa0ee5
514e31ea.jpg,new_whale w_5c62a56 w_83df8d5 w_735ce7d w_c0d494d
51536ef9.jpg,new_whale w_98baff9 w_ab4cae2 w_77e1ae3 w_60cc444
5156c1e4.jpg,new_whale w_7637760 w_2356a6d w_8397970 w_7caa4fe
5157a9b2.jpg,new_whale w_479e3e5 w_5f7c402 w_4d528e4 w_fd1cb9d
51596aef.jpg,new_whale w_4a069df w_aa16da4 w_95874a5 w_7459706
5168186a.jpg,new_whale w_853c1f7 w_c0d494d w_72e70e5 w_6202983
517044e2.jpg,new_whale w_7c7a78c w_7f867ec w_24ac53d w_3326396
517658a4.jpg,new_whale w_432b162 w_c30959a w_d382236 w_4659acf
517ad69a.jpg,new_whale w_d663f4f w_c27d036 w_e655c65 w_367b996
517e17a4.jpg,new_whale w_f0f0dbb w_3aa2073 w_9875c12 w_8bdc211
517fb7ec.jpg,new_whale w_3349c9d w_1a70685 w_2eabd5a w_18eee6e
517fe57b.jpg,new_whale w_2a04ceb w_c0d494d w_f8e6546 w_2071a4c
518331d9.jpg,new_whale w_8a3449f w_e30e97f w_ef99fe9 w_4a3032d
51848f6b.jpg,new_whale w_7c943ab w_024358d w_9c70a11 w_5384c57
5187a370.jpg,new_whale w_d10472d w_29670e2 w_7faebe3 w_6cb31c8
51880745.jpg,new_whale w_99365b3 w_c6372b8 w_55b1d69 w_f460394
51889845.jpg,new_whale w_6202983 w_3bf56d4 w_8d4654f w_8c1ec28
518bae25.jpg,new_whale w_a254eb0 w_1dff010 w_b066aa6 w_f81c626
5194f6df.jpg,new_whale w_0fa8587 w_df21074 w_7b442c4 w_fe8233d
51970f48.jpg,new_whale w_6dbb861 w_fb72090 w_9ceb05d w_fc76ede
519bd624.jpg,new_whale w_a59905f w_fd1cb9d w_9771603 w_8c1dab2
519c882c.jpg,new_whale w_f314558 w_18a1bf2 w_0e4f53c w_f014da3
51a64f40.jpg,new_whale w_dfbfe10 w_9288973 w_fd3ce71 w_32a920b
51a7b5d0.jpg,new_whale w_8e55648 w_4f248f3 w_6b45921 w_693c9ee
51af5331.jpg,new_whale w_1e7bb93 w_eb0a6ed w_b9e00eb w_367b996
51b0dbba.jpg,new_whale w_679f2eb w_b074cdf w_7554f44 w_b46bd60
51b20107.jpg,new_whale w_0ac9006 w_44a6b62 w_19ca2c6 w_eb5b6aa
51b303b4.jpg,new_whale w_361e290 w_c58b474 w_e0efc4f w_dbda0d6
51b409be.jpg,new_whale w_ad87135 w_5436d75 w_0bc1db0 w_9f718e8
51b8c278.jpg,new_whale w_a8bc2bc w_d4bc10d w_7ecd94c w_73d5489
51ba369c.jpg,new_whale w_a232f9e w_29eb3b2 w_ea96346 w_5374a4c
51bb0a53.jpg,new_whale w_5ba417d w_735ce7d w_bf38f05 w_f19faeb
51c0f3e8.jpg,new_whale w_cd1f1ed w_75e6bf3 w_8fab53d w_5cc2285
51c5fe54.jpg,new_whale w_7311fe4 w_c027e4e w_e39371c w_3fc3d07
51cb55dd.jpg,new_whale w_693c9ee w_98baff9 w_ab4cae2 w_b942708
51cc6dfb.jpg,new_whale w_06dbe6b w_826eb44 w_6202983 w_67de30b
51d3f5cb.jpg,new_whale w_2901987 w_1febbf3 w_a13ada3 w_fd1cb9d
51d4eeb8.jpg,new_whale w_3d0bc7a w_77e1ae3 w_cd1f1ed w_4855bd3
51d6e4e0.jpg,new_whale w_c87b956 w_06dbe6b w_43e45b6 w_b721e96
51dadaf5.jpg,new_whale w_c34afd7 w_aae82f8 w_3e1ba5b w_1596a47
51dcfc13.jpg,new_whale w_06dbe6b w_b6886e5 w_2fd21ec w_01a4234
51df4ef1.jpg,new_whale w_8c605d2 w_44a6b62 w_eb0a6ed w_a526492
51e2291d.jpg,new_whale w_422420c w_fa32440 w_9b401eb w_63d5016
51e43109.jpg,new_whale w_8286350 w_0f96780 w_0aae8c1 w_67de30b
51e63dfa.jpg,new_whale w_eb44149 w_a91b997 w_18eee6e w_6c803bf
51ef73aa.jpg,new_whale w_ace8c54 w_2f89dfe w_0de84f0 w_6202983
51f1c787.jpg,new_whale w_aae82f8 w_4b87cba w_351a1e1 w_511c464
51f1f49a.jpg,new_whale w_bb2d34d w_17ee910 w_c9e1cdc w_95874a5
51f56987.jpg,new_whale w_414f402 w_0beef28 w_2850471 w_17a3581
51fcf88a.jpg,new_whale w_97f5054 w_f0fc693 w_98baff9 w_5dddfbe
51ff8728.jpg,new_whale w_f8e6546 w_1dd8e68 w_64783fe w_3aa2073
52012129.jpg,new_whale w_e63fbbe w_2071a4c w_02d5fad w_7e8b270
5203b4e6.jpg,new_whale w_aa7a302 w_e3c1ec4 w_fd07344 w_a69bb2b
5203cb9c.jpg,new_whale w_0e737d0 w_4759df3 w_88b5d47 w_6202983
52071eaf.jpg,new_whale w_0d39a68 w_5c07f42 w_2a939eb w_89d9c03
52135932.jpg,new_whale w_da2efe0 w_3e1ba5b w_12cdfbd w_d9aab0a
521a2caa.jpg,new_whale w_97f5054 w_bb2d34d w_c0d494d w_693c9ee
521ad74e.jpg,new_whale w_fdcfcea w_8507226 w_b96d4e0 w_367b996
521b53a6.jpg,new_whale w_e02fe7b w_fbbc8ba w_1eafe46 w_2f283f3
521d0e65.jpg,new_whale w_e5250e9 w_675e8e9 w_df309be w_7600863
52235087.jpg,new_whale w_c0d494d w_fa9c3d8 w_fa32440 w_fea7fe6
5223fc6a.jpg,new_whale w_693c9ee w_4de83f9 w_656afeb w_ef7755e
52242017.jpg,new_whale w_edcb241 w_7de72c5 w_874cf52 w_73cbacd
52253a93.jpg,new_whale w_7f6ce8e w_588d5d7 w_14964c1 w_b0e05b1
52268d00.jpg,new_whale w_93bf889 w_73d5489 w_b7d5069 w_1287fbc
5226e451.jpg,new_whale w_6f2de72 w_0308405 w_67de30b w_4c9d3df
52281db5.jpg,new_whale w_559ce61 w_4e7fc3e w_813c5be w_b08520c
52288f26.jpg,new_whale w_0de84f0 w_a2b8172 w_6202983 w_aa16da4
522e9a99.jpg,new_whale w_685466f w_3278f8c w_11adaae w_5624f08
52328361.jpg,new_whale w_d22af00 w_a18d0dc w_ab4cae2 w_35b01a5
523df209.jpg,new_whale w_1274a11 w_aa16da4 w_36eb0b1 w_6598219
523f8b9a.jpg,new_whale w_980bb1a w_7e8b270 w_156c0db w_17b33ae
52408f8c.jpg,new_whale w_e4df90a w_6a78025 w_74adf0b w_6232813
52545016.jpg,new_whale w_06972d2 w_05567a9 w_e826a6f w_9c70a11
525a7091.jpg,new_whale w_8ba2066 w_4c4c001 w_fea7fe6 w_4f248f3
525c8e20.jpg,new_whale w_7554f44 w_83e0203 w_edcb241 w_48dd419
52604a0e.jpg,new_whale w_1e75406 w_a048f26 w_b074cdf w_d141590
526394f4.jpg,new_whale w_dbda0d6 w_cae7677 w_0e4f53c w_2f283f3
52649661.jpg,new_whale w_e0818df w_540fd73 w_e826a6f w_db3621e
526b9a0b.jpg,new_whale w_693c9ee w_35063ed w_1274a11 w_864cc78
526eff60.jpg,new_whale w_3ae3603 w_823fcbb w_e02fe7b w_88b5d47
527089b8.jpg,new_whale w_98baff9 w_f4224b9 w_c90c37a w_0c6d50d
528341d2.jpg,new_whale w_ff7630a w_b9ee5ec w_86113c4 w_9ca943b
528e7b2c.jpg,new_whale w_41ed8e8 w_00fbb4e w_4b95330 w_c2c4f43
5290c381.jpg,new_whale w_dbc392b w_25871da w_24a2923 w_b1c44fe
5292a3f1.jpg,new_whale w_1287fbc w_80bae3a w_8103039 w_e826a6f
529328fe.jpg,new_whale w_3d66298 w_7b5d0f0 w_fd1cb9d w_43be268
529bde7f.jpg,new_whale w_b074cdf w_7554f44 w_7311fe4 w_dbda0d6
52a50fbe.jpg,new_whale w_ed5cdab w_f03ca16 w_8d300c3 w_9577f88
52ad4852.jpg,new_whale w_25d7f93 w_dbd28fa w_ee17a08 w_3bc8a47
52b2170e.jpg,new_whale w_98baff9 w_8c1e2e4 w_7f6ce8e w_a58f64d
52b3d300.jpg,new_whale w_874cf52 w_8044362 w_5d8c038 w_4759be5
52bad22c.jpg,new_whale w_773509f w_865c2ba w_9ea2cc3 w_3b3b9b2
52bfb759.jpg,new_whale w_fd1cb9d w_eaad6a8 w_eb47189 w_6e8486d
52c138a6.jpg,new_whale w_8e4abc9 w_a646643 w_f8e6546 w_de20ab0
52c4e7f8.jpg,new_whale w_ead5d70 w_0acce53 w_8fec0dd w_42f935c
52c98f4f.jpg,new_whale w_43966a3 w_cc759cd w_9ae554b w_1029f4e
52c9918f.jpg,new_whale w_b282692 w_0e737d0 w_0d48a7d w_1e75406
52cc163b.jpg,new_whale w_5c0e858 w_e1431ba w_656afeb w_6865ccb
52cee49c.jpg,new_whale w_1743d93 w_1c69443 w_12f2352 w_5007db3
52d2869d.jpg,new_whale w_bb2d34d w_97f5054 w_c9e1cdc w_abe383e
52d8e58e.jpg,new_whale w_bf38f05 w_e64c9a6 w_d9aab0a w_f188f95
52e060ce.jpg,new_whale w_ee24bac w_6547e12 w_4e52a49 w_4785de7
52e60aa2.jpg,new_whale w_eec1133 w_fb8ca1e w_67de30b w_fc7cc24
52f9198d.jpg,new_whale w_b6d4901 w_b942708 w_d9aab0a w_2cdf820
52fc9c2d.jpg,new_whale w_6132293 w_945aefe w_38e4aae w_e158680
5301133a.jpg,new_whale w_099c712 w_a3cd405 w_a4f77bd w_fe49bc4
53029ed3.jpg,new_whale w_778ee6e w_680b86e w_2d99a0c w_5af7a9c
530f1413.jpg,new_whale w_cef690d w_883557a w_76b6f7c w_544d0c1
531085a0.jpg,new_whale w_fae2cb6 w_1274a11 w_778ee6e w_2d99a0c
5311c692.jpg,new_whale w_218b25e w_f2a7635 w_44beff0 w_de3cab3
53149bf2.jpg,new_whale w_4791b4c w_d4ab7ad w_e09e886 w_7311fe4
531650cc.jpg,new_whale w_1743d93 w_1c69443 w_12f2352 w_5007db3
531980ff.jpg,new_whale w_a1e017f w_efd3f81 w_c1b685f w_da6d50b
531b2761.jpg,new_whale w_7e8b270 w_966e86e w_9989964 w_7ed3719
532672a5.jpg,new_whale w_e02fe7b w_ace8c54 w_d47e2e3 w_70715c1
532a7e55.jpg,new_whale w_f792125 w_392bee3 w_d19a884 w_1e5a146
5331b2fc.jpg,new_whale w_fe6f08d w_c9e1cdc w_b942708 w_b4732ef
5334b242.jpg,new_whale w_98baff9 w_ab4cae2 w_7e48479 w_2658649
5339dbf8.jpg,new_whale w_cfe35d4 w_a14d6d8 w_18eee6e w_896023f
533e564d.jpg,new_whale w_9205d40 w_ddad87e w_46594b2 w_eb34c4d
5345fa9b.jpg,new_whale w_f90b695 w_1287fbc w_498bf0d w_c7f1975
534c448b.jpg,new_whale w_01a4234 w_6c9a524 w_d2be6cc w_23b9dcb
5351f33f.jpg,new_whale w_4c9d3df w_2863d51 w_bf8c3d2 w_026fdf8
53594e9d.jpg,new_whale w_e02fe7b w_24ac53d w_861cc1c w_1b6d34d
5360edb9.jpg,new_whale w_f3db3f1 w_9948a99 w_44a6b62 w_136337c
5363db2d.jpg,new_whale w_b7d5069 w_4fd48e7 w_6c3d086 w_e73d83c
536a2c93.jpg,new_whale w_573eb8f w_a3abc56 w_893ccb4 w_349fcbc
537150f0.jpg,new_whale w_17cb04d w_0beef28 w_b970272 w_414f402
5371dd0a.jpg,new_whale w_cbd271b w_03f060f w_c0d494d w_303518a
537307ff.jpg,new_whale w_681dba6 w_db0ad01 w_c241e72 w_17964ef
53757ac9.jpg,new_whale w_8c605d2 w_d22af00 w_88d11b1 w_392bee3
537ce603.jpg,new_whale w_8fab53d w_0740d28 w_d2f7b3c w_5982299
53837746.jpg,new_whale w_fb2c3fb w_5af7a9c w_8a438a4 w_bbf58a9
5383d09c.jpg,new_whale w_1743d93 w_54c00ad w_aa3d7b8 w_eb44149
5390d43e.jpg,new_whale w_ebe0ad5 w_0fea5a3 w_d4a27fb w_2725793
539cadc2.jpg,new_whale w_db474c7 w_ca5f17f w_33fc58d w_ad87135
53a9fed8.jpg,new_whale w_7bdfc11 w_cb38960 w_d96a0cd w_b426ff3
53abf9e8.jpg,new_whale w_97da401 w_7554f44 w_95874a5 w_243e33e
53ac6373.jpg,new_whale w_3c2d938 w_7377b2b w_9f1fafb w_a18c856
53afa198.jpg,new_whale w_559ce61 w_6710cf8 w_44f0fa2 w_fc7cc24
53b04594.jpg,new_whale w_f6fb689 w_de2ff33 w_42addf7 w_0e737d0
53b4f6b5.jpg,new_whale w_883557a w_98baff9 w_71764b4 w_33e89be
53ba2691.jpg,new_whale w_361e290 w_e63fbbe w_5b99089 w_cb7b682
53bd81ff.jpg,new_whale w_d428980 w_bb37d93 w_3cf3853 w_6c803bf
53c78016.jpg,new_whale w_cc504e7 w_73d5489 w_a524549 w_0e737d0
53cb3bd6.jpg,new_whale w_18a1bf2 w_5d96ba4 w_b688397 w_a93c8f9
53cd0549.jpg,new_whale w_1e674e6 w_e62a48d w_c9e1cdc w_8c1ec28
53cd0f31.jpg,new_whale w_9205d40 w_697c72e w_cf3a12e w_2d99a0c
53cdca34.jpg,new_whale w_d148982 w_a43fcbb w_2270691 w_d3c8520
53cf78e0.jpg,new_whale w_b6689cc w_89e159a w_813c5be w_be0fefb
53cfa7a2.jpg,new_whale w_0e737d0 w_6202983 w_e3c119c w_d9055d1
53d0da96.jpg,new_whale w_f19faeb w_e3fbc27 w_c167245 w_1c22d7e
53d86081.jpg,new_whale w_65428d9 w_1f0da94 w_53549df w_ab4cae2
53d906a8.jpg,new_whale w_796eebc w_4e52a49 w_0a97a25 w_54c00ad
53dd30e3.jpg,new_whale w_e0f6444 w_b939998 w_d62128e w_b19c33f
53e221da.jpg,new_whale w_a155149 w_dad56c9 w_5f82501 w_1eafe46
53e890c0.jpg,new_whale w_503ff17 w_7311fe4 w_4c8e7ae w_2d99a0c
53ebe3ab.jpg,new_whale w_aef3680 w_7554f44 w_680e011 w_e826a6f
53edf22f.jpg,new_whale w_3dd210a w_87050a3 w_ab039e2 w_ef99fe9
53f2ccd4.jpg,new_whale w_b074cdf w_e826a6f w_25db560 w_7554f44
53f4c915.jpg,new_whale w_d10472d w_74de378 w_4b7b80b w_fb72090
53f69f96.jpg,new_whale w_e6541e4 w_fa32440 w_09f9fd3 w_80b1c48
53fdf67c.jpg,new_whale w_7292419 w_861cc1c w_8c1e2e4 w_f1457b5
540405f4.jpg,new_whale w_6202983 w_b678944 w_a7d4668 w_c0cfd5b
54280d7d.jpg,new_whale w_5ad2030 w_c6823b1 w_43be268 w_c3d523d
542f1355.jpg,new_whale w_d663f4f w_2f283f3 w_d96a0cd w_78a6f56
54326dc2.jpg,new_whale w_5e04db0 w_0c70bc3 w_65139e4 w_38f39ed
54385bc2.jpg,new_whale w_dbd28fa w_d9055d1 w_43be268 w_9875c12
5444a1c0.jpg,new_whale w_b4732ef w_540fd73 w_21e178f w_f9a09c6
5445f6fc.jpg,new_whale w_6c803bf w_0e737d0 w_4855bd3 w_d663f4f
54464d00.jpg,new_whale w_db9dd51 w_3d0bc7a w_2d99a0c w_0d48a7d
5449d5a1.jpg,new_whale w_279b255 w_ec95acb w_826eb44 w_39d2684
544c0e4b.jpg,new_whale w_23526cb w_54fc5b3 w_c053b99 w_f672e01
5450ee34.jpg,new_whale w_deb33de w_5cc2285 w_c0f3e88 w_93bf889
5452034e.jpg,new_whale w_90ec71a w_bcf23a8 w_9ec358c w_18eee6e
54577785.jpg,new_whale w_03a2ed7 w_136ab04 w_4225bb3 w_e964ae8
5458ad3c.jpg,new_whale w_e61dd6d w_4fdaa2a w_d2be6cc w_6c803bf
54632f32.jpg,new_whale w_b066aa6 w_7554f44 w_2fe43c7 w_4e68ddc
5463b2f8.jpg,new_whale w_a59905f w_b7d5069 w_b34793e w_1dff010
54666847.jpg,new_whale w_338d945 w_cf00b01 w_0d39a68 w_1ecfe96
546894bc.jpg,new_whale w_303518a w_5f43cde w_c80d300 w_f1a4389
546afa5e.jpg,new_whale w_b1d6681 w_b9e00eb w_ebe0ad5 w_3d12652
5471fe31.jpg,new_whale w_a18d0dc w_ab4cae2 w_2db01d5 w_79b42cd
54776c7a.jpg,new_whale w_ffbd74c w_cd01afb w_0fea5a3 w_20c671c
548044fb.jpg,new_whale w_a85a3c9 w_0f92544 w_71bfc77 w_e449d3a
54804add.jpg,new_whale w_8c605d2 w_dd52cfc w_f6722e7 w_88d11b1
54806b46.jpg,new_whale w_b688397 w_b4151b7 w_f7a0fd7 w_5d96ba4
548aa161.jpg,new_whale w_5cc51d6 w_9d48bcf w_63db6f9 w_dcb1f2a
548f0422.jpg,new_whale w_5f50b5e w_73d5489 w_1b1c32f w_39043c9
5490f65d.jpg,new_whale w_62c3998 w_12cdfbd w_9f27ca9 w_4114553
5493b417.jpg,new_whale w_e0f6444 w_3061bdd w_944f496 w_a8335f2
5495b6a2.jpg,new_whale w_e4c8d6d w_ab039e2 w_deb33de w_028ca0d
549a8f06.jpg,new_whale w_98baff9 w_fce6ab2 w_ab4cae2 w_dc89c4c
549baa31.jpg,new_whale w_fb7a56b w_3f5e7fc w_4759be5 w_7554f44
54a1dd43.jpg,new_whale w_94e1ed4 w_b066aa6 w_4e68ddc w_4fb3c95
54a3af32.jpg,new_whale w_4bf5a06 w_57186e5 w_c94f464 w_625a6a9
54b09884.jpg,new_whale w_48f649e w_d224115 w_1703ee5 w_235b156
54b4a47c.jpg,new_whale w_7e8b270 w_b081817 w_cb32cb8 w_5b99089
54b4bbdb.jpg,new_whale w_d96a0cd w_ea96346 w_b31d830 w_e6541e4
54b67380.jpg,new_whale w_1dc6d62 w_2c0af5e w_53951e6 w_e45bc18
54b6b087.jpg,new_whale w_338b130 w_cad1a8d w_326e389 w_3aa1da4
54c09e83.jpg,new_whale w_fac9864 w_d249ed6 w_90ec71a w_b3655a6
54c60657.jpg,new_whale w_c167245 w_7e8b270 w_eb0a6ed w_ed0c4cc
54c8b173.jpg,new_whale w_fbcb6e4 w_242a05d w_41ed8e8 w_1eafe46
54c94743.jpg,new_whale w_c0d494d w_73b705e w_fa32440 w_1e5a146
54d2678a.jpg,new_whale w_680b86e w_778ee6e w_2d99a0c w_c0560ac
54d35cf0.jpg,new_whale w_fd6f24f w_39f2064 w_40be51f w_aed8c22
54dc0239.jpg,new_whale w_24212f5 w_7554f44 w_42f935c w_fba3bde
54dd2697.jpg,new_whale w_34c4927 w_4e52a49 w_eb47189 w_ae07541
54ea57a6.jpg,new_whale w_11adaae w_7e5cc5e w_4fdaa2a w_656afeb
54ea874b.jpg,new_whale w_b3e6069 w_b9e00eb w_a4f1419 w_24a2923
54ea94f0.jpg,new_whale w_8d83172 w_0e9f6d9 w_56bbc91 w_1dff010
54ec4f03.jpg,new_whale w_f2e9055 w_fd1cb9d w_987a36f w_9ceb05d
54f2c813.jpg,new_whale w_0e4f53c w_dd76ce2 w_46dcce7 w_b7fe199
5511daf3.jpg,new_whale w_91361f0 w_b6c4efa w_eb47189 w_8d5ede1
5516823e.jpg,new_whale w_f843a8d w_c9e1cdc w_1c69443 w_2a18a44
55201359.jpg,new_whale w_aa7a302 w_cb9220b w_4cff2f8 w_1948625
55250d9f.jpg,new_whale w_b29214f w_2d99a0c w_d5ec83f w_19dc50f
5534c67c.jpg,new_whale w_5d335c3 w_2fd21ec w_c6be61e w_70a31ce
55406f82.jpg,new_whale w_fea7fe6 w_b942708 w_e3fbc27 w_c0d494d
554193fd.jpg,new_whale w_1287fbc w_549fbeb w_cf3c233 w_9b401eb
554833b7.jpg,new_whale w_cece268 w_715c557 w_c87b956 w_aa64cc1
554ceb59.jpg,new_whale w_f546b0a w_9caed77 w_4be373e w_143b201
554d0092.jpg,new_whale w_ffb4e3d w_3bf56d4 w_7311fe4 w_045d9fc
55536aa7.jpg,new_whale w_c20f21c w_2e872af w_5a81425 w_87e8446
555b78c1.jpg,new_whale w_9947243 w_c6b1412 w_2d99a0c w_fba3bde
555cd9f7.jpg,new_whale w_96c6151 w_3326396 w_7f867ec w_52c8684
5565fc9b.jpg,new_whale w_c0cfd5b w_4b7b80b w_7554f44 w_70b4610
556e1a7c.jpg,new_whale w_1235317 w_af890ad w_430766d w_cae7677
557019e3.jpg,new_whale w_0fce9a3 w_17a3581 w_e156c87 w_2dcbf82
557409f3.jpg,new_whale w_cd88a48 w_fbcb6e4 w_64f3545 w_7c7a78c
557f59f1.jpg,new_whale w_4be373e w_e449d3a w_13550b4 w_6315bc6
557f9426.jpg,new_whale w_2e4fecc w_8044362 w_8507226 w_059ac60
5580c5c9.jpg,new_whale w_6751cb2 w_a5431ca w_2039053 w_2554558
55815837.jpg,new_whale w_b7d5069 w_372ae75 w_0beef28 w_89317b0
55837719.jpg,new_whale w_993d66c w_aa16da4 w_361e290 w_c0d494d
558414a9.jpg,new_whale w_acc67ea w_31d3999 w_65428d9 w_1eafe46
5586f6bc.jpg,new_whale w_63db6f9 w_11adaae w_5cc2285 w_6b03eb4
55878e02.jpg,new_whale w_e02fe7b w_3881300 w_7dee51b w_00d8453
5590f7ec.jpg,new_whale w_9ca943b w_4ebeafb w_19f7a8b w_43be268
55913c00.jpg,new_whale w_43be268 w_569c2c7 w_8867074 w_dad23fa
55939850.jpg,new_whale w_35c8057 w_18df014 w_6611a71 w_05e6ba7
559516d7.jpg,new_whale w_7b39dda w_80245ee w_662a132 w_1287fbc
559c58e1.jpg,new_whale w_9e1e818 w_2071a4c w_22bcbd6 w_73d5489
559cb9e8.jpg,new_whale w_853c1f7 w_c0d494d w_72e70e5 w_6202983
55a501b0.jpg,new_whale w_5d96ba4 w_18a1bf2 w_e4f1fcc w_a232f9e
55a84c29.jpg,new_whale w_d428980 w_67de30b w_2f97ce6 w_1a536b2
55a8e7da.jpg,new_whale w_df092eb w_2863d51 w_6710cf8 w_62f299e
55aa5cb2.jpg,new_whale w_e59294d w_0a97a25 w_e826a6f w_b0e05b1
55ad062a.jpg,new_whale w_bd43538 w_8643ba3 w_37dd956 w_af18c29
55ad5288.jpg,new_whale w_1272a31 w_b9e00eb w_eb39613 w_f283381
55ae5022.jpg,new_whale w_b4d182b w_1fd0d0e w_31fb9f0 w_5f7c402
55b0d70e.jpg,new_whale w_147b62b w_db2baec w_1e3ce01 w_8c1e2e4
55b73194.jpg,new_whale w_a2e2f8e w_09f9fd3 w_5ba417d w_73c9ba2
55b841f3.jpg,new_whale w_78a6f56 w_3f43888 w_e4616da w_3c3c632
55b8b9ba.jpg,new_whale w_ee17a08 w_fe87f0a w_945aefe w_a51b387
55bf9463.jpg,new_whale w_ff7630a w_4855bd3 w_cd88a48 w_4e68ddc
55c8f089.jpg,new_whale w_6badfcf w_b14007c w_2952678 w_c1e8594
55cd88b9.jpg,new_whale w_480b2d4 w_31d3999 w_9434f0c w_a155149
55d6d42d.jpg,new_whale w_cd1f1ed w_813c5be w_18a854b w_9771603
55e0879c.jpg,new_whale w_aa64cc1 w_754c69f w_037955e w_db93738
55e0f15b.jpg,new_whale w_6c803bf w_d915632 w_a91b997 w_17a2610
55e7e526.jpg,new_whale w_214c09a w_e7f03cf w_ddbf533 w_b0e05b1
55ee19da.jpg,new_whale w_3a7d86d w_10ace22 w_0c93f94 w_fd1cb9d
55ee65ca.jpg,new_whale w_b066aa6 w_0b7cc25 w_8b15b96 w_17411dd
55f22343.jpg,new_whale w_73b705e w_c0d494d w_2a04ceb w_6202983
55fe3c0c.jpg,new_whale w_4791b4c w_1ec0481 w_ca8bfb4 w_db93738
55ff0725.jpg,new_whale w_c0d494d w_efebfe8 w_1000f90 w_97f5054
5602ff2f.jpg,new_whale w_18eee6e w_1e3ce01 w_f81c626 w_a59905f
5606c095.jpg,new_whale w_01b2250 w_5f7c402 w_43be268 w_c27d036
560aa220.jpg,new_whale w_bc3fd54 w_8b5885d w_e826a6f w_e59294d
560ac504.jpg,new_whale w_61d516e w_540fd73 w_a254eb0 w_03a2ed7
560bb2e7.jpg,new_whale w_d8f848c w_f0d8be1 w_c0d494d w_17ee910
560dd0f1.jpg,new_whale w_cef690d w_056be75 w_50729c4 w_40323ac
561112dd.jpg,new_whale w_0c8a724 w_95c7d1b w_ba39ad5 w_8f1aa27
56113716.jpg,new_whale w_a481883 w_d36f58c w_540fd73 w_741861e
561335d2.jpg,new_whale w_9ceb05d w_1eafe46 w_92585eb w_fea7fe6
561d4ce3.jpg,new_whale w_5059889 w_338b130 w_7311fe4 w_8c1ec28
5620c8a4.jpg,new_whale w_ba1befb w_21e178f w_e10dff3 w_bb2d34d
56236086.jpg,new_whale w_86cc90f w_143b201 w_56f2b1e w_219e33c
562b8718.jpg,new_whale w_80245ee w_d4eb9ed w_0e40867 w_3d4900b
56302932.jpg,new_whale w_36b6904 w_aed8c22 w_17136dc w_367b996
5633986e.jpg,new_whale w_5fcee47 w_9ca943b w_1eafe46 w_e0bbddc
5634b746.jpg,new_whale w_35063ed w_1a229eb w_84f9c41 w_afbc150
56384640.jpg,new_whale w_3e57104 w_8e25bfa w_38b1edd w_f76af37
5638590f.jpg,new_whale w_c57623d w_a1114ee w_2b930da w_7f1f97b
563f83dd.jpg,new_whale w_db9dd51 w_73b26b7 w_f6fb689 w_9ec358c
5640654e.jpg,new_whale w_fd07344 w_b6886e5 w_a18d0dc w_1a5e7a2
564464c4.jpg,new_whale w_c97ece6 w_0e737d0 w_98baff9 w_a526492
5647bdb3.jpg,new_whale w_3f5e7fc w_36a4e8b w_e3f51ec w_91b7c58
564d155a.jpg,new_whale w_43be268 w_d2be6cc w_f438375 w_0408054
564feb3f.jpg,new_whale w_38e4aae w_1dff010 w_2d99a0c w_49bbc79
56529236.jpg,new_whale w_d651356 w_302af0a w_73d5489 w_11c2836
56541538.jpg,new_whale w_54c00ad w_7049d9f w_900fab7 w_41ed8e8
5655fbc9.jpg,new_whale w_01687a8 w_efa1fc7 w_5f9508d w_703e39b
56566b74.jpg,new_whale w_a533837 w_e6541e4 w_5b99089 w_a18d0dc
5656bb58.jpg,new_whale w_fb94a5a w_cf0c062 w_e826a6f w_9c70a11
56580305.jpg,new_whale w_a18d0dc w_b9e00eb w_c00534d w_fbbf84a
565ebf69.jpg,new_whale w_0e737d0 w_7e8b270 w_db474c7 w_6202983
5661b601.jpg,new_whale w_3745f59 w_778ee6e w_98baff9 w_eb0a6ed
56683c94.jpg,new_whale w_d9aab0a w_c9e1cdc w_7e8b270 w_662a132
566fbe46.jpg,new_whale w_63035d1 w_92c7ace w_ae07541 w_4b87cba
56715be2.jpg,new_whale w_e64c9a6 w_7885601 w_eb39613 w_d47e2e3
5671ee2c.jpg,new_whale w_32037e2 w_3026ce2 w_372ae75 w_b9c9129
5675f4da.jpg,new_whale w_218b25e w_f2a7635 w_44beff0 w_de3cab3
56782171.jpg,new_whale w_1dd8e68 w_dd52cfc w_87e8446 w_0bc712b
5678a99d.jpg,new_whale w_f672e01 w_095f58d w_54fc5b3 w_b074cdf
567d6815.jpg,new_whale w_0b0d88d w_6e8486d w_6247b2e w_80211fd
567f5a94.jpg,new_whale w_bb2d34d w_aed6a9a w_5a6bf1f w_69f4311
56805251.jpg,new_whale w_1af5d59 w_987a36f w_8936f42 w_e3f7187
56829780.jpg,new_whale w_d915632 w_4855bd3 w_3d0bc7a w_78999a6
56843820.jpg,new_whale w_e61dd6d w_dcf2001 w_49bbc79 w_3026ce2
5687fc10.jpg,new_whale w_dfbfe10 w_5570053 w_b6689cc w_0ac6a0a
56896120.jpg,new_whale w_b6886e5 w_1c32062 w_5619521 w_7554f44
568cf692.jpg,new_whale w_f843a8d w_a59905f w_33e89be w_e07f3d1
568fed3d.jpg,new_whale w_9df0865 w_1dff010 w_77166cc w_23e4e61
569046b3.jpg,new_whale w_217e78a w_bf38f05 w_7311fe4 w_d314904
56920dcb.jpg,new_whale w_f8e6546 w_f4c78e5 w_4b95330 w_367b996
569a740c.jpg,new_whale w_98b57a1 w_fe5e78b w_8d83172 w_5f54bf3
56a932ea.jpg,new_whale w_588d5d7 w_87e8446 w_ba1befb w_6cef37c
56ac535d.jpg,new_whale w_d3f5be3 w_cbd49f8 w_a21cc97 w_4b47559
56b2b277.jpg,new_whale w_5f82501 w_4b7b80b w_5e57e8b w_71764b4
56b9068e.jpg,new_whale w_503ff17 w_79581d3 w_1b67a2e w_7394d75
56b9fa9c.jpg,new_whale w_fbcb6e4 w_6b03eb4 w_4fdaa2a w_d037229
56badd05.jpg,new_whale w_9ec358c w_71cc46c w_95874a5 w_9ea2cc3
56c15fa6.jpg,new_whale w_9771603 w_89e159a w_2a939eb w_813c5be
56c1c849.jpg,new_whale w_38efce7 w_f19faeb w_e0f6444 w_3fcb80e
56c9dcfc.jpg,new_whale w_2fd73d9 w_8867074 w_1eafe46 w_120927e
56cb39b0.jpg,new_whale w_a59905f w_2863d51 w_8534390 w_e54feba
56d145f3.jpg,new_whale w_f178867 w_7cca153 w_329e594 w_e3c0ae5
56d67433.jpg,new_whale w_a254eb0 w_db3621e w_693c9ee w_b6886e5
56da2897.jpg,new_whale w_27fc5d3 w_67fecca w_3feb2df w_1489751
56db04e5.jpg,new_whale w_53064a6 w_d663f4f w_43be268 w_8867074
56dbd3e9.jpg,new_whale w_17136dc w_243e33e w_4b7b80b w_7285eb3
56df1ad4.jpg,new_whale w_ace8c54 w_53951e6 w_88cb2dd w_ab161f7
56e8e2cd.jpg,new_whale w_503ff17 w_0771d4b w_3de676c w_6d05f7f
56f6ced4.jpg,new_whale w_f7fed13 w_0de84f0 w_0f96780 w_fe054f3
56fb4538.jpg,new_whale w_3fc3d07 w_392bee3 w_7311fe4 w_e9ac2a8
56fc5178.jpg,new_whale w_73bed18 w_1957ab8 w_961ba76 w_e826a6f
570188cc.jpg,new_whale w_aca9607 w_b08520c w_89e159a w_dcb1f2a
5702acb4.jpg,new_whale w_e826a6f w_6c803bf w_1a70685 w_ab4cae2
570b8dcb.jpg,new_whale w_18eee6e w_9ea2cc3 w_6c803bf w_a59905f
570e31cf.jpg,new_whale w_5d86dc6 w_a350727 w_0dac526 w_4b7b80b
5711a1c2.jpg,new_whale w_d89b29e w_dcb1f2a w_abc2eda w_577e627
571a85b8.jpg,new_whale w_12f2352 w_ff70408 w_6865ccb w_6c803bf
571fd11e.jpg,new_whale w_693c9ee w_c9e1cdc w_b4d182b w_95874a5
572763fd.jpg,new_whale w_b3e6069 w_76ebad6 w_844f032 w_0d48a7d
572777b8.jpg,new_whale w_fe6617a w_63d1ea6 w_f93d780 w_cc54cee
572a97a3.jpg,new_whale w_d3ce445 w_1c432e7 w_4b7b80b w_fe054f3
572af8f2.jpg,new_whale w_ace8c54 w_eeb5fa7 w_01f9086 w_57c8da9
572e0d7e.jpg,new_whale w_13c6b6b w_9ca943b w_d9aab0a w_993d66c
572f3a83.jpg,new_whale w_8cd3036 w_6232813 w_db2baec w_2e872af
572fa850.jpg,new_whale w_54cd8e0 w_fae3939 w_403f92f w_d97d54c
5731267e.jpg,new_whale w_c30959a w_2fe43c7 w_987a36f w_656afeb
5733de07.jpg,new_whale w_9c61d57 w_6ce20f3 w_53549df w_b96d4e0
57398e05.jpg,new_whale w_e375961 w_b9e00eb w_4f248f3 w_83714b7
573ac4d4.jpg,new_whale w_e7a238b w_3d66298 w_ca40961 w_6a3210a
573d250d.jpg,new_whale w_dcd7a1d w_90ec71a w_b3cc032 w_18eee6e
57445a5e.jpg,new_whale w_d141590 w_64783fe w_3aa2073 w_3f43888
574994c5.jpg,new_whale w_e3c0ae5 w_44a6b62 w_4b7b80b w_6202983
5755ea71.jpg,new_whale w_5d6786e w_6c803bf w_3af4e73 w_d915632
5757b61b.jpg,new_whale w_bd61ca9 w_0c6dbbe w_642de28 w_e4616da
575bea2d.jpg,new_whale w_34c4927 w_987a36f w_49bbc79 w_2d99a0c
575cc2b4.jpg,new_whale w_3b483d3 w_900f9eb w_87e00c8 w_0d48a7d
575cca28.jpg,new_whale w_4b47559 w_9ca943b w_9db9ef5 w_4a4546c
575cd05f.jpg,new_whale w_6a78025 w_02a768d w_bc68c30 w_1e7bb93
575d16b4.jpg,new_whale w_d8384bf w_3d66298 w_e7a238b w_63035d1
575d53aa.jpg,new_whale w_29eb3b2 w_5374a4c w_e449d3a w_2e872af
575f4fbf.jpg,new_whale w_66fb697 w_b04d4f1 w_3d2724b w_a71aa99
5761b9d9.jpg,new_whale w_b942708 w_9ba1eee w_7e8b270 w_8c1ec28
5762d7a3.jpg,new_whale w_2e4fecc w_03a2ed7 w_883557a w_f83b1f9
57666c7b.jpg,new_whale w_7e48479 w_a67a1bc w_058547a w_2658649
5769b05d.jpg,new_whale w_0e9f6d9 w_56bbc91 w_8d83172 w_1dff010
576d83bc.jpg,new_whale w_b29214f w_c9e1cdc w_d5ec83f w_1a5e7a2
577904d9.jpg,new_whale w_4e52a49 w_f183341 w_434ad6a w_4195fc3
577fdeee.jpg,new_whale w_8c1ec28 w_8044362 w_b074cdf w_4b7b80b
57820680.jpg,new_whale w_85755f7 w_a14a253 w_dbc392b w_837646b
5786a1db.jpg,new_whale w_e3c0ae5 w_1e5a146 w_d19a884 w_f83b1f9
57899ca7.jpg,new_whale w_5007db3 w_425da9a w_12f2352 w_599d0df
5789e8e7.jpg,new_whale w_1dc66b7 w_3061bdd w_63db6f9 w_6c803bf
578e2b23.jpg,new_whale w_21e178f w_4ebeafb w_9d9913a w_18eee6e
579091ee.jpg,new_whale w_b678944 w_03dc41c w_31d3999 w_5f82501
5792038f.jpg,new_whale w_d36f58c w_e2e56e9 w_9ea2cc3 w_0e737d0
5799317a.jpg,new_whale w_a494171 w_b33e728 w_ee17a08 w_09e0cbf
57a41711.jpg,new_whale w_a524549 w_1d53d9c w_19e8a2d w_010a1fa
57a5110f.jpg,new_whale w_17cb04d w_d4251cb w_e1431ba w_1a70685
57adc461.jpg,new_whale w_fa32440 w_794effc w_c0d494d w_932c8cd
57b60c3f.jpg,new_whale w_b678944 w_8fd5636 w_5f82501 w_7a53e0c
57b6c0e5.jpg,new_whale w_2730966 w_985877e w_4f0b7d9 w_c786765
57b971c6.jpg,new_whale w_3621c49 w_fba3bde w_1287fbc w_dfbfe10
57bb20a9.jpg,new_whale w_d4ab7ad w_ca8bfb4 w_ed32859 w_18a854b
57bd6659.jpg,new_whale w_3050553 w_2658649 w_3136deb w_2af3059
57be9a29.jpg,new_whale w_66c1b54 w_a59905f w_6c803bf w_18eee6e
57c5e803.jpg,new_whale w_8459e39 w_612f4a2 w_4a3032d w_45aac7a
57ce2ffd.jpg,new_whale w_62f804d w_43be268 w_f81e77a w_d663f4f
57d2cf54.jpg,new_whale w_51652ee w_6163581 w_fab0b50 w_02cf46c
57d879db.jpg,new_whale w_d22af00 w_fe49bc4 w_5d732da w_dbda0d6
57db6e32.jpg,new_whale w_8ba2066 w_e2241ce w_1a4f16e w_3c0bbac
57dd15c8.jpg,new_whale w_2d29ddd w_89e159a w_6547e12 w_fd1cb9d
57de632a.jpg,new_whale w_eb458bf w_89e159a w_2707bcd w_3694c7d
57f3cf6d.jpg,new_whale w_49308df w_73e5530 w_1aa512b w_7ed3719
57f471dd.jpg,new_whale w_813c5be w_303518a w_851a7f4 w_2071a4c
57f8a4bd.jpg,new_whale w_fe2742d w_1a5e7a2 w_307065e w_c9e1cdc
57fcb9a9.jpg,new_whale w_a8458c8 w_703e39b w_444a844 w_91e86c4
57fd4c39.jpg,new_whale w_f5771d1 w_0652d70 w_776ba6e w_6affb63
5802f268.jpg,new_whale w_b6d09e6 w_3061bdd w_6c803bf w_fd1cb9d
5804150c.jpg,new_whale w_b38374a w_8bde95b w_1287fbc w_43be268
5807d36f.jpg,new_whale w_62f299e w_96b697f w_2f283f3 w_8fab53d
5808d7a7.jpg,new_whale w_540fd73 w_e61dd6d w_2fe43c7 w_9771603
581046e9.jpg,new_whale w_0e4f53c w_dd52cfc w_85755f7 w_a646643
58110451.jpg,new_whale w_4e68ddc w_7554f44 w_4fb3c95 w_97da401
5812d4a0.jpg,new_whale w_fd1a27f w_1911cbb w_ab4bd59 w_67de30b
58156c84.jpg,new_whale w_9923d21 w_a7c6cf3 w_acc33ca w_e41f2fa
581b9608.jpg,new_whale w_b47a4a1 w_59eb8ae w_6c803bf w_6e8486d
5820b732.jpg,new_whale w_53859b2 w_e7f8e67 w_5bc7e7f w_88083bc
582e471f.jpg,new_whale w_20eb13c w_4ebeafb w_fba3bde w_18eee6e
5831838f.jpg,new_whale w_18eee6e w_5e43abb w_75f217b w_6c803bf
58382940.jpg,new_whale w_3d66298 w_0beef28 w_c027e4e w_02facde
583cbae8.jpg,new_whale w_e59a1f0 w_38e4aae w_cb9220b w_932c8cd
583f608f.jpg,new_whale w_43eea34 w_32a920b w_1dff010 w_e74980b
584b4360.jpg,new_whale w_381c6aa w_9b401eb w_72d5b6c w_fa32440
5854e6e5.jpg,new_whale w_cae7677 w_5438813 w_b6886e5 w_ab6db0f
5855c464.jpg,new_whale w_1743d93 w_e86cf21 w_89ee7c1 w_41ed8e8
58598708.jpg,new_whale w_dfacbe7 w_54fc5b3 w_4e7e512 w_0bbb3de
585da8d7.jpg,new_whale w_993d66c w_3f907d6 w_aa7e5f4 w_361e290
586102b2.jpg,new_whale w_0beef28 w_2f1e886 w_6c899ff w_3411b9f
5867c531.jpg,new_whale w_bbf58a9 w_a254eb0 w_6b45921 w_17b33ae
58685afd.jpg,new_whale w_b48535f w_1a70685 w_afbc2d1 w_4659acf
586899d7.jpg,new_whale w_ec853f1 w_dd52cfc w_71bfc77 w_c352046
586b72c3.jpg,new_whale w_1f00cb7 w_aa16da4 w_d663f4f w_7554f44
5870e085.jpg,new_whale w_5010531 w_b9e00eb w_4b7b80b w_c352046
5874eea9.jpg,new_whale w_cf00b01 w_9771603 w_d5ec83f w_e61dd6d
58780a2d.jpg,new_whale w_8b5885d w_c8728f4 w_5d50ea2 w_dcb1f2a
587a46d2.jpg,new_whale w_63035d1 w_11adaae w_9122179 w_e156c87
587b4691.jpg,new_whale w_e8a8d85 w_94bc64e w_ea96346 w_5297ab3
588af43f.jpg,new_whale w_847088b w_1eafe46 w_9ca943b w_aa16da4
588e3067.jpg,new_whale w_d3f5be3 w_7b035cc w_656ef35 w_f12415b
58985579.jpg,new_whale w_3cdf114 w_f0f0dbb w_54fc5b3 w_b074cdf
58aa7309.jpg,new_whale w_b729b1f w_c8126db w_9ca943b w_2a939eb
58aae049.jpg,new_whale w_c0d494d w_2f283f3 w_ab4cae2 w_19ca2c6
58b9324f.jpg,new_whale w_7028d77 w_73d5489 w_c11932e w_c774326
58be6b35.jpg,new_whale w_2658649 w_130508d w_4bd8388 w_648a9a8
58c14250.jpg,new_whale w_540fd73 w_b4732ef w_8867074 w_dad23fa
58c348e7.jpg,new_whale w_56b9dcd w_847088b w_3ae3603 w_6202983
58c36f24.jpg,new_whale w_f546b0a w_2f54c3c w_49c640f w_8cd7651
58c59d9f.jpg,new_whale w_a25d46c w_7e8b270 w_a254eb0 w_851a7f4
58c8703d.jpg,new_whale w_313b78a w_1a70685 w_96c141f w_2d99a0c
58cdebf9.jpg,new_whale w_8fb79a2 w_7554f44 w_6545984 w_b074cdf
58d16ca6.jpg,new_whale w_fe49bc4 w_fba3bde w_bc9dc37 w_b96d4e0
58dc1d66.jpg,new_whale w_dd52cfc w_87e8446 w_46dcce7 w_01d6ca0
58dcd8f7.jpg,new_whale w_73d5489 w_8c1e2e4 w_fba3bde w_e41fd4f
58e19144.jpg,new_whale w_dd52cfc w_64783fe w_ee948c6 w_f5fd7ef
58e8cf08.jpg,new_whale w_2466659 w_403f92f w_07fea3d w_18df014
58ead831.jpg,new_whale w_34c4927 w_49bbc79 w_7bda16b w_987a36f
58f32270.jpg,new_whale w_fdf60bb w_41ed8e8 w_0de84f0 w_b61840c
58f369a1.jpg,new_whale w_6aad777 w_853c1f7 w_a59905f w_33e89be
58f762e0.jpg,new_whale w_02facde w_bb2d34d w_540fd73 w_987a36f
58fcc0a0.jpg,new_whale w_414f402 w_92c6140 w_4c9d3df w_bb2d34d
5901f143.jpg,new_whale w_6710cf8 w_5e43abb w_d428980 w_a59905f
59059910.jpg,new_whale w_cc5fae7 w_0103030 w_a7f847f w_339c8ae
59059f1d.jpg,new_whale w_2658649 w_effd0ea w_648a9a8 w_593485f
5912f971.jpg,new_whale w_ab039e2 w_f93d780 w_d9adb4f w_ef7755e
59195211.jpg,new_whale w_f3248b4 w_38e4aae w_e0f1df1 w_232e5bd
591b94a6.jpg,new_whale w_397e3db w_93dcf76 w_73cbacd w_8fd5636
591cf942.jpg,new_whale w_6df35bf w_9577f88 w_403f92f w_790c2aa
591d70e6.jpg,new_whale w_4659acf w_ee17a08 w_7c7a78c w_b7d5069
591dcad4.jpg,new_whale w_38e4aae w_62c3998 w_ee17a08 w_2901987
591e4b20.jpg,new_whale w_0a58a06 w_97f5054 w_bcf23a8 w_5cc2285
59233bfb.jpg,new_whale w_2be1c9c w_4b7b80b w_3f5e7fc w_dbda0d6
59263515.jpg,new_whale w_17ee910 w_e73d83c w_1287fbc w_1905c66
592d5563.jpg,new_whale w_73d5489 w_4da05cc w_95aad92 w_5c62a56
592f58df.jpg,new_whale w_4fd48e7 w_4e52a49 w_ee17a08 w_91361f0
592f90c6.jpg,new_whale w_a1e017f w_5817e08 w_da6d50b w_5f82501
5933c67b.jpg,new_whale w_c0f3e88 w_aa16da4 w_361e290 w_4e52a49
59371fde.jpg,new_whale w_b942708 w_9ba1eee w_7e8b270 w_8c1ec28
593e0245.jpg,new_whale w_28fa29e w_f4e0748 w_057c418 w_6c803bf
593e6a24.jpg,new_whale w_abe383e w_8c1e2e4 w_5cc2285 w_17ee910
59458ec7.jpg,new_whale w_693c9ee w_77e1d3f w_3e26a99 w_53064a6
59466b5c.jpg,new_whale w_3b0894d w_11adaae w_9ca943b w_43be268
594b7d88.jpg,new_whale w_3d187b5 w_54fc5b3 w_e64ad53 w_09f9fd3
594c8905.jpg,new_whale w_97bc172 w_3326396 w_414c24a w_52c8684
594ce649.jpg,new_whale w_7586198 w_a38d1a3 w_44beff0 w_b6689cc
594dddfe.jpg,new_whale w_c926fc3 w_9c5ed68 w_93dcf76 w_b678944
594e1a87.jpg,new_whale w_2d09595 w_dee6441 w_83714b7 w_80b1c48
594ea1d7.jpg,new_whale w_e6f746e w_4ebeafb w_7437489 w_8db45b7
594ebbe4.jpg,new_whale w_d2be6cc w_5d6786e w_b970272 w_6c803bf
594f5c3a.jpg,new_whale w_d9055d1 w_71c7322 w_a3dbc8f w_77ee0be
5950cb8f.jpg,new_whale w_7f5f0c9 w_cf0c062 w_88f693b w_8069cbb
595b9502.jpg,new_whale w_31fb9f0 w_98baff9 w_67de30b w_6c8601e
595d5004.jpg,new_whale w_ab4cae2 w_693c9ee w_62799b5 w_e02fe7b
595ec617.jpg,new_whale w_41afa58 w_817f022 w_63db6f9 w_3fffc61
595f34ab.jpg,new_whale w_2d99a0c w_1a70685 w_dcb1f2a w_2c83e22
5961bfca.jpg,new_whale w_cce912e w_fe49bc4 w_72e70e5 w_ca54a51
596edf99.jpg,new_whale w_7377b2b w_7d19608 w_8459e39 w_d9787aa
596f842e.jpg,new_whale w_ebff750 w_98baff9 w_00cb685 w_60cc444
5972e617.jpg,new_whale w_71c7322 w_8ba2066 w_4e52a49 w_a3cd405
5975c687.jpg,new_whale w_1127c35 w_578a509 w_b8cba61 w_f763429
5979391f.jpg,new_whale w_03c6d18 w_2fd21ec w_54b0844 w_bcf23a8
598ad24b.jpg,new_whale w_2282bb8 w_e5250e9 w_e5ed2d6 w_9c61d57
5992a231.jpg,new_whale w_851a7f4 w_8a31e6c w_898bb9a w_c622a3f
59954d5d.jpg,new_whale w_a837660 w_540fd73 w_d663f4f w_8c1ec28
59984f11.jpg,new_whale w_2f6a962 w_1facad2 w_4863ed9 w_a59905f
59a00e81.jpg,new_whale w_b074cdf w_7554f44 w_e964ae8 w_d224115
59afc0ed.jpg,new_whale w_19e5d10 w_57c14db w_338b130 w_54fc5b3
59b7fb46.jpg,new_whale w_a2b3d53 w_d3f5be3 w_361e290 w_8eb63b7
59bcbead.jpg,new_whale w_ecbf9fa w_d3c8520 w_99ad599 w_c0323f5
59bce6b4.jpg,new_whale w_73d5489 w_5cb5fc3 w_95aad92 w_845f7ca
59bd921d.jpg,new_whale w_7dee51b w_22bcbd6 w_735ce7d w_aae82f8
59c2670c.jpg,new_whale w_b318111 w_dbda0d6 w_f19faeb w_18df014
59c292a1.jpg,new_whale w_b0e05b1 w_ab4cae2 w_22bcbd6 w_1ac4c38
59c4daff.jpg,new_whale w_f7bf28d w_7311fe4 w_e09e886 w_19ca2c6
59c7c2f9.jpg,new_whale w_eadf1ec w_6a7478d w_4c25641 w_0b4429c
59c9c007.jpg,new_whale w_6b03eb4 w_3197568 w_aae82f8 w_abe383e
59cb0a9a.jpg,new_whale w_549fbeb w_24e2654 w_056be75 w_cf3c233
59d526d0.jpg,new_whale w_fe6617a w_e3c0ae5 w_b0e05b1 w_0e737d0
59dc6925.jpg,new_whale w_d9fdd15 w_cd1f1ed w_abe383e w_8fab53d
59e4e5cb.jpg,new_whale w_721d2e9 w_6202983 w_1eafe46 w_a91b997
59e6f431.jpg,new_whale w_bbd9409 w_cce912e w_43be268 w_8867074
59fa452c.jpg,new_whale w_f714476 w_1431f4b w_c0d494d w_eb39613
59fcdf7c.jpg,new_whale w_3580734 w_796eebc w_c3d523d w_7538a4c
59ff7ef4.jpg,new_whale w_facffea w_9db9ef5 w_6c899ff w_3411b9f
5a00378e.jpg,new_whale w_1af5d59 w_987a36f w_67de30b w_532fb22
5a018b76.jpg,new_whale w_0d8fb3f w_410fb0a w_a67a1bc w_8158b1f
5a02c5ce.jpg,new_whale w_8fab53d w_0e737d0 w_98baff9 w_ab4cae2
5a069ac0.jpg,new_whale w_11adaae w_516bedb w_1a70685 w_b80a9c5
5a0a9015.jpg,new_whale w_4fd48e7 w_9db9ef5 w_6af9dd7 w_43be268
5a1b6f24.jpg,new_whale w_05567a9 w_beab972 w_7c943ab w_cae7677
5a1ec291.jpg,new_whale w_c9e1cdc w_b05c57f w_6c803bf w_516bedb
5a237f31.jpg,new_whale w_97da401 w_e826a6f w_0fea5a3 w_4e68ddc
5a2ffe9d.jpg,new_whale w_b7ea0df w_93bf5f4 w_1d53d9c w_73d5489
5a355191.jpg,new_whale w_5f215db w_67fecca w_57c8da9 w_1eafe46
5a367a34.jpg,new_whale w_7c6ad05 w_f438375 w_081dd6e w_c5f9e78
5a38a248.jpg,new_whale w_32a920b w_38e4aae w_5eda687 w_1dff010
5a4e66fb.jpg,new_whale w_6b3402d w_63035d1 w_11adaae w_2ea9744
5a529338.jpg,new_whale w_c0d494d w_73b705e w_fa32440 w_efebfe8
5a5f4261.jpg,new_whale w_008c602 w_3af4e73 w_d2be6cc w_9ea2cc3
5a5fc942.jpg,new_whale w_4f38350 w_ee17a08 w_ee9c4d7 w_f3bd33a
5a5fe785.jpg,new_whale w_aa16da4 w_e73d83c w_d8f848c w_9321960
5a63f3f0.jpg,new_whale w_1c32062 w_d3ef4b2 w_fe49bc4 w_d9adb4f
5a64a4a2.jpg,new_whale w_aae82f8 w_d382236 w_cb8edf5 w_d8e752e
5a6741cd.jpg,new_whale w_27fc5d3 w_a43fcbb w_73d5489 w_6734e40
5a68abcc.jpg,new_whale w_3674103 w_a254eb0 w_4b7b80b w_f6fb689
5a6b0d38.jpg,new_whale w_da2efe0 w_1287fbc w_3b3b9b2 w_ec354a5
5a71c4f6.jpg,new_whale w_3745f59 w_778ee6e w_7b5d0f0 w_eb0a6ed
5a785e3d.jpg,new_whale w_e2e56e9 w_f64658b w_35453e0 w_c55c9cd
5a7a9544.jpg,new_whale w_159f36b w_fea7fe6 w_1717a13 w_aae82f8
5a7c1d79.jpg,new_whale w_d6a3892 w_6635a97 w_f208155 w_70b9e55
5a8969d8.jpg,new_whale w_d9055d1 w_2fe43c7 w_50729c4 w_9ca943b
5a89787a.jpg,new_whale w_77f3e70 w_e21741a w_70daaba w_9b6d597
5a897e79.jpg,new_whale w_993d66c w_e3fbc27 w_cbd49f8 w_a21cc97
5a96206e.jpg,new_whale w_b4a223d w_434ad6a w_1eafe46 w_eb0a6ed
5a99bd4e.jpg,new_whale w_a494171 w_bd1c23d w_9db9ef5 w_511c464
5a9b9882.jpg,new_whale w_ee22376 w_4f0b7d9 w_e8778ce w_2d29ddd
5aa103db.jpg,new_whale w_ab2d17a w_bdd0576 w_07e92ee w_9562910
5aa2f46d.jpg,new_whale w_0d0ecfb w_67de30b w_86cc90f w_e09e886
5aa551b1.jpg,new_whale w_3650949 w_19e5d10 w_4fd48e7 w_b6410bc
5aaa7b7d.jpg,new_whale w_aa16da4 w_38ef4a3 w_7e8b270 w_540fd73
5aae5511.jpg,new_whale w_86b3f04 w_0e4f53c w_f7a0fd7 w_b4151b7
5aae70bf.jpg,new_whale w_94e1ed4 w_aa9b995 w_2811cea w_2863d51
5aafc196.jpg,new_whale w_7e8b270 w_6c2d7ea w_d224115 w_059df09
5ab4b86f.jpg,new_whale w_7586198 w_6719a5b w_c241e72 w_cd65880
5ab575ec.jpg,new_whale w_7419e4b w_43be268 w_7b035cc w_4ebeafb
5ab7d3dd.jpg,new_whale w_3aa2073 w_f8e6546 w_b8bfaf1 w_d141590
5ab928d8.jpg,new_whale w_cae7677 w_b6886e5 w_3af4e73 w_9ec358c
5ab9e864.jpg,new_whale w_837646b w_26f9f95 w_776ba6e w_338b130
5abd03bc.jpg,new_whale w_94e1ed4 w_711aaa1 w_4ebeafb w_6c803bf
5ac0bcba.jpg,new_whale w_7918071 w_488cdd8 w_e41f2fa w_8c605d2
5ac72415.jpg,new_whale w_5dc1c2d w_78a4639 w_b96d4e0 w_a6a7dbf
5ac83a83.jpg,new_whale w_844f032 w_d635930 w_b3e6069 w_41901e5
5ac8cddf.jpg,new_whale w_02bb4cf w_0beef28 w_4e52a49 w_34c4927
5acb9cd6.jpg,new_whale w_9d83b4d w_f03ca16 w_b693f13 w_19aeb9c
5acd9fe8.jpg,new_whale w_a837660 w_d9aab0a w_53dbf9d w_e3fbc27
5ad1c1d6.jpg,new_whale w_0c45f5e w_d642d4e w_314d77b w_d6a6360
5ada057e.jpg,new_whale w_2f97ce6 w_0d39a68 w_2f6a962 w_89e159a
5ada96d6.jpg,new_whale w_99365b3 w_6b851b1 w_1127c35 w_a8bc2bc
5ae31094.jpg,new_whale w_98baff9 w_8a2e496 w_b6efe77 w_b0e05b1
5ae34d72.jpg,new_whale w_9989964 w_898bb9a w_f178867 w_91572bb
5ae7c334.jpg,new_whale w_6926f08 w_a59905f w_a9dd349 w_6aad777
5ae9cf62.jpg,new_whale w_33f5747 w_4b950da w_ebff750 w_cece268
5aecf6f5.jpg,new_whale w_7faebe3 w_0fa8587 w_54cd8e0 w_06ff732
5aee973e.jpg,new_whale w_6202983 w_8a66718 w_8c1ec28 w_a254eb0
5af77c5d.jpg,new_whale w_9ca943b w_4e52a49 w_3061bdd w_b7d5069
5af92fcb.jpg,new_whale w_14ba846 w_c57623d w_2e4fecc w_19aeb9c
5afb5a1e.jpg,new_whale w_096bc48 w_bf69a19 w_76d2cce w_e0efc4f
5afccb14.jpg,new_whale w_fccb97a w_97f5054 w_a155149 w_ace8c54
5afe4226.jpg,new_whale w_5f8c5d3 w_7875b79 w_41fa033 w_6485cd4
5b0a1be3.jpg,new_whale w_9023f3b w_703e39b w_861cc1c w_ffcd98e
5b196cf4.jpg,new_whale w_b6c4efa w_4ebeafb w_67de30b w_f86488a
5b1e1b9e.jpg,new_whale w_ca813c2 w_8bde95b w_2386a5a w_38158d6
5b2d9a92.jpg,new_whale w_2658649 w_5102893 w_eb7c39f w_693c9ee
5b334adf.jpg,new_whale w_1743d93 w_18eee6e w_eb44149 w_89ee7c1
5b444386.jpg,new_whale w_d51a79f w_18fbec1 w_4b7b80b w_b6886e5
5b47354b.jpg,new_whale w_0970c7f w_7e8b270 w_65e519b w_15d7ecf
5b47c5fe.jpg,new_whale w_fc433f7 w_5e43abb w_3af4e73 w_eb44149
5b4977f4.jpg,new_whale w_11ca856 w_ddf14ae w_d663f4f w_e4616da
5b4b64b5.jpg,new_whale w_fe054f3 w_9434f0c w_56f2b1e w_8fd5636
5b536d03.jpg,new_whale w_23e5a4c w_339c8ae w_6f31916 w_0d60fdd
5b548b5e.jpg,new_whale w_cb8edf5 w_5b99089 w_1431f4b w_c00534d
5b58e4bd.jpg,new_whale w_49bbc79 w_7bda16b w_89e159a w_2a939eb
5b5fc272.jpg,new_whale w_38954da w_e54feba w_db2baec w_63db6f9
5b60dea2.jpg,new_whale w_c39fceb w_db93738 w_3ae3603 w_44237e0
5b6227ee.jpg,new_whale w_0fea5a3 w_ffbd74c w_c80d300 w_542f8ca
5b67a204.jpg,new_whale w_7b39dda w_80245ee w_662a132 w_1287fbc
5b6f070b.jpg,new_whale w_c5f9e78 w_08ddb50 w_3674103 w_29670e2
5b708f21.jpg,new_whale w_cf00b01 w_ae07541 w_4114553 w_17ee910
5b7901fe.jpg,new_whale w_8fab53d w_693c9ee w_4759be5 w_395d578
5b7aaedb.jpg,new_whale w_76d2cce w_4c8244d w_da64f8d w_1875b28
5b7d1d46.jpg,new_whale w_56ddb00 w_395d578 w_477ccf5 w_70715c1
5b88085d.jpg,new_whale w_38158d6 w_4fcfa4d w_67de30b w_ad32646
5b8e3407.jpg,new_whale w_e8bce8a w_c6ac89b w_ab6db0f w_c9e1cdc
5b8f796e.jpg,new_whale w_8e451d9 w_b942708 w_3449e4f w_95874a5
5b8fe4f6.jpg,new_whale w_6e742e5 w_170bacc w_59786da w_e0e5c9e
5b91bb76.jpg,new_whale w_97f5054 w_dc89c4c w_ab4cae2 w_c9e1cdc
5b93aa14.jpg,new_whale w_fd1cb9d w_28ce17c w_715d152 w_ee17a08
5b9849fa.jpg,new_whale w_1743d93 w_11adaae w_bc9dc37 w_af06773
5b9e0444.jpg,new_whale w_9562910 w_b5c9946 w_0bc712b w_893e77a
5b9fc22d.jpg,new_whale w_abe383e w_1ed4dde w_b1acbb9 w_3d66298
5ba3314e.jpg,new_whale w_2c6fe6f w_6fcceaf w_f22f3e3 w_a3cd405
5ba40bad.jpg,new_whale w_8bc853a w_e3b236d w_38e4aae w_4d98ef7
5ba574a9.jpg,new_whale w_3d66298 w_78ba632 w_e0efc4f w_b7d5069
5ba5a3e7.jpg,new_whale w_8d9c6fc w_b34793e w_4f6c7e0 w_076c122
5ba9277a.jpg,new_whale w_fd1cb9d w_3411b9f w_7cc620b w_2d99a0c
5ba992c5.jpg,new_whale w_2d2d7fe w_7049d9f w_530f87b w_76d2cce
5bacf7db.jpg,new_whale w_eb9ab29 w_8459e39 w_8bdc211 w_be20b46
5bb056f2.jpg,new_whale w_dbd28fa w_cae7677 w_f438375 w_d9055d1
5bb50ede.jpg,new_whale w_59eb8ae w_1a70685 w_313b78a w_6865ccb
5bb57a9e.jpg,new_whale w_de2ff33 w_c80d300 w_441bd21 w_3580734
5bbab217.jpg,new_whale w_20eb13c w_4659acf w_b6c4efa w_41ed8e8
5bdfcbfc.jpg,new_whale w_da6d50b w_98baff9 w_7554f44 w_7e8b270
5be36ab3.jpg,new_whale w_7554f44 w_5c62a56 w_143b201 w_5436d75
5be9b4cf.jpg,new_whale w_b5dd5bc w_bdd0576 w_0f9166e w_697c72e
5beb378a.jpg,new_whale w_5c07f42 w_dcd7a1d w_bb2d34d w_18a854b
5becd3d2.jpg,new_whale w_655bba3 w_fe49bc4 w_61c1f9c w_853c1f7
5befedad.jpg,new_whale w_43be268 w_6503ccd w_d6e437d w_361e290
5bf32411.jpg,new_whale w_71bfc77 w_0f92544 w_6ef68ed w_c926fc3
5bfdcfaa.jpg,new_whale w_f19faeb w_dbda0d6 w_480b2d4 w_08f1502
5c03ff63.jpg,new_whale w_063d82f w_e449d3a w_02c9470 w_871b1b9
5c1e3835.jpg,new_whale w_5bdcd94 w_96c6151 w_8201c3f w_1717a13
5c1f0e79.jpg,new_whale w_38efce7 w_598b8ab w_e0efc4f w_056be75
5c203982.jpg,new_whale w_0e737d0 w_b066aa6 w_c30959a w_693c9ee
5c2473e0.jpg,new_whale w_3dd210a w_2b939eb w_8ba2066 w_5f8c5d3
5c249672.jpg,new_whale w_7554f44 w_ff7630a w_d2e1f2a w_4fb3c95
5c2b56ca.jpg,new_whale w_4095207 w_efbb71a w_c74ab24 w_a91600a
5c2b8d3b.jpg,new_whale w_6375873 w_7b035cc w_43be268 w_3cf3853
5c2dab76.jpg,new_whale w_cd1f1ed w_0d39a68 w_813c5be w_9e1e278
5c3a4a61.jpg,new_whale w_0fecdf7 w_89973e5 w_7cc620b w_361e290
5c3c3afb.jpg,new_whale w_a2660fd w_dfbfe10 w_9ba1eee w_aed6a9a
5c3e31b0.jpg,new_whale w_98baff9 w_b074cdf w_ba17206 w_7554f44
5c42c5f3.jpg,new_whale w_8b15b96 w_8691e58 w_b0aed4a w_4d528e4
5c453bf0.jpg,new_whale w_d1bbde9 w_b8dff40 w_7b5a630 w_97666c8
5c456a5c.jpg,new_whale w_8141223 w_681dba6 w_67de30b w_f792125
5c4e35f1.jpg,new_whale w_af76f1e w_6485cd4 w_73d5489 w_fd6f24f
5c649f6e.jpg,new_whale w_987a36f w_49a3a96 w_79b12d8 w_0e737d0
5c65b9b0.jpg,new_whale w_60d8778 w_f93d780 w_1969a9d w_5436d75
5c6ac6d1.jpg,new_whale w_7b035cc w_3a7d86d w_2f1e886 w_3d66298
5c6b5b4a.jpg,new_whale w_a254eb0 w_f81c626 w_43be268 w_1dff010
5c6f623b.jpg,new_whale w_7311fe4 w_aeca19c w_3d8c865 w_1eafe46
5c6fdf03.jpg,new_whale w_acff672 w_1596a47 w_ccca0db w_cd70e8b
5c70114a.jpg,new_whale w_b2ba967 w_e3c119c w_4b7b80b w_9ceb05d
5c71bdc5.jpg,new_whale w_b17f9ea w_2832e90 w_48a98d7 w_987a36f
5c730e16.jpg,new_whale w_e39dcea w_bbc2a14 w_19eb1b8 w_db2baec
5c7c5f64.jpg,new_whale w_03b5e9a w_0e4f53c w_73d5489 w_c11932e
5c7d0c9a.jpg,new_whale w_414a0d7 w_0a97a25 w_8b5885d w_2725793
5c7d5892.jpg,new_whale w_6affb63 w_f7e6199 w_fc76ede w_a59905f
5c7f4780.jpg,new_whale w_5126776 w_a965f14 w_f5eb6c6 w_3a78626
5c83c6fe.jpg,new_whale w_1c3cecd w_0ebd514 w_a59905f w_12cdfbd
5c875cd0.jpg,new_whale w_ff7630a w_7427ace w_4855bd3 w_515838e
5c8b5026.jpg,new_whale w_96b697f w_7b035cc w_4855bd3 w_895c722
5c8f5b67.jpg,new_whale w_98baff9 w_fe6617a w_d9adb4f w_7554f44
5c90ade6.jpg,new_whale w_0e40867 w_686408a w_73d5489 w_d4bc10d
5c90f51c.jpg,new_whale w_21e178f w_1287fbc w_4e52a49 w_7554f44
5c923031.jpg,new_whale w_532fb22 w_01cbcbf w_e09d8cf w_6c803bf
5c93676c.jpg,new_whale w_5966fff w_3a9ee71 w_fd218ba w_4fd48e7
5c970898.jpg,new_whale w_001ebbc w_d663f4f w_aa16da4 w_eb47189
5c9c9d95.jpg,new_whale w_c0d494d w_73b705e w_b6689cc w_abe383e
5ca17d71.jpg,new_whale w_a18d0dc w_3c4062e w_98ab48e w_4b7b80b
5ca447e7.jpg,new_whale w_c133ea8 w_12f2352 w_6c803bf w_987a36f
5cad8299.jpg,new_whale w_95874a5 w_59eb8ae w_516bedb w_b6886e5
5cb42d30.jpg,new_whale w_eb47189 w_92be3ca w_cf00b01 w_0d39a68
5cb69786.jpg,new_whale w_05567a9 w_b47a4a1 w_f6fb689 w_3580734
5cb83493.jpg,new_whale w_06dbe6b w_c87b956 w_c102ec3 w_c0d494d
5cb8590c.jpg,new_whale w_a526492 w_9b6b87d w_1da7080 w_cae7677
5cb9ada5.jpg,new_whale w_1235317 w_2085f2e w_f438375 w_fd6f24f
5cba9c46.jpg,new_whale w_5d96ba4 w_54fc5b3 w_816d462 w_60c5e7e
5cbc942f.jpg,new_whale w_c0d494d w_33973bf w_97f5054 w_1e3ce01
5cc119a0.jpg,new_whale w_dbda0d6 w_4427216 w_2071a4c w_e6ec8ee
5cc203a7.jpg,new_whale w_f104523 w_d148982 w_b688397 w_a4f1419
5cc2679d.jpg,new_whale w_71764b4 w_bb2d34d w_0e737d0 w_a59905f
5cc2b7c2.jpg,new_whale w_9ab6e50 w_98baff9 w_efd3f81 w_4b7b80b
5cc738c0.jpg,new_whale w_b95307d w_1a5e7a2 w_f5cc2fd w_b31d830
5ccb07c5.jpg,new_whale w_1717a13 w_721d2e9 w_38158d6 w_02a768d
5ccdd6b6.jpg,new_whale w_987a36f w_4e52a49 w_9ea2cc3 w_ee17a08
5cd4d5eb.jpg,new_whale w_2d99a0c w_1a70685 w_dcb1f2a w_2c83e22
5cda3994.jpg,new_whale w_18eee6e w_40323ac w_d234e6b w_c708dc7
5cdbf2aa.jpg,new_whale w_5d6786e w_33e89be w_d428980 w_8d46cef
5cdccf65.jpg,new_whale w_2e977e2 w_49bbc79 w_2901dbf w_c8d20aa
5cde3345.jpg,new_whale w_54c00ad w_7b035cc w_0f96780 w_df092eb
5cde6518.jpg,new_whale w_084d01c w_e3b3ade w_1dff010 w_9ca943b
5ce09256.jpg,new_whale w_a21cc97 w_67fecca w_aa7e5f4 w_2fd73d9
5ce0e1db.jpg,new_whale w_4c9d3df w_b0e05b1 w_f6fb689 w_987a36f
5ce0ecc5.jpg,new_whale w_0e737d0 w_7f0700f w_e94a3b2 w_0c6d50d
5ce2c1ef.jpg,new_whale w_c128384 w_a8bc2bc w_1489751 w_b688397
5ceecffc.jpg,new_whale w_e41f2fa w_a5431ca w_1da7080 w_dd52cfc
5cf1445f.jpg,new_whale w_98baff9 w_77e1d3f w_693c9ee w_8431164
5cf5b122.jpg,new_whale w_7554f44 w_98baff9 w_b074cdf w_7e8b270
5cfcc4af.jpg,new_whale w_c663985 w_fa473e6 w_6da177a w_2bdd2df
5cfcdcc7.jpg,new_whale w_8fab53d w_7f867ec w_5982299 w_ddf14ae
5d035efa.jpg,new_whale w_fe19618 w_b8dff40 w_4fdaa2a w_62f804d
5d084cc8.jpg,new_whale w_5f82501 w_8044362 w_ba53619 w_2fdaa7f
5d097b31.jpg,new_whale w_3ca387d w_e6b3dd4 w_a74742c w_7c7a78c
5d0e0043.jpg,new_whale w_a17d153 w_0f89e72 w_3f91e04 w_2d99a0c
5d0e7340.jpg,new_whale w_142402e w_376a413 w_5c23454 w_94cd45e
5d1841f7.jpg,new_whale w_7dee51b w_22bcbd6 w_735ce7d w_aae82f8
5d185721.jpg,new_whale w_0a97a25 w_222dcb7 w_9ea2cc3 w_bc9dc37
5d185e9a.jpg,new_whale w_65e2424 w_01a51a6 w_fd1cb9d w_817f022
5d20586e.jpg,new_whale w_fe424c3 w_f9d27ad w_ba56291 w_a646643
5d24b0d6.jpg,new_whale w_eac205a w_9ea2cc3 w_e6b3dd4 w_b4732ef
5d28c505.jpg,new_whale w_38e4aae w_e59a1f0 w_1dff010 w_fd1cb9d
5d2eccae.jpg,new_whale w_38e4aae w_56bbc91 w_b6ed5d2 w_b6689cc
5d302a88.jpg,new_whale w_49bbc79 w_2d99a0c w_44cccf6 w_0e9f6d9
5d33c3d6.jpg,new_whale w_d4119a7 w_7b035cc w_0beef28 w_1ae1386
5d35464d.jpg,new_whale w_f5b8faf w_da2efe0 w_ca54a51 w_c02ac49
5d358874.jpg,new_whale w_309a2b3 w_92be3ca w_f4e0748 w_4b87cba
5d378a01.jpg,new_whale w_6249f5d w_eb0a6ed w_b0e05b1 w_23dce10
5d38e1a2.jpg,new_whale w_1c32062 w_59eb8ae w_02facde w_b033b36
5d3a8560.jpg,new_whale w_7e8b270 w_c11932e w_70daaba w_07e92ee
5d3b54a2.jpg,new_whale w_576db5d w_1596a47 w_61cf42e w_8db45b7
5d3c8238.jpg,new_whale w_f6b952e w_4c9d3df w_3d66298 w_dbaa2b1
5d45ce73.jpg,new_whale w_6710cf8 w_4659acf w_bc9dc37 w_b7d5069
5d496049.jpg,new_whale w_2fe43c7 w_f660d7d w_4659acf w_f4fc8cc
5d4e469e.jpg,new_whale w_e57b3ce w_ab2d17a w_d141590 w_07e92ee
5d5c3dde.jpg,new_whale w_0c70bc3 w_62ca7c8 w_bb2c317 w_987a36f
5d5f1fe7.jpg,new_whale w_c84551d w_cae7677 w_8cb7c5e w_d663f4f
5d61f849.jpg,new_whale w_7abaf06 w_74adf0b w_23b9dcb w_dace6e9
5d63e0a7.jpg,new_whale w_37a7f78 w_d3c8520 w_99ad599 w_e41f2fa
5d6cad10.jpg,new_whale w_d141590 w_c3ff6f2 w_33032d1 w_6b2995b
5d6f71eb.jpg,new_whale w_9875c12 w_dfbfe10 w_97f5054 w_bb2d34d
5d7ca286.jpg,new_whale w_8a31e6c w_c74ab24 w_5ba417d w_851a7f4
5d8d5835.jpg,new_whale w_4cff2f8 w_98baff9 w_1eafe46 w_4b7b80b
5d92f2fb.jpg,new_whale w_8f1aa27 w_49a3b14 w_ab2d17a w_3e57104
5d935f57.jpg,new_whale w_52a081c w_41fa033 w_72dfe51 w_d080f35
5d95b2b6.jpg,new_whale w_313b78a w_1a70685 w_96c141f w_2d99a0c
5d96fc3c.jpg,new_whale w_697c72e w_e59294d w_c8728f4 w_b83b069
5d97b3bf.jpg,new_whale w_985877e w_7f81114 w_97bc172 w_b31d830
5d991f49.jpg,new_whale w_b9beaf5 w_6af9dd7 w_3e1ba5b w_3d66298
5da603e1.jpg,new_whale w_48a5b86 w_eb39613 w_1c22d7e w_5b99089
5da74311.jpg,new_whale w_a846944 w_4b7b80b w_ab1c859 w_9ea2cc3
5dac0856.jpg,new_whale w_02d5fad w_aa16da4 w_654a5bb w_6202983
5dad82f8.jpg,new_whale w_5f0960c w_ca6a771 w_0e7cb1c w_b624ed1
5db14e3f.jpg,new_whale w_6598219 w_c708776 w_94e1ed4 w_1274a11
5db29063.jpg,new_whale w_84fcae8 w_6598219 w_18eee6e w_1743d93
5db91ced.jpg,new_whale w_d428980 w_0869575 w_9a8684f w_ceffa10
5db95dc3.jpg,new_whale w_4ebeafb w_0c70bc3 w_4659acf w_fd1cb9d
5dbdeed5.jpg,new_whale w_9a6cbd9 w_ef2f0f0 w_778ee6e w_57186e5
5dc39aa6.jpg,new_whale w_dbd28fa w_2cde7c0 w_7ba4b5a w_9ca943b
5dc54da6.jpg,new_whale w_2dce318 w_d20befa w_7ad8bb3 w_d3c8520
5dc6ef23.jpg,new_whale w_435ee6d w_3fe1eb9 w_5624f08 w_cb5ea24
5dcd1df7.jpg,new_whale w_5d86f98 w_d47e2e3 w_0fe48f3 w_8f3cb68
5dcd6a33.jpg,new_whale w_434ad6a w_a5a13d0 w_7c943ab w_8963cff
5dd3f4fd.jpg,new_whale w_528e753 w_fcd8828 w_648a9a8 w_2658649
5dd573f0.jpg,new_whale w_fba3bde w_43be268 w_7852bd1 w_3aa2073
5dd5d15d.jpg,new_whale w_5d86f98 w_8044362 w_4759be5 w_98baff9
5de1c5c7.jpg,new_whale w_0a58a06 w_97f5054 w_bcf23a8 w_5cc2285
5debefbb.jpg,new_whale w_8db45b7 w_ae0ab55 w_2bba8c8 w_1d05772
5df36765.jpg,new_whale w_89d9c03 w_813c5be w_abe383e w_551f5ca
5df80c24.jpg,new_whale w_c103b25 w_6918155 w_f672e01 w_a25caa9
5df9b39c.jpg,new_whale w_1dff010 w_56bbc91 w_0e9f6d9 w_2d99a0c
5dff804b.jpg,new_whale w_cae7677 w_41901e5 w_693c9ee w_b329c00
5e02a660.jpg,new_whale w_516bedb w_552a16e w_987a36f w_17e8554
5e11afa5.jpg,new_whale w_7028d77 w_98baff9 w_99ad599 w_d3c8520
5e138ee7.jpg,new_whale w_33e7def w_20c671c w_40a8760 w_6e20206
5e13f5a1.jpg,new_whale w_6af9dd7 w_813c5be w_4e52a49 w_38e4aae
5e19225f.jpg,new_whale w_0f96780 w_1ac4c38 w_c133ea8 w_d9055d1
5e19553b.jpg,new_whale w_da7d77c w_4476e55 w_5fa315f w_18eee6e
5e2482cb.jpg,new_whale w_fe2742d w_307065e w_95874a5 w_f6c23d5
5e25a207.jpg,new_whale w_d1bbde9 w_02cf46c w_b17f9ea w_434195c
5e2d690a.jpg,new_whale w_bb2d34d w_865c2ba w_7b035cc w_ee9c4d7
5e2d6ed2.jpg,new_whale w_d1bbde9 w_6092d5c w_4b7b80b w_e8bce8a
5e2fed01.jpg,new_whale w_fc7cc24 w_987a36f w_2d99a0c w_fd1cb9d
5e31631d.jpg,new_whale w_8717ef3 w_a7f847f w_2dbb0fe w_7b0fb1d
5e3345ef.jpg,new_whale w_3c0bbac w_d3ef4b2 w_2fe43c7 w_9ca943b
5e36e768.jpg,new_whale w_721d2e9 w_2039053 w_c0d494d w_b0e05b1
5e370ec6.jpg,new_whale w_0e737d0 w_b96d4e0 w_d2be6cc w_6202983
5e3b6626.jpg,new_whale w_c0cfd5b w_95b6cc3 w_b678944 w_4e68ddc
5e3b7af0.jpg,new_whale w_f3f84d7 w_e9f85b7 w_7554f44 w_c622a3f
5e434b00.jpg,new_whale w_19c29aa w_b96d4e0 w_0a565c5 w_3d187b5
5e4a0e02.jpg,new_whale w_bdbec6c w_987a36f w_42f935c w_3694c7d
5e4ec3fa.jpg,new_whale w_be32bec w_b7d5069 w_5f5ef4e w_0e737d0
5e54060d.jpg,new_whale w_d19a884 w_1161030 w_1e4e7a4 w_339c8ae
5e55c43f.jpg,new_whale w_e158680 w_38e4aae w_2d99a0c w_945aefe
5e573de4.jpg,new_whale w_11c504f w_df21074 w_0fa8587 w_fe054f3
5e5b187b.jpg,new_whale w_f9038ed w_97eaa0e w_d52bc74 w_08f1502
5e642c9e.jpg,new_whale w_20c671c w_143b201 w_97493dd w_f0a2e40
5e691528.jpg,new_whale w_0c6dbbe w_217e78a w_b678944 w_901363f
5e6b1adc.jpg,new_whale w_38158d6 w_a0ae961 w_2d29ddd w_efebfe8
5e718c09.jpg,new_whale w_56b9dcd w_1eafe46 w_3172910 w_b835ae1
5e88917a.jpg,new_whale w_900fab7 w_754c69f w_c45bfc3 w_3ae3603
5e889192.jpg,new_whale w_0f89e72 w_5f43cde w_02cf46c w_f7e6199
5e8c1bdc.jpg,new_whale w_b0e05b1 w_480b2d4 w_3674103 w_98baff9
5e8f8f96.jpg,new_whale w_2fe43c7 w_c27d036 w_92c6140 w_8201aa8
5e976997.jpg,new_whale w_43be268 w_d2f7b3c w_43966a3 w_fd1cb9d
5e9a3a4d.jpg,new_whale w_a2660fd w_49bbc79 w_fd3ce71 w_050bdac
5e9b5e63.jpg,new_whale w_dc001f8 w_98baff9 w_059e347 w_5d96ba4
5e9e14c6.jpg,new_whale w_0e0e856 w_f014da3 w_6abc013 w_46dcce7
5ea6f852.jpg,new_whale w_96fd936 w_6232813 w_3e1ccc9 w_6202983
5ea78acb.jpg,new_whale w_ab4cae2 w_79b42cd w_4e68ddc w_15d7ecf
5eacfd2b.jpg,new_whale w_e826a6f w_9ea2cc3 w_98baff9 w_70715c1
5ebc3017.jpg,new_whale w_06ff732 w_98baff9 w_66c1b54 w_0e737d0
5ebd411a.jpg,new_whale w_2db01d5 w_d19a884 w_cf0c062 w_3d187b5
5ec5a5b5.jpg,new_whale w_3b483d3 w_1ec267f w_1da7080 w_ddbf533
5ec836df.jpg,new_whale w_1eafe46 w_9ca943b w_b4732ef w_fe49bc4
5ec9a2c2.jpg,new_whale w_58087ce w_fd1cb9d w_c6372b8 w_ed117b3
5ecad6a5.jpg,new_whale w_9269ec6 w_c3ff6f2 w_8a7b9c8 w_df21074
5ed75533.jpg,new_whale w_a59221a w_66c1b54 w_0e81e60 w_ef30115
5ee8fe81.jpg,new_whale w_d1bbde9 w_ccfdb00 w_9ceb05d w_6c803bf
5ee9e4ba.jpg,new_whale w_9c383c8 w_979dc10 w_eb8429c w_479e3e5
5eea2ecb.jpg,new_whale w_e62b5d8 w_3de676c w_5624f08 w_49bbc79
5eee6f7d.jpg,new_whale w_6ae1eaf w_a18d0dc w_1d970c9 w_4e68ddc
5ef27b66.jpg,new_whale w_9b00e07 w_4659acf w_4cba6b2 w_0e4f53c
5efd89f0.jpg,new_whale w_8fab53d w_9d5f5cc w_def505e w_a9dd349
5efef0ec.jpg,new_whale w_49bbc79 w_85f9040 w_f21f2ec w_17ee910
5f0a6965.jpg,new_whale w_3331656 w_44f66a7 w_3455b23 w_2a04ceb
5f0a9ce9.jpg,new_whale w_98baff9 w_5982299 w_5e78545 w_12c3d3d
5f103854.jpg,new_whale w_18df014 w_6ce20f3 w_a965f14 w_8420f42
5f1167d9.jpg,new_whale w_80e649e w_3197568 w_d22af00 w_56f9abb
5f13d310.jpg,new_whale w_6545984 w_6d17527 w_2e4fecc w_7554f44
5f197f1f.jpg,new_whale w_414a0d7 w_73d5489 w_21e178f w_08d1ccd
5f1bb425.jpg,new_whale w_97f5054 w_62ca7c8 w_8a2e496 w_b0e05b1
5f210864.jpg,new_whale w_cd88a48 w_a59905f w_e62a48d w_147b62b
5f2a0afe.jpg,new_whale w_89e159a w_72a1cd8 w_67de30b w_fd1cb9d
5f2b3561.jpg,new_whale w_601b6d4 w_a048f26 w_29670e2 w_cad1a8d
5f2b558c.jpg,new_whale w_7b442c4 w_7c979d9 w_fc76ede w_826eb44
5f3348a0.jpg,new_whale w_515d21d w_3061bdd w_428d61d w_98baff9
5f33f452.jpg,new_whale w_530f87b w_d663f4f w_2863d51 w_b6d09e6
5f3d2f65.jpg,new_whale w_e0f1df1 w_3ac13d2 w_17370ba w_c529cf1
5f40e067.jpg,new_whale w_98d4838 w_65c80dd w_7b035cc w_cb9220b
5f4100c0.jpg,new_whale w_a846944 w_4759be5 w_11c504f w_06dbe6b
5f451f99.jpg,new_whale w_1eafe46 w_97768ee w_6c803bf w_d889b6a
5f4aabe4.jpg,new_whale w_f0af1f8 w_5919cf7 w_950b5cf w_d49402a
5f4ec6a8.jpg,new_whale w_c00534d w_9a1d8e7 w_efebfe8 w_57c8da9
5f538e92.jpg,new_whale w_9c61d57 w_4b7b80b w_d663f4f w_66c1b54
5f565348.jpg,new_whale w_6ddff9b w_2071a4c w_e63fbbe w_da6d50b
5f6b8932.jpg,new_whale w_58c3bf9 w_c8d20aa w_d47e2e3 w_9b098ea
5f70710d.jpg,new_whale w_c0d494d w_b942708 w_97f5054 w_5b99089
5f7ec731.jpg,new_whale w_d9adb4f w_e3c119c w_e55a554 w_7ed55c4
5f809d39.jpg,new_whale w_6545984 w_4a7080a w_d9aab0a w_e3fbc27
5f92bc66.jpg,new_whale w_e59a1f0 w_38e4aae w_a4da0b3 w_2832e90
5f93a2cb.jpg,new_whale w_d3ef4b2 w_43be268 w_4fa1bd5 w_4e52a49
5f997ab9.jpg,new_whale w_36a853c w_24823e2 w_8e25bfa w_38b1edd
5f99ec55.jpg,new_whale w_68820e8 w_89ca343 w_4176a19 w_d1bbde9
5f9c3967.jpg,new_whale w_a646643 w_9f718e8 w_87050a3 w_2730966
5f9f2292.jpg,new_whale w_349fcbc w_573eb8f w_7b442c4 w_1c432e7
5fa14013.jpg,new_whale w_b4369cc w_fe49bc4 w_05b2ddd w_3745f59
5faa73b8.jpg,new_whale w_1dc66b7 w_acff672 w_1596a47 w_1a5beb9
5fb06ea4.jpg,new_whale w_71c7322 w_4855bd3 w_e54feba w_cce912e
5fb09974.jpg,new_whale w_4953ce7 w_44edba9 w_b1a4f29 w_0e7cb1c
5fb119af.jpg,new_whale w_011d4b5 w_68fb716 w_a59905f w_43be268
5fb1a2ca.jpg,new_whale w_c45bfc3 w_0103030 w_1c432e7 w_38b1edd
5fbac10d.jpg,new_whale w_a67a1bc w_e2e56e9 w_8b2cc42 w_6d4dedc
5fbea8e9.jpg,new_whale w_5f7c402 w_8db45b7 w_eb8429c w_64f3545
5fbf804e.jpg,new_whale w_3ff6029 w_1febbf3 w_cef690d w_cae7677
5fcda49d.jpg,new_whale w_fe49bc4 w_9ca943b w_4a81594 w_43be268
5fcdea71.jpg,new_whale w_338d945 w_62c3998 w_6c803bf w_1e3ce01
5fd49896.jpg,new_whale w_6c2d7ea w_5f82501 w_62799b5 w_bf77b13
5fd538c6.jpg,new_whale w_18eee6e w_b4732ef w_71764b4 w_af67683
5fd5b618.jpg,new_whale w_9875c12 w_ab4cae2 w_aa16da4 w_eb0a6ed
5fdaf7ba.jpg,new_whale w_bd6e2dd w_6a3210a w_2f6a962 w_4c9d3df
5fde6fa7.jpg,new_whale w_73d5489 w_a18d0dc w_143b201 w_f6411ea
5fe7e166.jpg,new_whale w_556df30 w_987a36f w_f7d5919 w_c95a0ea
5fe84a6c.jpg,new_whale w_cef690d w_d9adb4f w_24212f5 w_7763134
5fe880c7.jpg,new_whale w_dfbfe10 w_a2633d4 w_351a1e1 w_1ecfe96
5feaae60.jpg,new_whale w_36a4e8b w_5f215db w_afef556 w_d7de1ee
5fed4e65.jpg,new_whale w_98baff9 w_fce6ab2 w_0e737d0 w_ab4cae2
5fee8b1e.jpg,new_whale w_4bf5cf7 w_82c9c67 w_9205d40 w_f014da3
5fee9b68.jpg,new_whale w_cf092f5 w_0a97a25 w_8c1e2e4 w_dcb1f2a
5ff24b35.jpg,new_whale w_d663f4f w_a59905f w_fd1cb9d w_ad32646
5ff2a3d9.jpg,new_whale w_43966a3 w_50eb157 w_1029f4e w_9ea2cc3
5ff33c23.jpg,new_whale w_2d99a0c w_49bbc79 w_0b0d88d w_cf24f84
5ff395ef.jpg,new_whale w_9ec358c w_6c803bf w_4b7b80b w_fba3bde
5ff5934f.jpg,new_whale w_b17f9ea w_cf3c233 w_3355365 w_6202983
5ff613d9.jpg,new_whale w_b197b5c w_3050553 w_c102ec3 w_530f87b
5ffe073f.jpg,new_whale w_5ba417d w_62799b5 w_f93d780 w_1a9f141
6001150d.jpg,new_whale w_2071a4c w_fe922c3 w_b6a95e0 w_aeca19c
6004207b.jpg,new_whale w_3694c7d w_70b9e55 w_ee17a08 w_b067417
600574f8.jpg,new_whale w_e147c40 w_a524549 w_99365b3 w_0d049cf
600a7ce6.jpg,new_whale w_0827d51 w_38e4aae w_8376b7e w_c529cf1
6013237d.jpg,new_whale w_e214820 w_4659acf w_6863829 w_9287bbb
6015aeab.jpg,new_whale w_33b9360 w_11adaae w_559ce61 w_1a70685
60162f85.jpg,new_whale w_4791b4c w_24a2923 w_1632307 w_a254eb0
601835cc.jpg,new_whale w_e62b5d8 w_e0f1df1 w_1a70685 w_0d39a68
6019fa01.jpg,new_whale w_fba3bde w_21e178f w_4ebeafb w_8867074
602101a1.jpg,new_whale w_92585eb w_f83b1f9 w_91572bb w_44a6b62
6027272e.jpg,new_whale w_9872479 w_a21cc97 w_b08520c w_26dd948
602779e5.jpg,new_whale w_fba3bde w_f18df18 w_12f2352 w_3cf3853
60277eb6.jpg,new_whale w_ef52dd3 w_ad1d93b w_c551c9d w_51cdd4b
602b5514.jpg,new_whale w_7637760 w_9d83b4d w_754c69f w_715c557
60328584.jpg,new_whale w_fd1cb9d w_24ad46c w_d4b90bf w_153645e
6038759f.jpg,new_whale w_80d95d6 w_102ab59 w_29670e2 w_f1a4389
6041818b.jpg,new_whale w_5d6786e w_5fcee47 w_3b5403b w_9ca943b
6041b369.jpg,new_whale w_008c602 w_33e89be w_5d6786e w_af67683
60477620.jpg,new_whale w_f9d27ad w_87cb6bd w_b688397 w_a8ec52f
604b87e9.jpg,new_whale w_dbc4dcc w_540fd73 w_57c8da9 w_9ca943b
604d6acf.jpg,new_whale w_c529cf1 w_0827d51 w_34801a4 w_43be268
605c5776.jpg,new_whale w_e10dff3 w_d22af00 w_73d5489 w_71e6583
605d55ae.jpg,new_whale w_511c464 w_4fd48e7 w_64f3545 w_3d66298
6060f0af.jpg,new_whale w_4fdaa2a w_c27d036 w_e86cf21 w_9875c12
6062372b.jpg,new_whale w_f546b0a w_97f5054 w_1703ee5 w_c9e1cdc
606b70f7.jpg,new_whale w_44beff0 w_f563449 w_8f2fb79 w_81b402a
6070b7c3.jpg,new_whale w_dcb1f2a w_bb2d34d w_17ee910 w_95874a5
6074df2a.jpg,new_whale w_cd02407 w_b6ed5d2 w_7db10cc w_901363f
60759001.jpg,new_whale w_048f7a9 w_7879ee1 w_fd1cb9d w_0fce9a3
60786f1c.jpg,new_whale w_17cb04d w_e1431ba w_1596a47 w_5007db3
607d3cd2.jpg,new_whale w_516bedb w_eac205a w_4e52a49 w_11adaae
607d557b.jpg,new_whale w_73d5489 w_3d12652 w_a524549 w_a5f6c33
60859ba2.jpg,new_whale w_4a43c71 w_d382236 w_9771603 w_8d83172
60875d02.jpg,new_whale w_73b705e w_1274a11 w_97f5054 w_c0d494d
60886c84.jpg,new_whale w_2c75202 w_fd07344 w_a18d0dc w_b5383b5
6094374e.jpg,new_whale w_19f7a8b w_c529cf1 w_fd1cb9d w_8201aa8
6096493d.jpg,new_whale w_03c84ef w_01cbcbf w_32602d9 w_2cb8996
60965069.jpg,new_whale w_f21f2ec w_34c4927 w_2d99a0c w_414f402
6097e342.jpg,new_whale w_c84551d w_b074cdf w_b318111 w_ab4cae2
609bf3eb.jpg,new_whale w_693c9ee w_a2a1378 w_43be268 w_a59905f
60a9c21e.jpg,new_whale w_0beef28 w_680b86e w_2d99a0c w_35453e0
60b444df.jpg,new_whale w_217e78a w_7311fe4 w_b678944 w_94cd45e
60b50f7f.jpg,new_whale w_aa16da4 w_e73d83c w_d8f848c w_9321960
60be2522.jpg,new_whale w_b074cdf w_403f92f w_dace6e9 w_0b04c08
60be8ce2.jpg,new_whale w_a524549 w_010a1fa w_cae7677 w_3dd210a
60bf1c80.jpg,new_whale w_5f8b9b9 w_ac851eb w_18df014 w_74adf0b
60c21a04.jpg,new_whale w_3d2724b w_1b6d171 w_66fb697 w_5297ab3
60c73c00.jpg,new_whale w_0e737d0 w_75e6bf3 w_98baff9 w_8420f42
60cf6bae.jpg,new_whale w_6202983 w_89e451c w_c58b474 w_9ea2cc3
60dd112e.jpg,new_whale w_80c4153 w_42f935c w_41ed8e8 w_aa16da4
60e49779.jpg,new_whale w_4bd8388 w_130508d w_d663f4f w_1717a13
60e4b77d.jpg,new_whale w_dc89c4c w_ab4cae2 w_97f5054 w_98baff9
60f1444a.jpg,new_whale w_df21074 w_cc5fae7 w_f792125 w_7b442c4
60f5ddc0.jpg,new_whale w_55647bd w_b14007c w_ca8bfb4 w_31d3999
61049d14.jpg,new_whale w_70b9e55 w_329e594 w_7311fe4 w_4f6c7e0
6106c450.jpg,new_whale w_3fc3d07 w_402784d w_285da1a w_5af83da
610ac7c0.jpg,new_whale w_3197568 w_d19a884 w_80e649e w_243e33e
610fa7ee.jpg,new_whale w_abe383e w_e6ec8ee w_bb2d34d w_de4daff
610fe9ad.jpg,new_whale w_e26c35f w_559ce61 w_1dff010 w_10ace22
6113ad50.jpg,new_whale w_8309df3 w_f546b0a w_cae7677 w_35063ed
611419cd.jpg,new_whale w_f8c3a63 w_87782a0 w_7554f44 w_b074cdf
61149707.jpg,new_whale w_081dd6e w_8fab53d w_c663985 w_0740d28
6119f191.jpg,new_whale w_fd1cb9d w_8d46cef w_a5ab9d1 w_9438980
611a7603.jpg,new_whale w_98baff9 w_8fab53d w_721d2e9 w_0e737d0
611cd8aa.jpg,new_whale w_eb39613 w_02d5fad w_bf38f05 w_7e8b270
611de927.jpg,new_whale w_0771d4b w_e594616 w_e2920e1 w_076c122
61235fa6.jpg,new_whale w_67fecca w_b17f9ea w_9a8684f w_d36f58c
61263545.jpg,new_whale w_1e45a47 w_398aa7f w_4ebeafb w_5ad2030
612b3609.jpg,new_whale w_bd43538 w_2c6fe6f w_54cd8e0 w_fe2aa66
612e0c7e.jpg,new_whale w_685466f w_6865ccb w_1a70685 w_656afeb
61380c7e.jpg,new_whale w_db93738 w_44cb3ee w_1ec0481 w_4791b4c
6138cf1d.jpg,new_whale w_b6886e5 w_18eee6e w_c9e1cdc w_fba3bde
613967d7.jpg,new_whale w_1235317 w_76d2cce w_bc3fd54 w_d148982
6153b455.jpg,new_whale w_91361f0 w_dcf2001 w_b6c4efa w_eb0a6ed
615549d8.jpg,new_whale w_6375873 w_77fbe5c w_14ba846 w_392bee3
6155ece7.jpg,new_whale w_41afa58 w_3061bdd w_f81c626 w_6f2c662
6156671b.jpg,new_whale w_76048fe w_bdbec6c w_44a6b62 w_b678944
615755df.jpg,new_whale w_0740d28 w_fe49bc4 w_7dee51b w_6232813
615797d3.jpg,new_whale w_73d5489 w_b1a4f29 w_cae7677 w_36b6904
61579fb5.jpg,new_whale w_3b3b9b2 w_865c2ba w_5624f08 w_f031837
61591674.jpg,new_whale w_e375961 w_d8e681c w_97da401 w_3c4062e
615e2a90.jpg,new_whale w_6635a97 w_1eafe46 w_1dc6d62 w_3694c7d
6160cea8.jpg,new_whale w_66c1b54 w_fe95ab8 w_db474c7 w_f93d780
6163b2b3.jpg,new_whale w_403f92f w_528e753 w_56ddb00 w_593485f
61669569.jpg,new_whale w_0beef28 w_987a36f w_7f81114 w_12cdfbd
6167f189.jpg,new_whale w_aa16da4 w_41ed8e8 w_91361f0 w_654a5bb
616ad6c9.jpg,new_whale w_ab4bd59 w_ca4ca6f w_67de30b w_dd90e0a
616b990d.jpg,new_whale w_ead305f w_2d29ddd w_67de30b w_f86488a
616dbe09.jpg,new_whale w_3297a52 w_49c9417 w_d6255a4 w_adc6e1b
616f02ce.jpg,new_whale w_3d2724b w_66fb697 w_73d5489 w_845f7ca
61754d81.jpg,new_whale w_4ebeafb w_71764b4 w_8201c3f w_c0d494d
617561e9.jpg,new_whale w_b6410bc w_60c5e7e w_f0f0dbb w_813c5be
6175bb26.jpg,new_whale w_53859b2 w_6ba46a1 w_e7f8e67 w_0bc1db0
6175c84c.jpg,new_whale w_b7d5069 w_3f365f3 w_f792125 w_813c5be
6175ff9f.jpg,new_whale w_b8dff40 w_200a203 w_6c803bf w_1a5e7a2
61764a27.jpg,new_whale w_aa16da4 w_8c1ec28 w_434ad6a w_9875c12
617650c1.jpg,new_whale w_fba3bde w_b8dff40 w_9ec358c w_18eee6e
6176a8d6.jpg,new_whale w_4e52a49 w_2f6a962 w_96fd936 w_ae07541
61773fe1.jpg,new_whale w_3aa2073 w_64783fe w_6b82ccc w_dd52cfc
61793a2b.jpg,new_whale w_70e49bc w_c39fceb w_44cb3ee w_b426ff3
618009e7.jpg,new_whale w_98baff9 w_0e737d0 w_0b3b659 w_2709cfc
618461a5.jpg,new_whale w_e73c666 w_82ed7a7 w_f0af1f8 w_0e4f53c
61885268.jpg,new_whale w_81b402a w_993d66c w_a837660 w_5575c58
618924c2.jpg,new_whale w_5b576a0 w_abe383e w_73d5489 w_5f9508d
618be8d2.jpg,new_whale w_bd1dbed w_71764b4 w_5b08542 w_17ee910
619311b8.jpg,new_whale w_e3f51ec w_08d1ccd w_a18d0dc w_73d5489
61960e1b.jpg,new_whale w_1c2fb13 w_dbbe0d4 w_6132293 w_38efc2d
619da1bc.jpg,new_whale w_361e290 w_aa16da4 w_93bf889 w_dbda0d6
619da46f.jpg,new_whale w_20f86e1 w_997582c w_65428d9 w_09f9fd3
61b4d3ef.jpg,new_whale w_2f54c3c w_214c09a w_15427c3 w_5f4d992
61b73156.jpg,new_whale w_07616fd w_232e5bd w_32037e2 w_8a5ff14
61c9df7d.jpg,new_whale w_8f593d4 w_7e8b270 w_0cb6294 w_0e737d0
61d4051c.jpg,new_whale w_92c7ace w_8d83172 w_1dff010 w_badfc4b
61dd9305.jpg,new_whale w_b6410bc w_64f3545 w_24a2923 w_3650949
61f45381.jpg,new_whale w_df21074 w_681dba6 w_67de30b w_06dbe6b
61f5c530.jpg,new_whale w_73d5489 w_ba53619 w_b688397 w_338b130
61fb18cc.jpg,new_whale w_a59905f w_9875c12 w_e62a48d w_4659acf
61fcdbe9.jpg,new_whale w_2b0028d w_d4ab7ad w_ca8bfb4 w_e09e886
61fd4c22.jpg,new_whale w_778ee6e w_b0e05b1 w_4c9d3df w_1ac4c38
61ff39b9.jpg,new_whale w_3674103 w_ba17206 w_98baff9 w_ca8bfb4
61ffb63f.jpg,new_whale w_67de30b w_68820e8 w_eb44149 w_fd1cb9d
620501f8.jpg,new_whale w_8ec2960 w_bc3fd54 w_0b04c08 w_fab0a22
62070da6.jpg,new_whale w_1306632 w_7b0fb1d w_cb7b682 w_b55242e
6207ac68.jpg,new_whale w_4d528e4 w_479e3e5 w_651cbb7 w_43eea34
62098c71.jpg,new_whale w_96c6151 w_0c45f5e w_826eb44 w_2dae424
6213abc5.jpg,new_whale w_d6a6360 w_44a6b62 w_21e178f w_8158b1f
62157571.jpg,new_whale w_a048f26 w_601b6d4 w_54fc5b3 w_3cada3d
6216ad6e.jpg,new_whale w_11adaae w_3023ee5 w_9ea2cc3 w_505a141
6219c2b2.jpg,new_whale w_c74ab24 w_65e519b w_13c6b6b w_bf3449f
621be7e6.jpg,new_whale w_7ca11d6 w_69185bb w_e964ae8 w_95874a5
621e0c9d.jpg,new_whale w_ab6db0f w_d037229 w_d4eb9ed w_80245ee
621ebcb9.jpg,new_whale w_7ad8bb3 w_acc33ca w_009dc00 w_ec87420
621f8214.jpg,new_whale w_1eff98a w_238bbbf w_bc76fde w_9db9ef5
6222a9ba.jpg,new_whale w_80245ee w_d382236 w_38efc2d w_f208155
62297c61.jpg,new_whale w_e64c9a6 w_35c5d43 w_2b939eb w_d7ddf9c
622dfe94.jpg,new_whale w_6c803bf w_67de30b w_987a36f w_711aaa1
623174fb.jpg,new_whale w_f438375 w_e685c80 w_17ee910 w_43be268
6233c549.jpg,new_whale w_c9e1cdc w_89317b0 w_06fd726 w_bb2d34d
623c8dc6.jpg,new_whale w_f60c7e8 w_35d4d83 w_b074cdf w_b282692
623fc78f.jpg,new_whale w_2c19c4a w_3a94311 w_395d578 w_5982299
6249f2bb.jpg,new_whale w_ebc5837 w_6547e12 w_09d7946 w_c58b474
625122e8.jpg,new_whale w_d663f4f w_cae7677 w_4e68ddc w_2e2ba59
62523a6d.jpg,new_whale w_2f97ce6 w_18eee6e w_6710cf8 w_6c803bf
62534261.jpg,new_whale w_98baff9 w_fce6ab2 w_0e737d0 w_e5250e9
62569b29.jpg,new_whale w_73d5489 w_b04d4f1 w_beb62cc w_b1a4f29
6258f610.jpg,new_whale w_a59905f w_66c1b54 w_18eee6e w_9ea2cc3
62597f2a.jpg,new_whale w_0cb6294 w_126653d w_fe49bc4 w_7763134
625b5346.jpg,new_whale w_c02ac49 w_aed1e43 w_5ad2030 w_fbce8b4
625b9d11.jpg,new_whale w_ab6bb0a w_1e4c0ec w_73d5489 w_1f10750
625f7ca3.jpg,new_whale w_5bdb7c2 w_d19a884 w_693c9ee w_ab4cae2
625fd591.jpg,new_whale w_86b3f04 w_92d390e w_4b95330 w_eb0a6ed
6262f124.jpg,new_whale w_77f3e70 w_48bcad8 w_788b689 w_fa32440
6267002b.jpg,new_whale w_0de84f0 w_e3b2cfa w_eff7e35 w_1e7bb93
626c0071.jpg,new_whale w_6c3d086 w_c57623d w_2fd73d9 w_3fa2cb1
627210df.jpg,new_whale w_bc93e4a w_2725793 w_4072313 w_32a920b
6276357c.jpg,new_whale w_fae3939 w_403f92f w_a18c856 w_449e238
627935c0.jpg,new_whale w_ae07541 w_73c9ba2 w_7885601 w_b7a832a
628e37d2.jpg,new_whale w_50e125b w_fd07344 w_e61dd6d w_44cccf6
629a734c.jpg,new_whale w_7db10cc w_92d55a6 w_8cd3036 w_efebfe8
629aefed.jpg,new_whale w_5f82501 w_c0d494d w_fea7fe6 w_73b705e
629ea9d9.jpg,new_whale w_9cb529f w_0e737d0 w_e05ee50 w_f2e9055
62a0d37d.jpg,new_whale w_98baff9 w_b074cdf w_d52bc74 w_35063ed
62a25948.jpg,new_whale w_8bdc211 w_7e8b270 w_1c22d7e w_eb0a6ed
62a8abbe.jpg,new_whale w_abe383e w_e156c87 w_dfbfe10 w_cd88a48
62a9fba2.jpg,new_whale w_2d99a0c w_5c0e858 w_38de842 w_89e159a
62b1a1b7.jpg,new_whale w_44cccf6 w_aca9607 w_6c803bf w_eec1133
62b854d1.jpg,new_whale w_735675e w_2d2d7fe w_8507226 w_90f74ae
62bc02da.jpg,new_whale w_1717a13 w_c0d494d w_53ef628 w_5f50b5e
62bf9b9b.jpg,new_whale w_60c5e7e w_42f935c w_3f91e04 w_f4224b9
62c18a01.jpg,new_whale w_8c605d2 w_97da401 w_b0e05b1 w_efd3f81
62c2b603.jpg,new_whale w_540fd73 w_67599af w_c58b474 w_fd07344
62c792ab.jpg,new_whale w_050bdac w_a2660fd w_df092eb w_62f804d
62cc0811.jpg,new_whale w_be9bf14 w_48a98d7 w_a59905f w_aed1e43
62cc7904.jpg,new_whale w_26f9f95 w_dd52cfc w_b7fe199 w_04c1951
62cd6b9f.jpg,new_whale w_cf0c062 w_b074cdf w_d22af00 w_788b689
62cecb2e.jpg,new_whale w_5be8e63 w_361e290 w_fe49bc4 w_9ceb05d
62cf5112.jpg,new_whale w_9ea2cc3 w_02a768d w_024358d w_4ebeafb
62d6b739.jpg,new_whale w_d080f35 w_989fbbb w_a2633d4 w_67fecca
62d88065.jpg,new_whale w_164cfff w_4fd48e7 w_777f59a w_3b99025
62d90d83.jpg,new_whale w_41ed8e8 w_7049d9f w_06ff732 w_b7d5069
62db8ff4.jpg,new_whale w_c9e1cdc w_ace8c54 w_9ec358c w_18eee6e
62dc0085.jpg,new_whale w_f53deac w_697c72e w_c07f119 w_8fac7da
62dc4a72.jpg,new_whale w_e3fbc27 w_b942708 w_660195e w_c0d494d
62e05bff.jpg,new_whale w_e700deb w_54c00ad w_62f299e w_3411b9f
62e79e06.jpg,new_whale w_92d390e w_6fcceaf w_c8f7bcd w_bbd9409
62efa51f.jpg,new_whale w_ef67a6c w_b0a5c8d w_fd218ba w_4bf5a06
6301b272.jpg,new_whale w_1eafe46 w_18eee6e w_a59905f w_21e178f
6301f132.jpg,new_whale w_43be268 w_67de30b w_7c7a78c w_9ea2cc3
63055872.jpg,new_whale w_fd1cb9d w_7cc620b w_4f6c7e0 w_733fe81
63071de1.jpg,new_whale w_0c6dbbe w_901363f w_42dd100 w_7e8b270
63092b63.jpg,new_whale w_cae7677 w_a25caa9 w_b6c4efa w_60c5e7e
630a92aa.jpg,new_whale w_a254eb0 w_57e8a80 w_b942708 w_7aaa569
630bd881.jpg,new_whale w_95874a5 w_2c68b75 w_9b401eb w_d8f848c
630d20c5.jpg,new_whale w_08d1ccd w_73d5489 w_66fb697 w_87050a3
63160561.jpg,new_whale w_e6541e4 w_efebfe8 w_f5eb6c6 w_7b770ec
631df296.jpg,new_whale w_dbda0d6 w_8242022 w_861cc1c w_b7d5069
6321fef6.jpg,new_whale w_18a1bf2 w_7852bd1 w_e4f1fcc w_5d96ba4
63239b9b.jpg,new_whale w_e2e56e9 w_6c803bf w_67de30b w_e02fe7b
63274365.jpg,new_whale w_a01d903 w_7394d75 w_79cde72 w_4a0c105
632847b3.jpg,new_whale w_ff7630a w_87050a3 w_b066aa6 w_5cef366
63294400.jpg,new_whale w_3af4e73 w_18eee6e w_2901dbf w_eb44149
6329fe0d.jpg,new_whale w_fb94a5a w_06ff732 w_aa64cc1 w_df21074
632abd1d.jpg,new_whale w_c4c8491 w_36eb0b1 w_d937660 w_c102ec3
632c42de.jpg,new_whale w_fd1cb9d w_9771603 w_02fce90 w_8c1dab2
632d6421.jpg,new_whale w_37dd956 w_3fdab94 w_48a98d7 w_bc8d634
6334ed04.jpg,new_whale w_5810973 w_9b401eb w_7763134 w_5b45503
6339ba51.jpg,new_whale w_5d335c3 w_2fd21ec w_9ec358c w_d89b29e
633d2553.jpg,new_whale w_56743d6 w_1638016 w_7abaf06 w_f22f3e3
634815b6.jpg,new_whale w_a91b997 w_18eee6e w_6c803bf w_96b697f
63486b1a.jpg,new_whale w_b0e05b1 w_14964c1 w_0466071 w_8fab53d
63496afb.jpg,new_whale w_41901e5 w_1ec267f w_cae7677 w_7ad8bb3
634a81d4.jpg,new_whale w_45e8ea5 w_eb0a6ed w_48dd419 w_7f4a1f1
634b41a0.jpg,new_whale w_6a3210a w_1772ed2 w_0b0d88d w_98d4838
6351153b.jpg,new_whale w_3de676c w_6af9dd7 w_b33e728 w_44cccf6
63555f6e.jpg,new_whale w_414a0d7 w_f6fb689 w_bb2d34d w_3947b78
63584be7.jpg,new_whale w_9875c12 w_d2be6cc w_bb2d34d w_e158680
635acd66.jpg,new_whale w_adc6e1b w_a59905f w_bf8c3d2 w_778ee6e
6367f41b.jpg,new_whale w_41ed8e8 w_0d39a68 w_73b705e w_64f3545
636e3758.jpg,new_whale w_9c70a11 w_d465e44 w_552a16e w_72dfe51
637787b8.jpg,new_whale w_e55a554 w_d9adb4f w_57304ba w_4e68ddc
63792aaf.jpg,new_whale w_17a2610 w_6c803bf w_8b56cb1 w_18eee6e
6386c3da.jpg,new_whale w_1287fbc w_f1b565a w_e73d83c w_43be268
63898194.jpg,new_whale w_2b28681 w_b942708 w_95874a5 w_4cba6b2
638c874f.jpg,new_whale w_cd70e8b w_17cb04d w_1a5beb9 w_1090920
638eb87f.jpg,new_whale w_302c025 w_82c9c67 w_7e4d894 w_958b908
6390022a.jpg,new_whale w_96b697f w_67de30b w_62f299e w_b6c4efa
63908e9f.jpg,new_whale w_c26f6db w_573eb8f w_f932abc w_1ec0481
639214ac.jpg,new_whale w_770eb84 w_1287fbc w_7311fe4 w_da2efe0
6394c1cc.jpg,new_whale w_f9bd832 w_b9f5b8b w_5bdb7c2 w_ab4cae2
63a0e789.jpg,new_whale w_2d2d7fe w_43be268 w_6503ccd w_d9055d1
63a2d07c.jpg,new_whale w_f185562 w_62c3998 w_6c803bf w_33973bf
63ab3b0a.jpg,new_whale w_06ff732 w_3d8c865 w_1eafe46 w_5c32d2a
63ab9c22.jpg,new_whale w_c7f1975 w_a1114ee w_09d7946 w_5e04db0
63abb5b2.jpg,new_whale w_c352046 w_1ac4c38 w_8e23e4c w_e826a6f
63ac23b4.jpg,new_whale w_78f2e92 w_b7d5069 w_96fd936 w_4fd48e7
63b00072.jpg,new_whale w_f9d27ad w_87cb6bd w_b688397 w_a8ec52f
63b2b969.jpg,new_whale w_ee948c6 w_338b130 w_eb0a6ed w_0bc712b
63b6f34f.jpg,new_whale w_b6ae946 w_7c18f3c w_ae07541 w_f803b29
63b72885.jpg,new_whale w_c4f3619 w_c11932e w_b1d6681 w_ebe0ad5
63b79b44.jpg,new_whale w_7763134 w_e3c0ae5 w_38efce7 w_80b1c48
63b7d744.jpg,new_whale w_39d2684 w_76048fe w_1e4e7a4 w_bf77b13
63b86c79.jpg,new_whale w_898bb9a w_60c5e7e w_f8e6546 w_b688397
63c6d4dc.jpg,new_whale w_60d8778 w_8b15b96 w_2f54c3c w_861cc1c
63cace96.jpg,new_whale w_3d8c865 w_8158b1f w_83a922d w_9ca943b
63cb943a.jpg,new_whale w_93dcf76 w_3b99025 w_397e3db w_c1b685f
63cda4d7.jpg,new_whale w_07e92ee w_e4616da w_02facde w_ab2d17a
63dfad8c.jpg,new_whale w_7234b3d w_42addf7 w_3674103 w_5438813
63e4dff0.jpg,new_whale w_01f211f w_4b7b80b w_e57b487 w_1ae1386
63f01e01.jpg,new_whale w_98baff9 w_b0e05b1 w_1e1a051 w_4b7b80b
63f4fab9.jpg,new_whale w_01e1223 w_cef690d w_d663f4f w_1c3e5da
63f59c18.jpg,new_whale w_eb0a6ed w_4b7b80b w_b0e05b1 w_1dd8e68
63f6359e.jpg,new_whale w_5f84b1a w_f0fc693 w_693c9ee w_fce6ab2
64003428.jpg,new_whale w_0c45f5e w_b9f5b8b w_b0a5c8d w_43e45b6
6402e0c8.jpg,new_whale w_6c803bf w_532fb22 w_5f0a14c w_17a2610
64049c21.jpg,new_whale w_800034f w_7c7a78c w_def505e w_7852bd1
64076924.jpg,new_whale w_67599af w_987a36f w_1c32062 w_b6886e5
6407a44c.jpg,new_whale w_7bcc2d6 w_d2be6cc w_59eb8ae w_6c803bf
6409bdf2.jpg,new_whale w_813c5be w_c0d494d w_3f907d6 w_3026ce2
6413b515.jpg,new_whale w_3694c7d w_d428980 w_e02fe7b w_67de30b
64173fa2.jpg,new_whale w_41fa033 w_fc61767 w_94c6edb w_1b6d171
641901ff.jpg,new_whale w_62ca7c8 w_fb72090 w_fce6ab2 w_cd38536
641dc9d5.jpg,new_whale w_a3cd405 w_0e737d0 w_b074cdf w_d19a884
64212afb.jpg,new_whale w_8f50a1f w_03c84ef w_3e1ccc9 w_4bf5a06
6421a7bb.jpg,new_whale w_302af0a w_9d9913a w_f8e6546 w_48dd419
64270a0c.jpg,new_whale w_97768ee w_9a8684f w_67fecca w_656ef35
6428d7e9.jpg,new_whale w_c0d494d w_73b705e w_654a5bb w_6202983
64320623.jpg,new_whale w_3d0bc7a w_44cccf6 w_3fe1eb9 w_987a36f
6438ebdc.jpg,new_whale w_5f7c402 w_dbaa2b1 w_17cb04d w_bc9dc37
643eeed1.jpg,new_whale w_2f6a962 w_434ad6a w_73bed18 w_43be268
64439d93.jpg,new_whale w_87050a3 w_a254eb0 w_b033b36 w_ff7630a
6454555a.jpg,new_whale w_8d46cef w_7b035cc w_48a98d7 w_8b56cb1
645cb431.jpg,new_whale w_45e8ea5 w_4b7b80b w_2e4fecc w_83e0203
646b3a4b.jpg,new_whale w_f672e01 w_d142b00 w_1e7bb93 w_790c2aa
646c238b.jpg,new_whale w_98baff9 w_d7de1ee w_ba17206 w_0e737d0
6472d54f.jpg,new_whale w_b820615 w_a59905f w_8c1e2e4 w_18eee6e
6476ede0.jpg,new_whale w_31b020c w_2f89dfe w_8ba2066 w_63db6f9
647a57bd.jpg,new_whale w_98baff9 w_14ba846 w_0c6d50d w_f9bd832
647b8d0e.jpg,new_whale w_1dff010 w_11ca856 w_96b697f w_e4616da
647e2243.jpg,new_whale w_5b5a85d w_7248590 w_ef67a6c w_db0ad01
647eb270.jpg,new_whale w_e7a238b w_6a3210a w_1875b28 w_3ac13d2
647f8e83.jpg,new_whale w_0e7cb1c w_a464d28 w_fdf60bb w_9621342
647fb129.jpg,new_whale w_c068ed3 w_4af3e4e w_39f2064 w_fd6f24f
6483a52c.jpg,new_whale w_27b9e86 w_de2c79f w_fd1cb9d w_5af7a9c
6488f0e6.jpg,new_whale w_a01d903 w_73d5489 w_e10dff3 w_e282300
648a1749.jpg,new_whale w_56bbc91 w_17ee910 w_dcb1f2a w_95874a5
648a302a.jpg,new_whale w_dd66cf9 w_63131a3 w_12cdfbd w_c0560ac
648bff95.jpg,new_whale w_89e451c w_1eafe46 w_540fd73 w_4378542
64980f71.jpg,new_whale w_fb8ca1e w_c529cf1 w_fd1cb9d w_fc7cc24
649cdaa3.jpg,new_whale w_b70a0c4 w_a3885dc w_b066aa6 w_0e737d0
649f3106.jpg,new_whale w_79071e8 w_c10ffe9 w_735ce7d w_6232813
64a15470.jpg,new_whale w_f86488a w_5624f08 w_34c4927 w_987a36f
64a554e1.jpg,new_whale w_7538a4c w_f81c626 w_59eb8ae w_d382236
64a62b45.jpg,new_whale w_aae82f8 w_f801078 w_cd1f1ed w_65139e4
64ac8eea.jpg,new_whale w_7dee51b w_d52bc74 w_3136deb w_3674103
64acd14d.jpg,new_whale w_f2d87b0 w_fd1cb9d w_018bc64 w_0beef28
64b07dc2.jpg,new_whale w_c529cf1 w_9122e43 w_4659acf w_1e31d24
64b13363.jpg,new_whale w_33c3ce1 w_f8e6546 w_b0e05b1 w_59db39b
64b4fbb0.jpg,new_whale w_010a1fa w_72dfe51 w_0bc712b w_b5dd5bc
64b9315c.jpg,new_whale w_7e8305f w_95aad92 w_5297ab3 w_cae7677
64bf16b7.jpg,new_whale w_eac205a w_43be268 w_0a97a25 w_a2b3d53
64c4c9f9.jpg,new_whale w_813c5be w_f70bf4d w_3026ce2 w_64f3545
64c96ee4.jpg,new_whale w_6249f5d w_6ddbb81 w_d6255a4 w_5317c46
64ce4d28.jpg,new_whale w_d141590 w_156c0db w_cf7eebd w_a254eb0
64d05eb2.jpg,new_whale w_96c141f w_3d0bc7a w_b6689cc w_338d945
64d547e9.jpg,new_whale w_f8c9150 w_338b130 w_f852d15 w_d94db94
64d6056e.jpg,new_whale w_badfc4b w_8fd5636 w_cd02407 w_219e33c
64d644cb.jpg,new_whale w_6c803bf w_532fb22 w_d4fa6f3 w_ea2385d
64d96822.jpg,new_whale w_fcfcf68 w_fae3939 w_54cd8e0 w_fd587bc
64e109bf.jpg,new_whale w_3fcb80e w_bf77b13 w_50db782 w_18df014
64e134a0.jpg,new_whale w_8e23e4c w_b074cdf w_5fc5ea5 w_35d4d83
64e6d2b1.jpg,new_whale w_8a2e496 w_8968506 w_98baff9 w_338b130
64e6fcd2.jpg,new_whale w_cd04e1c w_cae7677 w_52a081c w_84a13d3
64eee451.jpg,new_whale w_1a70685 w_3de676c w_7a2dfd7 w_18eee6e
64f29811.jpg,new_whale w_c9111ac w_d9fdd15 w_11adaae w_fba3bde
64f3a8c6.jpg,new_whale w_d1bbde9 w_1c69443 w_711aaa1 w_b8dff40
64f5fc2b.jpg,new_whale w_63db6f9 w_fba3bde w_a59905f w_6c803bf
64f63db2.jpg,new_whale w_4f248f3 w_e7a2780 w_fe95ab8 w_88e679c
64fdf518.jpg,new_whale w_df092eb w_b08520c w_d663f4f w_29fc831
6506073f.jpg,new_whale w_3a9ee71 w_98baff9 w_0e737d0 w_0988bbb
650628ef.jpg,new_whale w_79d4855 w_fd1cb9d w_18eee6e w_d9055d1
650f3b6f.jpg,new_whale w_f19faeb w_b688397 w_a62f211 w_2c75202
650fe315.jpg,new_whale w_53ef628 w_64433af w_15427c3 w_04c1951
65101d37.jpg,new_whale w_244bd92 w_024358d w_35c8057 w_b96d4e0
651511dc.jpg,new_whale w_156c0db w_b6410bc w_8103039 w_a254eb0
651658b5.jpg,new_whale w_11b993a w_b96d4e0 w_98baff9 w_883557a
65169597.jpg,new_whale w_89d9c03 w_4e54fac w_4ebeafb w_eac205a
6519050c.jpg,new_whale w_143b201 w_f546b0a w_1272a31 w_e449d3a
65199df7.jpg,new_whale w_c241e72 w_654a5bb w_6202983 w_98baff9
6525ea72.jpg,new_whale w_516bedb w_b3cc032 w_c9e1cdc w_1a5e7a2
652dd071.jpg,new_whale w_2669d75 w_98baff9 w_b074cdf w_66c1b54
652dd5fe.jpg,new_whale w_db0ad01 w_cece268 w_2356a6d w_33f5747
65333de0.jpg,new_whale w_430849b w_88f57d0 w_800034f w_73e1d5b
65338c4f.jpg,new_whale w_b96d4e0 w_bb2d34d w_e3c119c w_7ba4b5a
653647bb.jpg,new_whale w_a155149 w_2282bb8 w_c0287a9 w_31d3999
65387be7.jpg,new_whale w_95874a5 w_11138db w_18eee6e w_c9e1cdc
6539d7c1.jpg,new_whale w_17e8554 w_a59905f w_06972d2 w_d465e44
653a9a3c.jpg,new_whale w_1dd8e68 w_b1d6681 w_964ce09 w_3f904cf
653dfa4f.jpg,new_whale w_bde9c34 w_7394d75 w_b9e00eb w_cae7677
6543b1d2.jpg,new_whale w_1beadba w_5d0666e w_402784d w_e17c752
65485450.jpg,new_whale w_7ad8bb3 w_e41f2fa w_4ce0510 w_73d5489
654f743b.jpg,new_whale w_b6886e5 w_bb2d34d w_a335e80 w_987a36f
6556e2d9.jpg,new_whale w_fd1cb9d w_8201aa8 w_3694c7d w_aae82f8
6563a727.jpg,new_whale w_fd1cb9d w_6202983 w_7c7a78c w_1eafe46
65665cdb.jpg,new_whale w_18eee6e w_86b9dfd w_9d704ab w_fba3bde
65679765.jpg,new_whale w_f21f2ec w_2d99a0c w_3b3b9b2 w_0e9f6d9
6567ef0f.jpg,new_whale w_40323ac w_18eee6e w_3674103 w_95874a5
65684d44.jpg,new_whale w_a779e16 w_8e92130 w_1431f4b w_243e33e
656a80f8.jpg,new_whale w_f8c3a63 w_98baff9 w_eeb5fa7 w_e5250e9
656c0aa9.jpg,new_whale w_861cc1c w_aef3680 w_db474c7 w_5384c57
65702755.jpg,new_whale w_fd587bc w_fcfcf68 w_37223f9 w_6249f5d
6570a24c.jpg,new_whale w_e826a6f w_88cb2dd w_2f89dfe w_6202983
657330ef.jpg,new_whale w_db0ad01 w_1e4e7a4 w_39d2684 w_c45bfc3
657c72a4.jpg,new_whale w_9ba06bb w_ccbc782 w_35c8057 w_5557280
657e7af4.jpg,new_whale w_98baff9 w_ab4cae2 w_9948a99 w_e02fe7b
65882aba.jpg,new_whale w_ccb4adc w_ddbf533 w_419226b w_18eee6e
658b215f.jpg,new_whale w_a913945 w_d9aab0a w_9ca943b w_da2efe0
658b2fce.jpg,new_whale w_7885601 w_2cca6a1 w_71e851f w_3e6a161
658cbb0a.jpg,new_whale w_3650949 w_8fab53d w_b0e05b1 w_12c3d3d
65944b86.jpg,new_whale w_2f07b15 w_338b130 w_9ab6e50 w_0c6d50d
65964c75.jpg,new_whale w_39043c9 w_d663f4f w_15f29b7 w_4e68ddc
6596e104.jpg,new_whale w_9ca943b w_67de30b w_2832e90 w_6a78025
65a0e5d3.jpg,new_whale w_0d8fb3f w_96d9eaf w_46b211d w_ddb4c8d
65a26507.jpg,new_whale w_0ea659e w_b089088 w_cc5fae7 w_41c0098
65a2f76b.jpg,new_whale w_86113c4 w_2dae424 w_ff7630a w_3745f59
65abe107.jpg,new_whale w_1e5a146 w_f83b1f9 w_a18d0dc w_5b99089
65ada349.jpg,new_whale w_bb2d34d w_e826a6f w_18eee6e w_d0cecd5
65b2c988.jpg,new_whale w_693c9ee w_98baff9 w_9e4a26f w_25a38b8
65b9f33e.jpg,new_whale w_e59294d w_f6fb689 w_0e737d0 w_56743d6
65c0eeb1.jpg,new_whale w_c4e71b6 w_67fecca w_6d7c852 w_656ef35
65c29365.jpg,new_whale w_f8e6546 w_98baff9 w_eb0a6ed w_338b130
65c48e36.jpg,new_whale w_20eb13c w_4659acf w_fba3bde w_b05f565
65c62ae8.jpg,new_whale w_5dc1c2d w_1dd8e68 w_0cd401c w_2dc2ef2
65c7bb93.jpg,new_whale w_38a3f72 w_4ebeafb w_f6fb689 w_71e6583
65c7c47c.jpg,new_whale w_8a2e496 w_ed8a846 w_0e737d0 w_98baff9
65c8525a.jpg,new_whale w_f86488a w_f3bd33a w_b64126b w_11adaae
65c96cee.jpg,new_whale w_0aae8c1 w_073f071 w_b55242e w_b6410bc
65d62a39.jpg,new_whale w_e55a554 w_f93d780 w_77ee0be w_4f28a45
65d92306.jpg,new_whale w_3d0bc7a w_c9e1cdc w_95874a5 w_9ec358c
65d9a84d.jpg,new_whale w_b074cdf w_7554f44 w_a59221a w_44a6b62
65db0da1.jpg,new_whale w_5cb5fc3 w_1489751 w_9de3195 w_e30e97f
65e552a7.jpg,new_whale w_efebfe8 w_1dff010 w_f81c626 w_da0372d
65f6b91e.jpg,new_whale w_daeb296 w_930bc39 w_ab6bb0a w_db2baec
65fed75f.jpg,new_whale w_551f5ca w_5cc2285 w_cd1f1ed w_7bf3a5c
6601b15c.jpg,new_whale w_be32bec w_a66b2a5 w_13c6b6b w_7e8b270
6608bbae.jpg,new_whale w_8a66718 w_a59905f w_0e737d0 w_d7de1ee
6609d4d9.jpg,new_whale w_5e57e8b w_51652ee w_4ebeafb w_2d99a0c
6612e59d.jpg,new_whale w_8238d51 w_fd1cb9d w_479e3e5 w_147b62b
66180a8b.jpg,new_whale w_f672e01 w_a0149f9 w_07e92ee w_a048f26
661ab087.jpg,new_whale w_0c70bc3 w_e26c35f w_ca55545 w_de3cab3
661b1820.jpg,new_whale w_39043c9 w_b1a4f29 w_845f7ca w_36b6904
6625da4b.jpg,new_whale w_367b996 w_a5c5f2d w_381c6aa w_52e7cf6
662af3b2.jpg,new_whale w_98f0e93 w_4b7b80b w_93bf889 w_35063ed
662d31e3.jpg,new_whale w_477ccf5 w_fce6ab2 w_826eb44 w_fc76ede
6633352a.jpg,new_whale w_80d95d6 w_03f060f w_989fbbb w_5deefd9
6638f5e6.jpg,new_whale w_ca0ec7c w_2071a4c w_4be373e w_2e872af
6645d93d.jpg,new_whale w_309a2b3 w_d428980 w_3061bdd w_fd1cb9d
66485530.jpg,new_whale w_09c1e0b w_e02fe7b w_5bdb7c2 w_8c1ec28
6653b3b8.jpg,new_whale w_49bbc79 w_5c0e858 w_1a70685 w_33b9360
665608a4.jpg,new_whale w_7440549 w_e62b5d8 w_68fb716 w_67de30b
6661cd48.jpg,new_whale w_61ffd2c w_9ca943b w_badfc4b w_6af9dd7
66630f76.jpg,new_whale w_1310342 w_89e159a w_4c9d3df w_3c0bbac
666783ea.jpg,new_whale w_7e8b270 w_9caed77 w_032d44d w_e6ec8ee
666dcbfa.jpg,new_whale w_b0e05b1 w_ca8bfb4 w_f19faeb w_dbda0d6
666df913.jpg,new_whale w_5b99089 w_c0d494d w_cb7b682 w_3f907d6
666e9b6f.jpg,new_whale w_932c8cd w_a69bb2b w_9ca943b w_efebfe8
66703178.jpg,new_whale w_8ba2066 w_f19faeb w_b9e00eb w_a524549
667488ed.jpg,new_whale w_42f935c w_f8e6546 w_987a36f w_640f91d
6677f5ad.jpg,new_whale w_4e7fc3e w_e6ec8ee w_91361f0 w_1febbf3
66796869.jpg,new_whale w_99365b3 w_01d6ca0 w_f314558 w_e9ffbe9
667c2a3a.jpg,new_whale w_d2f7b3c w_081dd6e w_0f92544 w_b0e05b1
667d50b8.jpg,new_whale w_b8f8e69 w_98dcedd w_7895123 w_62c3998
6680d9f7.jpg,new_whale w_414f402 w_cd88a48 w_3694c7d w_a14ccaa
6680fcde.jpg,new_whale w_e7f8e67 w_53859b2 w_5bc7e7f w_cd01afb
66830611.jpg,new_whale w_efebfe8 w_1287fbc w_6d05f7f w_e594616
66831ac3.jpg,new_whale w_3c2d938 w_9f1fafb w_a18d0dc w_3c4062e
66842e86.jpg,new_whale w_4dfe7cb w_898bb9a w_b7d5069 w_c0f3e88
668694d5.jpg,new_whale w_93dcf76 w_5966fff w_193b7e3 w_966e86e
668b0649.jpg,new_whale w_ff70408 w_6c803bf w_12f2352 w_16f61aa
6698a351.jpg,new_whale w_831f124 w_9ca943b w_d9aab0a w_67fecca
669988a6.jpg,new_whale w_8fd5636 w_e700deb w_302af0a w_e449d3a
669ddfb1.jpg,new_whale w_ef30115 w_6092d5c w_4b7b80b w_8a4b8ef
66a07535.jpg,new_whale w_7c44934 w_542f8ca w_59eb8ae w_693c9ee
66a11c8f.jpg,new_whale w_ee17a08 w_64f3545 w_9ca943b w_b7d5069
66a3b607.jpg,new_whale w_c57623d w_6375873 w_65139e4 w_43be268
66a84f9f.jpg,new_whale w_ca8bfb4 w_9269ec6 w_22b8a16 w_7248590
66aec422.jpg,new_whale w_ad87135 w_80b1c48 w_d19a884 w_8044362
66b0181f.jpg,new_whale w_3674103 w_693c9ee w_dff2982 w_f438375
66b1e49e.jpg,new_whale w_7554f44 w_15d7ecf w_b9e00eb w_3c4062e
66b71912.jpg,new_whale w_adc6e1b w_a59905f w_6c803bf w_bbf20b4
66c00fd4.jpg,new_whale w_e62680c w_f8e6546 w_667833e w_ad1d93b
66c051fb.jpg,new_whale w_5f0a14c w_7a2dfd7 w_9ea2cc3 w_6c803bf
66c31c25.jpg,new_whale w_701972b w_5fc5ea5 w_434ad6a w_7918071
66c7c602.jpg,new_whale w_2811cea w_b7d5069 w_9438980 w_ccbc782
66c81eb2.jpg,new_whale w_79d4855 w_1ac4c38 w_e2bf793 w_434ad6a
66d13b68.jpg,new_whale w_0771d4b w_2a939eb w_49bbc79 w_6c803bf
66d166d4.jpg,new_whale w_cb7b682 w_d9aab0a w_654a5bb w_5b99089
66d34fa1.jpg,new_whale w_3af4e73 w_296749b w_9ea2cc3 w_97666c8
66dcd6f8.jpg,new_whale w_82e0d98 w_01c2cb0 w_7895123 w_f86488a
66e2a953.jpg,new_whale w_5f82501 w_735ce7d w_b0e05b1 w_abe383e
66e2c3fd.jpg,new_whale w_b4369cc w_9ea2cc3 w_05b2ddd w_9ceb05d
66e3ed4f.jpg,new_whale w_57186e5 w_c94f464 w_11f6df1 w_f6fb689
66e6e2bb.jpg,new_whale w_4c8e7ae w_2dbb0fe w_7e8b270 w_73185e4
66e76b7b.jpg,new_whale w_23b9dcb w_a9f41fd w_8fb79a2 w_5e04db0
66f5f858.jpg,new_whale w_7bda16b w_6c803bf w_2a939eb w_b05c57f
6700ff6a.jpg,new_whale w_2a939eb w_6c803bf w_987a36f w_b05c57f
670379d4.jpg,new_whale w_9bcb0f8 w_0d39a68 w_15928c6 w_fa32440
6707c2b7.jpg,new_whale w_ca5abbb w_735d8a4 w_b96d4e0 w_47f29cd
670d89df.jpg,new_whale w_6c803bf w_895c722 w_4855bd3 w_d915632
670f5a00.jpg,new_whale w_7c979d9 w_4759be5 w_8044362 w_06dbe6b
67172e12.jpg,new_whale w_7dee51b w_60cc444 w_0f41afe w_47f29cd
67191751.jpg,new_whale w_8d83172 w_6af9dd7 w_63035d1 w_3e1ba5b
671cd902.jpg,new_whale w_bb2d34d w_307065e w_0a58a06 w_97f5054
67211915.jpg,new_whale w_67de30b w_fba3bde w_d5ec83f w_0a97a25
6724d0d1.jpg,new_whale w_d663f4f w_fba3bde w_a3cd405 w_54c00ad
67267f8f.jpg,new_whale w_1dd8e68 w_ddad87e w_d663f4f w_b1a4f29
672e8554.jpg,new_whale w_e39dcea w_b588283 w_bbc2a14 w_6d05f7f
6732cdde.jpg,new_whale w_6c803bf w_fba3bde w_711aaa1 w_d1bbde9
673a3cc8.jpg,new_whale w_4fd48e7 w_f22f3e3 w_54cd8e0 w_e17c752
673c5b7d.jpg,new_whale w_2d2de1d w_64433af w_c39c56e w_0ea2545
6741f5a9.jpg,new_whale w_fea7fe6 w_1638016 w_e6b3dd4 w_159f36b
6742653c.jpg,new_whale w_18eee6e w_532fb22 w_44f0fa2 w_cff28c4
6745a102.jpg,new_whale w_dcb1f2a w_778ee6e w_9ea2cc3 w_43be268
675337eb.jpg,new_whale w_c10ffe9 w_4176a19 w_4c9d3df w_35063ed
675423dd.jpg,new_whale w_d6a3892 w_dd086b2 w_dff77b6 w_f208155
67586d97.jpg,new_whale w_71e6583 w_307065e w_222dcb7 w_16d2ae2
675ce8d5.jpg,new_whale w_1dd8e68 w_0e4f53c w_76ebad6 w_d148982
6762a517.jpg,new_whale w_e826a6f w_25db560 w_f183341 w_7b035cc
6762b456.jpg,new_whale w_9122179 w_ee17a08 w_026fdf8 w_414f402
6763b6e5.jpg,new_whale w_c0f377b w_50d2084 w_aed1e43 w_46540b1
6764cfb0.jpg,new_whale w_711aaa1 w_62f804d w_3061bdd w_6c803bf
676713d6.jpg,new_whale w_5a2075e w_4225bb3 w_1287fbc w_71c7322
676be9cb.jpg,new_whale w_9321960 w_d9aab0a w_9b401eb w_91572bb
67767f5a.jpg,new_whale w_419226b w_bdbec6c w_44a6b62 w_fea7fe6
677c2c04.jpg,new_whale w_b9e00eb w_b939998 w_5010531 w_febafc1
677ca667.jpg,new_whale w_ccc8e31 w_715d152 w_dfec7a3 w_7759db0
6780daad.jpg,new_whale w_70a31ce w_e603cc5 w_c6be61e w_da2efe0
6785ee58.jpg,new_whale w_98baff9 w_b9f5b8b w_987a36f w_79071e8
678b230a.jpg,new_whale w_cd70e8b w_1d05772 w_1596a47 w_613723e
678db624.jpg,new_whale w_b4a5677 w_7234b3d w_2f6ad07 w_c8f7bcd
678f4374.jpg,new_whale w_43be268 w_693c9ee w_fe19618 w_569c2c7
67956b0f.jpg,new_whale w_4b7b80b w_a25caa9 w_f8e6546 w_2c83e22
679c308b.jpg,new_whale w_5f50b5e w_55647bd w_338b130 w_f8e6546
679f8c87.jpg,new_whale w_54c00ad w_8c1e2e4 w_b820615 w_296749b
67a07e99.jpg,new_whale w_c92b4f5 w_18eee6e w_6361632 w_b6c4efa
67abc7c8.jpg,new_whale w_df21074 w_e21043a w_70e49bc w_6c803bf
67ad63c1.jpg,new_whale w_1287fbc w_d9aab0a w_da2efe0 w_43b50e5
67af1e7a.jpg,new_whale w_2a939eb w_6c803bf w_0d39a68 w_cf092f5
67b15eb4.jpg,new_whale w_b688397 w_06972d2 w_8cf18ac w_b0e05b1
67b1d487.jpg,new_whale w_f3bd33a w_43be268 w_ee17a08 w_9db9ef5
67bf164a.jpg,new_whale w_1596a47 w_8db45b7 w_c8126db w_89e159a
67c43c0a.jpg,new_whale w_b688397 w_a8bc2bc w_ecb9a79 w_ba53619
67c4ec55.jpg,new_whale w_059df09 w_540fd73 w_06972d2 w_cdc21df
67c59d32.jpg,new_whale w_8103039 w_515838e w_75780a0 w_c352046
67c610b4.jpg,new_whale w_20c671c w_53859b2 w_33e7def w_94da90b
67c759e9.jpg,new_whale w_5f7c402 w_8db45b7 w_17136dc w_4fdaa2a
67c94c2b.jpg,new_whale w_aa64cc1 w_98baff9 w_037955e w_b71eab2
67d30ebe.jpg,new_whale w_b4732ef w_d663f4f w_08f1502 w_569c2c7
67d35f9c.jpg,new_whale w_e6ec8ee w_c103b25 w_1e75406 w_bd1c23d
67d4721b.jpg,new_whale w_57e8a80 w_408c5a7 w_40323ac w_b942708
67dbfc98.jpg,new_whale w_c926fc3 w_93dcf76 w_9890432 w_6249f5d
67e5848a.jpg,new_whale w_625a6a9 w_71c7322 w_4e52a49 w_f229b69
67e938e7.jpg,new_whale w_64783fe w_d3c8520 w_c663985 w_f8e6546
67f0e5bb.jpg,new_whale w_773967d w_b2d937a w_1da7080 w_73d5489
67fef658.jpg,new_whale w_56f9abb w_898bb9a w_977d881 w_73c9ba2
68032357.jpg,new_whale w_3694c7d w_38e4aae w_e0f1df1 w_987a36f
680d1756.jpg,new_whale w_026fdf8 w_67de30b w_987a36f w_c30959a
680d9057.jpg,new_whale w_4b47559 w_d9aab0a w_affdf5d w_d88328d
6817ac5b.jpg,new_whale w_987a36f w_656afeb w_6c803bf w_693c9ee
681f7b74.jpg,new_whale w_e6ced04 w_b9f5b8b w_11b993a w_02d5fad
682a2469.jpg,new_whale w_7b5d0f0 w_fe6617a w_5be8e63 w_dbda0d6
682b1008.jpg,new_whale w_8c1ec28 w_21e178f w_ab4cae2 w_1eafe46
682e72e6.jpg,new_whale w_516bedb w_18eee6e w_6c803bf w_3af4e73
682eef8c.jpg,new_whale w_39f2064 w_dc97dc3 w_5102893 w_41fa033
683671c5.jpg,new_whale w_21e178f w_7b035cc w_4ebeafb w_3026ce2
6845b1d3.jpg,new_whale w_3ae3603 w_fe49bc4 w_1eafe46 w_853c1f7
68460d91.jpg,new_whale w_059ac60 w_693c9ee w_2ac83b0 w_2658649
68497ee2.jpg,new_whale w_7f45825 w_8861715 w_3694c7d w_67de30b
684a4e62.jpg,new_whale w_53ef628 w_2f54c3c w_d22af00 w_80c5f01
6850ca99.jpg,new_whale w_3de676c w_49bbc79 w_abc2eda w_a2633d4
6855f6a9.jpg,new_whale w_d382236 w_20eb13c w_2fe43c7 w_987a36f
68596681.jpg,new_whale w_1fb42f1 w_fa32440 w_f69889f w_02d5fad
685e4736.jpg,new_whale w_9b401eb w_8e451d9 w_da2efe0 w_4ebeafb
685ee6c0.jpg,new_whale w_ee24bac w_70daaba w_434ad6a w_d2be6cc
685f9121.jpg,new_whale w_2a9727c w_0740d28 w_7c7a78c w_9d5f5cc
68673959.jpg,new_whale w_bc62c0e w_76599c3 w_ef7755e w_d9adb4f
686ba2b8.jpg,new_whale w_fd3ce71 w_e0f1df1 w_2d99a0c w_1ecfe96
6871e4e2.jpg,new_whale w_97f5054 w_98baff9 w_693c9ee w_c0d494d
6875d9f1.jpg,new_whale w_7e48479 w_98baff9 w_1274a11 w_ab4cae2
687cbed4.jpg,new_whale w_4fcfa4d w_38158d6 w_398aa7f w_44f0fa2
687f1f20.jpg,new_whale w_790c2aa w_70715c1 w_9874f0d w_66c1b54
68824aa1.jpg,new_whale w_3aa2073 w_679f2eb w_cc3a724 w_1da7080
6882d2c6.jpg,new_whale w_cc3a724 w_987a36f w_776ba6e w_120927e
688aebf5.jpg,new_whale w_eb44149 w_ddf14ae w_11ca856 w_67de30b
688d70d6.jpg,new_whale w_1a70685 w_853c1f7 w_1596a47 w_f86488a
6890052c.jpg,new_whale w_f5771d1 w_0652d70 w_776ba6e w_6affb63
68964fdf.jpg,new_whale w_4e68ddc w_cd88a48 w_94e1ed4 w_b074cdf
68975ca6.jpg,new_whale w_4c2d259 w_7918071 w_15eae33 w_a25caa9
6897bcb1.jpg,new_whale w_1ac4c38 w_6c803bf w_a5a13d0 w_778ee6e
6898764c.jpg,new_whale w_2071a4c w_e64c9a6 w_5f82501 w_a646643
6898da70.jpg,new_whale w_ead5d70 w_ab4cae2 w_0e737d0 w_98baff9
689b3eda.jpg,new_whale w_4404247 w_5cc51d6 w_3f907d6 w_6c3d086
689b9fde.jpg,new_whale w_1e1a051 w_0740d28 w_7028d77 w_8fab53d
689d8ff0.jpg,new_whale w_7ad8bb3 w_ec87420 w_b0aed4a w_d20befa
689ecfc6.jpg,new_whale w_6547e12 w_f438375 w_dbda0d6 w_dbd28fa
68a2b02b.jpg,new_whale w_5d96ba4 w_29eb3b2 w_2d963bb w_3e57104
68a47f94.jpg,new_whale w_0819271 w_aa7e5f4 w_901363f w_217e78a
68a82bb8.jpg,new_whale w_b2ba967 w_e57b487 w_76106aa w_96fd936
68ad1b0c.jpg,new_whale w_31d3999 w_ca8bfb4 w_a7f847f w_9434f0c
68ad260e.jpg,new_whale w_b4eeae6 w_31d3999 w_0103030 w_339c8ae
68b09059.jpg,new_whale w_93dcf76 w_c1b685f w_3ca387d w_1c432e7
68b0fdb8.jpg,new_whale w_45e8ea5 w_ca8bfb4 w_1d38877 w_3ca387d
68b475c1.jpg,new_whale w_993d66c w_1eafe46 w_0cb6294 w_330f897
68b5fdbc.jpg,new_whale w_3572b44 w_a048f26 w_29670e2 w_102ab59
68be4f84.jpg,new_whale w_490c8a0 w_bc5beaa w_a837660 w_2282bb8
68bf7f3a.jpg,new_whale w_7637760 w_29670e2 w_fd587bc w_c26f6db
68c47429.jpg,new_whale w_3b02089 w_c786765 w_bbe06a7 w_e4f1fcc
68cf2dc3.jpg,new_whale w_67fecca w_9b401eb w_fe49bc4 w_bf38f05
68d74e4d.jpg,new_whale w_89e159a w_38e4aae w_2a939eb w_987a36f
68e0683e.jpg,new_whale w_0beef28 w_8d83172 w_987a36f w_6c803bf
68e0be17.jpg,new_whale w_d19a884 w_15427c3 w_09f9fd3 w_fd587bc
68e39f4c.jpg,new_whale w_cf8b725 w_de3cab3 w_2a9727c w_12c3d3d
68e853cf.jpg,new_whale w_fdcfcea w_2af3059 w_1894a1c w_56ccad1
68f219ec.jpg,new_whale w_d1917df w_fb270f3 w_0c3295a w_372909c
68f6c683.jpg,new_whale w_302af0a w_c0d494d w_77e1d3f w_9ceb05d
68fce520.jpg,new_whale w_8b22583 w_ff1b64c w_5e57e8b w_0e7cb1c
68fdba93.jpg,new_whale w_0753c29 w_9236aac w_4072313 w_490b224
68ff25c3.jpg,new_whale w_54c00ad w_e700deb w_36eb0b1 w_fd1cb9d
6904c6a9.jpg,new_whale w_2282bb8 w_9496577 w_e6ec8ee w_3d0bc7a
690b32c8.jpg,new_whale w_8238d51 w_fd1cb9d w_479e3e5 w_147b62b
690bdd74.jpg,new_whale w_987a36f w_fe87f0a w_5624f08 w_38e4aae
690d7d48.jpg,new_whale w_1310342 w_67de30b w_8d46cef w_e2e56e9
6912e71e.jpg,new_whale w_98baff9 w_37374fa w_38b1edd w_52c8684
6913bd4d.jpg,new_whale w_53951e6 w_361e290 w_d9adb4f w_a254eb0
6914d83d.jpg,new_whale w_096bc48 w_4be373e w_cef690d w_b88a8d8
69171ac7.jpg,new_whale w_8fd5636 w_08d1ccd w_9c5ed68 w_219e33c
691b4ac1.jpg,new_whale w_9c449e2 w_5bc5fc1 w_40323ac w_c0cfd5b
6920abdb.jpg,new_whale w_19e5d10 w_70715c1 w_b1a4f29 w_0e7cb1c
6920efe3.jpg,new_whale w_dcd7a1d w_6e8486d w_073b15e w_dfbfe10
692103f8.jpg,new_whale w_89d9c03 w_1eafe46 w_b4732ef w_09dd18c
692b0a41.jpg,new_whale w_db93738 w_44cb3ee w_1ec0481 w_4791b4c
6933917c.jpg,new_whale w_7ad8bb3 w_52a081c w_d3c8520 w_cd04e1c
6936caf4.jpg,new_whale w_8a31e6c w_eb39613 w_c622a3f w_143b201
693a8624.jpg,new_whale w_23dce10 w_544f7e7 w_6b851b1 w_73d5489
693adf5b.jpg,new_whale w_d398969 w_91572bb w_6fcceaf w_b4732ef
693e890c.jpg,new_whale w_5b8f282 w_0600ecf w_599d0df w_ff70408
693f1f60.jpg,new_whale w_8c605d2 w_ccf547c w_ef52dd3 w_80d95d6
694390f2.jpg,new_whale w_a524549 w_ebe0ad5 w_b1a4f29 w_958b908
6948ef4a.jpg,new_whale w_fbcb6e4 w_bc5f0f5 w_dbc4dcc w_19f7a8b
694a493a.jpg,new_whale w_1632307 w_24a2923 w_25871da w_690fc6b
694ee194.jpg,new_whale w_4fd48e7 w_8f2fb79 w_bf4880a w_8a438a4
695195aa.jpg,new_whale w_9ca943b w_1ed4dde w_e62a48d w_1e674e6
6951e1ee.jpg,new_whale w_60eba40 w_2af3059 w_530f87b w_0dee306
69532a23.jpg,new_whale w_014a645 w_73cbacd w_0f92544 w_5966fff
69534aa8.jpg,new_whale w_853c1f7 w_b7d5069 w_0beef28 w_1274a11
695539d2.jpg,new_whale w_8148b95 w_997582c w_e6ced04 w_18df014
695df336.jpg,new_whale w_cece268 w_1a9a38e w_fa96a3d w_c06dd6e
69603daf.jpg,new_whale w_fb2c3fb w_97bc172 w_423e872 w_7c7a78c
6967d2fd.jpg,new_whale w_9e559ff w_5297ab3 w_6918155 w_6a7478d
6969d75a.jpg,new_whale w_4c9d3df w_bb2d34d w_5a0d250 w_44cccf6
696cdb1f.jpg,new_whale w_98baff9 w_7285eb3 w_4b7b80b w_42f935c
696fe9a0.jpg,new_whale w_d3ce445 w_7ed3719 w_29eb3b2 w_4ec48a9
6972950f.jpg,new_whale w_b6c4efa w_c3d523d w_c9111ac w_fc7cc24
69746df9.jpg,new_whale w_1dd8e68 w_96ba432 w_a1350a7 w_07e92ee
69786916.jpg,new_whale w_989fbbb w_0cd401c w_76ebad6 w_a048f26
697a6582.jpg,new_whale w_b922593 w_eb7c39f w_cae7677 w_35063ed
697cb8ed.jpg,new_whale w_6163581 w_44a6b62 w_4cff2f8 w_f3b63ba
6986c4fb.jpg,new_whale w_1957ab8 w_fbb485b w_c57623d w_941581c
6987f0ff.jpg,new_whale w_6c803bf w_18eee6e w_d2be6cc w_02facde
698d91b4.jpg,new_whale w_fd1cb9d w_3039e7a w_a9dd349 w_4e7fc3e
699052e8.jpg,new_whale w_703e39b w_7049d9f w_02bb4cf w_05567a9
6994af22.jpg,new_whale w_8c1ec28 w_88cb2dd w_fb4d1f1 w_6202983
6996e960.jpg,new_whale w_0f96780 w_3694c7d w_3411b9f w_2f6a962
699ae73d.jpg,new_whale w_1287fbc w_a18d0dc w_43b50e5 w_c9e1cdc
699ef559.jpg,new_whale w_c9e1cdc w_516bedb w_90ec71a w_6c803bf
69a06ac4.jpg,new_whale w_ed8a846 w_1d53d9c w_a62f211 w_35063ed
69a4bcfe.jpg,new_whale w_36b6904 w_62799b5 w_32915fe w_e64c9a6
69a9bc6a.jpg,new_whale w_0c70bc3 w_62ca7c8 w_c5f9e78 w_3f91e04
69ad8b30.jpg,new_whale w_d224115 w_c57623d w_d1b13bb w_f19faeb
69b02aa4.jpg,new_whale w_4142305 w_83accca w_ac851eb w_3a9ee71
69b4fc2d.jpg,new_whale w_ae92124 w_b9e00eb w_7554f44 w_403f92f
69b6d3bf.jpg,new_whale w_df22ff1 w_9ec358c w_b6c4efa w_18eee6e
69bb517a.jpg,new_whale w_cc5fae7 w_a7f847f w_9dc4181 w_55647bd
69bbb037.jpg,new_whale w_c1b3568 w_ab6db0f w_ea2385d w_2963114
69bd460b.jpg,new_whale w_fd1cb9d w_bdbec6c w_8c1e2e4 w_43be268
69be8daf.jpg,new_whale w_f86488a w_fd1cb9d w_1596a47 w_3d66298
69c271cb.jpg,new_whale w_07e92ee w_b9e0ae0 w_b074cdf w_d142b00
69c6808b.jpg,new_whale w_790c2aa w_9b3ed01 w_6dbb861 w_2168906
69c90703.jpg,new_whale w_4b7b80b w_b678944 w_c9e1cdc w_2486665
69caaf39.jpg,new_whale w_7554f44 w_87050a3 w_2554558 w_fab740d
69d3d7e4.jpg,new_whale w_fd1cb9d w_048f7a9 w_17dc953 w_26edeb8
69d6cf2d.jpg,new_whale w_200a203 w_302c025 w_9a2d56b w_542f8ca
69d796f5.jpg,new_whale w_3c7b2e6 w_01c2cb0 w_c92b4f5 w_7a2dfd7
69dbab11.jpg,new_whale w_e02fe7b w_2dae424 w_3ae3603 w_6202983
69e263b4.jpg,new_whale w_3ae3603 w_aa16da4 w_e02fe7b w_7c7a78c
69e48aa5.jpg,new_whale w_4f248f3 w_f5eb6c6 w_88e679c w_fe95ab8
69e629a2.jpg,new_whale w_1274a11 w_a24f581 w_67de30b w_3061bdd
69ecae1d.jpg,new_whale w_41fa033 w_3dd210a w_73d5489 w_302af0a
69f48bc2.jpg,new_whale w_d663f4f w_7554f44 w_e826a6f w_540fd73
69f49edf.jpg,new_whale w_b6c4efa w_ff70408 w_d382236 w_4d528e4
69f5f219.jpg,new_whale w_e1f55ad w_c2ea3f0 w_243e33e w_5f82501
69fe8b50.jpg,new_whale w_1f0da94 w_31d3999 w_b9f5b8b w_8044362
6a014b72.jpg,new_whale w_8459e39 w_3ce788a w_be20b46 w_fd6f24f
6a029ceb.jpg,new_whale w_03b5e9a w_d3c8520 w_3aa2073 w_73d5489
6a02bd8b.jpg,new_whale w_3449e4f w_0819271 w_b5e3076 w_3f907d6
6a0a6d66.jpg,new_whale w_d25a717 w_e3b236d w_778ee6e w_4c9d3df
6a0d8388.jpg,new_whale w_540fd73 w_c6be61e w_89e451c w_1eafe46
6a0f0445.jpg,new_whale w_361e290 w_aa16da4 w_7e8b270 w_6202983
6a0ff80a.jpg,new_whale w_6d17527 w_0bc712b w_4b16688 w_97f5054
6a122b8b.jpg,new_whale w_32a920b w_685466f w_c27d036 w_fc15159
6a1afbf8.jpg,new_whale w_61b87f9 w_a1237e3 w_83e0203 w_ca5f17f
6a1bc2cb.jpg,new_whale w_7dee51b w_4e52a49 w_c84551d w_2071a4c
6a1bebba.jpg,new_whale w_9e1e278 w_813c5be w_0d39a68 w_89e159a
6a2008b4.jpg,new_whale w_4a7080a w_7427ace w_b7d5069 w_a19eecd
6a210382.jpg,new_whale w_f115d53 w_156c0db w_bf4880a w_ee94c57
6a21f1e9.jpg,new_whale w_d47e2e3 w_6af9dd7 w_9771603 w_adc62bc
6a232eb6.jpg,new_whale w_b6efe77 w_15427c3 w_38bcd3e w_b6410bc
6a264bb8.jpg,new_whale w_86b3f04 w_1e7bb93 w_eff7e35 w_25e2bc9
6a2e7e2a.jpg,new_whale w_6992521 w_a524549 w_fc61767 w_41fa033
6a310d53.jpg,new_whale w_1c22d7e w_0526c04 w_5f82501 w_06c470d
6a3e96bc.jpg,new_whale w_7f867ec w_98baff9 w_fce6ab2 w_c0bb183
6a4717f4.jpg,new_whale w_73d5489 w_08f1502 w_e61dd6d w_8b15b96
6a4c1c3a.jpg,new_whale w_576db5d w_8c1e2e4 w_ddf14ae w_17dc953
6a569c82.jpg,new_whale w_8bde95b w_4a78bf2 w_dcb1f2a w_0f00e71
6a5b8fb8.jpg,new_whale w_b942708 w_932c8cd w_bb2d34d w_3d9fb6c
6a5c1a1c.jpg,new_whale w_fd1cb9d w_38954da w_34fd328 w_a59905f
6a5e374d.jpg,new_whale w_1eafe46 w_f478955 w_fe49bc4 w_eb0a6ed
6a5ec641.jpg,new_whale w_559ce61 w_9d0e84a w_05b2ddd w_e3b236d
6a6120c0.jpg,new_whale w_5be8e63 w_851a7f4 w_63d1ea6 w_7e8b270
6a6b85c2.jpg,new_whale w_3326396 w_7f867ec w_52c8684 w_893ccb4
6a71f3e1.jpg,new_whale w_1235317 w_d6e5334 w_8e4abc9 w_95aad92
6a798e76.jpg,new_whale w_87050a3 w_61b87f9 w_d2be6cc w_4855bd3
6a8258b7.jpg,new_whale w_434195c w_02cf46c w_2d99a0c w_fc15159
6a84edc0.jpg,new_whale w_62f299e w_1dd8e68 w_3326396 w_f7fed13
6a88fcf6.jpg,new_whale w_e59294d w_b9ee5ec w_7c7a78c w_c94f464
6a8e5356.jpg,new_whale w_f6c23d5 w_1287fbc w_2cdf820 w_b942708
6a8ed518.jpg,new_whale w_19e5482 w_0e4f53c w_a254eb0 w_f1396bd
6a9aa3b2.jpg,new_whale w_1eafe46 w_ea90267 w_fba3bde w_8464638
6aa083b3.jpg,new_whale w_e0efc4f w_5dab8df w_db2baec w_9ceb05d
6aa69084.jpg,new_whale w_90ec71a w_af67683 w_331df94 w_a0ae961
6aa8bab2.jpg,new_whale w_2cca6a1 w_f115d53 w_f8e6546 w_18a1bf2
6aa969f0.jpg,new_whale w_7dee51b w_19ca2c6 w_5e57e8b w_676ddb0
6aab7ad6.jpg,new_whale w_7f999ff w_ab6bb0a w_fae2cb6 w_987a36f
6aad51bb.jpg,new_whale w_238a4ad w_eb39613 w_6ddff9b w_f83b1f9
6ab5aa23.jpg,new_whale w_7ed0d17 w_cb7b682 w_217e78a w_daeb296
6ab66e74.jpg,new_whale w_ad8bc47 w_8507226 w_aeca19c w_0de84f0
6ab70616.jpg,new_whale w_f0f0dbb w_679f2eb w_d96c946 w_f8e6546
6ab8815b.jpg,new_whale w_02e5407 w_5a6d315 w_41c0098 w_5d8c038
6abfd2d7.jpg,new_whale w_b14007c w_402784d w_c622a3f w_f19faeb
6ac19acc.jpg,new_whale w_4ebeafb w_71764b4 w_8201c3f w_c0d494d
6ac2712d.jpg,new_whale w_65e2424 w_fc7cc24 w_eec1133 w_987a36f
6ac70bc0.jpg,new_whale w_fd1cb9d w_4fdaa2a w_3d66298 w_fbcb6e4
6ac8b96f.jpg,new_whale w_ed3bd5b w_120927e w_0da589d w_5cef366
6acd83e6.jpg,new_whale w_57e8a80 w_d9aab0a w_7e8b270 w_dd086b2
6ad02de6.jpg,new_whale w_cc504e7 w_38158d6 w_dce3192 w_33032d1
6ad3f47f.jpg,new_whale w_0a97a25 w_8963cff w_a5a13d0 w_1ac4c38
6ad87a62.jpg,new_whale w_ad370e1 w_3b0894d w_d88328d w_7f999ff
6addcfc9.jpg,new_whale w_e7a238b w_a5a13d0 w_778ee6e w_3d66298
6ae51bca.jpg,new_whale w_ca56bf3 w_eff7e35 w_fad83c7 w_0740d28
6aecb304.jpg,new_whale w_2d25d1f w_3411b9f w_fd1cb9d w_127f4c6
6af01846.jpg,new_whale w_c9e1cdc w_c0d494d w_6202983 w_4e54fac
6af76391.jpg,new_whale w_cb8edf5 w_5b99089 w_f714476 w_1431f4b
6af9b674.jpg,new_whale w_20c671c w_493c000 w_1948625 w_a524549
6afd30d8.jpg,new_whale w_62ca7c8 w_c27d036 w_0a97a25 w_4e52a49
6afeb852.jpg,new_whale w_143b201 w_82c9c67 w_2270691 w_3c4062e
6b00224c.jpg,new_whale w_367b996 w_f53deac w_0f89e72 w_ec02248
6b00913a.jpg,new_whale w_38e4aae w_f21f2ec w_c133ea8 w_aae82f8
6b027159.jpg,new_whale w_3bb210a w_d382236 w_ea96346 w_e449d3a
6b046145.jpg,new_whale w_61c1f9c w_4fd48e7 w_bbf20b4 w_ee17a08
6b07b1f2.jpg,new_whale w_e0efc4f w_9b098ea w_aa16da4 w_813c5be
6b0c14e8.jpg,new_whale w_60759c2 w_78a6f56 w_096bc48 w_3cdf114
6b0d4cb5.jpg,new_whale w_4a1e58b w_8b15b96 w_71c7322 w_26edeb8
6b127bc3.jpg,new_whale w_38e4aae w_43be268 w_559ce61 w_aae82f8
6b141285.jpg,new_whale w_290f82b w_62f804d w_86b9dfd w_b4732ef
6b14bfec.jpg,new_whale w_67de30b w_53064a6 w_a22f338 w_98baff9
6b14d2c4.jpg,new_whale w_e62b5d8 w_4790f64 w_0b0d88d w_e3b236d
6b23d820.jpg,new_whale w_4bf5a06 w_b3e6069 w_d19a884 w_55c9a3b
6b33dcaf.jpg,new_whale w_eb47189 w_3f90907 w_affdf5d w_ab6bb0a
6b3444de.jpg,new_whale w_c99f5ef w_de3cab3 w_27b9e86 w_aae82f8
6b398d2a.jpg,new_whale w_a21cc97 w_affdf5d w_06c470d w_cbd49f8
6b3a78b7.jpg,new_whale w_41a79d7 w_92585eb w_9875c12 w_5bdb7c2
6b3d1396.jpg,new_whale w_b7d5069 w_40323ac w_43be268 w_c0f3e88
6b3dbb71.jpg,new_whale w_1dd8e68 w_dd52cfc w_3aa2073 w_ccb4adc
6b3e2b65.jpg,new_whale w_701972b w_449e238 w_41901e5 w_c6372b8
6b4768d9.jpg,new_whale w_0466071 w_14964c1 w_35063ed w_f18df18
6b49cf93.jpg,new_whale w_c39fceb w_6c803bf w_fda4fc5 w_1aa512b
6b4c707d.jpg,new_whale w_98baff9 w_2707bcd w_059e347 w_5d96ba4
6b4fefe0.jpg,new_whale w_ab6db0f w_18eee6e w_7b035cc w_6f580eb
6b510466.jpg,new_whale w_008c602 w_acff672 w_6f580eb w_eeb5fa7
6b59b585.jpg,new_whale w_3f91e04 w_8fab53d w_fb72090 w_54fc5b3
6b5b6389.jpg,new_whale w_98baff9 w_36a4e8b w_0e737d0 w_ab4cae2
6b68e3cd.jpg,new_whale w_6202983 w_98baff9 w_71c7322 w_ab4cae2
6b6dc1a5.jpg,new_whale w_2c55303 w_e5250e9 w_0e737d0 w_1d17e8c
6b6e899c.jpg,new_whale w_d2324e2 w_a59075f w_540fd73 w_21e178f
6b6ef016.jpg,new_whale w_8431164 w_2e4fecc w_0e737d0 w_f81c626
6b6f4054.jpg,new_whale w_88f57d0 w_6f211a9 w_bb2c317 w_12c3d3d
6b6fc5fc.jpg,new_whale w_67de30b w_9c5ed68 w_cf82352 w_fe5e78b
6b710713.jpg,new_whale w_4a3032d w_42c631a w_7db10cc w_ada188f
6b7137f5.jpg,new_whale w_4855bd3 w_06972d2 w_6f2c662 w_41afa58
6b74d42b.jpg,new_whale w_fb8ca1e w_4ebeafb w_42aa161 w_fc7cc24
6b7d19d5.jpg,new_whale w_35c5d43 w_1deadd7 w_f3db3f1 w_a71aa99
6b81d3f1.jpg,new_whale w_1717a13 w_721d2e9 w_38158d6 w_02a768d
6b85aeed.jpg,new_whale w_3db53dc w_04c841c w_f2b0e93 w_2af3059
6b8ca3b6.jpg,new_whale w_6b45921 w_8103039 w_db0ad01 w_18df014
6b94ba56.jpg,new_whale w_3ee3d16 w_1dd8e68 w_9205d40 w_6f211a9
6b952759.jpg,new_whale w_a5a13d0 w_3d66298 w_64f3545 w_01b2250
6b9614b5.jpg,new_whale w_68820e8 w_96c6151 w_a2f02c0 w_37374fa
6ba08628.jpg,new_whale w_8201aa8 w_14964c1 w_de5b417 w_6863829
6ba0aadd.jpg,new_whale w_900fab7 w_9b00e07 w_4659acf w_41ed8e8
6ba50834.jpg,new_whale w_bda2856 w_69a9f72 w_e826a6f w_cef690d
6ba541b4.jpg,new_whale w_7394d75 w_f6fb689 w_c01e25d w_b96c08e
6ba9928e.jpg,new_whale w_6c803bf w_cbac51f w_97666c8 w_3af4e73
6ba9aae6.jpg,new_whale w_ab1c859 w_ab4cae2 w_fb72090 w_ba17206
6bad0adc.jpg,new_whale w_d22af00 w_53064a6 w_e0f6444 w_e9ac2a8
6bad2220.jpg,new_whale w_4b7b80b w_fd1308e w_98baff9 w_3674103
6bad28a3.jpg,new_whale w_33973bf w_9d5f5cc w_837646b w_cbedcb0
6bbe1ef5.jpg,new_whale w_8044362 w_b688397 w_89e159a w_837646b
6bc3103d.jpg,new_whale w_cd88a48 w_2fe43c7 w_fbcb6e4 w_ef2f0f0
6bc430e4.jpg,new_whale w_5bb7ae9 w_1272a31 w_2d963bb w_7885601
6bcbf2d6.jpg,new_whale w_ebc870d w_ded09c7 w_d382236 w_f02bf23
6bcca20e.jpg,new_whale w_bf69a19 w_5b2bb99 w_67bfdf5 w_552a16e
6bd02ef0.jpg,new_whale w_2cdf820 w_d9aab0a w_3f90907 w_da2efe0
6bd1f794.jpg,new_whale w_9ea2cc3 w_02cf46c w_67de30b w_a59905f
6bd23561.jpg,new_whale w_5e57e8b w_f19faeb w_18df014 w_7311fe4
6bd2b2df.jpg,new_whale w_ea2385d w_f986587 w_73d5489 w_b6c4efa
6bd37709.jpg,new_whale w_5cc51d6 w_778ee6e w_9ae554b w_3d4900b
6bd486d7.jpg,new_whale w_95874a5 w_6c803bf w_f64658b w_045d9fc
6bd7bc9b.jpg,new_whale w_87e8446 w_c352046 w_c6372b8 w_bc76fde
6bdb957f.jpg,new_whale w_f3db3f1 w_9948a99 w_44a6b62 w_136337c
6be1c8f2.jpg,new_whale w_7875b79 w_a4d37d5 w_da0372d w_91faa95
6be61421.jpg,new_whale w_ea6651e w_5982299 w_effd0ea w_25fdcfb
6bf0cb33.jpg,new_whale w_224000c w_410fb0a w_88f693b w_cece268
6bf75a34.jpg,new_whale w_e59294d w_964c1b3 w_b7fe199 w_3650949
6c01553a.jpg,new_whale w_fe49bc4 w_0e25cf2 w_1eafe46 w_993d66c
6c024503.jpg,new_whale w_af6c7e2 w_98baff9 w_01d6ca0 w_cae7677
6c03de3f.jpg,new_whale w_73b705e w_c0d494d w_abe383e w_2a04ceb
6c03fbe3.jpg,new_whale w_7f6ce8e w_c0d494d w_09e0cbf w_98baff9
6c087e6b.jpg,new_whale w_693c9ee w_98baff9 w_fb4d1f1 w_6c803bf
6c0a8d96.jpg,new_whale w_218b25e w_09d7946 w_a38d1a3 w_86113c4
6c0aac18.jpg,new_whale w_ae07541 w_0475042 w_df15cc8 w_dcb1f2a
6c0c7e05.jpg,new_whale w_70b9e55 w_b9c9129 w_eb47189 w_3f90907
6c0d032f.jpg,new_whale w_3d66298 w_60eba40 w_8db45b7 w_2bba8c8
6c106890.jpg,new_whale w_21e178f w_eac205a w_4ebeafb w_7db10cc
6c13f3de.jpg,new_whale w_6598219 w_1274a11 w_6c803bf w_6710cf8
6c16a7a4.jpg,new_whale w_6202983 w_d96a0cd w_b426ff3 w_9146eae
6c1755cd.jpg,new_whale w_2a04ceb w_5c23454 w_721d2e9 w_c0d494d
6c250072.jpg,new_whale w_73d5489 w_f115d53 w_1dd8e68 w_36b6904
6c276353.jpg,new_whale w_43966a3 w_398aa7f w_7c7a78c w_09e0cbf
6c287aa5.jpg,new_whale w_1894a1c w_33f5747 w_09558d4 w_05ec84e
6c299356.jpg,new_whale w_0819271 w_9d9913a w_1eafe46 w_7763134
6c2a8304.jpg,new_whale w_4b95330 w_c2c4f43 w_2fdaa7f w_03b5e9a
6c2a90b6.jpg,new_whale w_309a2b3 w_17a3581 w_9771603 w_0fce9a3
6c2b4fe9.jpg,new_whale w_cd1f1ed w_3d0bc7a w_9ec358c w_a24f581
6c36e340.jpg,new_whale w_3b5403b w_ba2f2c4 w_bb2d34d w_414a0d7
6c390e76.jpg,new_whale w_abe383e w_654a5bb w_5f82501 w_9c5ed68
6c395c07.jpg,new_whale w_3326396 w_96c6151 w_861cc1c w_98baff9
6c3f5465.jpg,new_whale w_569c2c7 w_0b04c08 w_5c62a56 w_7554f44
6c41a6d1.jpg,new_whale w_5a6d315 w_ca6a771 w_b0aed4a w_c390258
6c428d00.jpg,new_whale w_f3b63ba w_656ef35 w_3cbccb7 w_e4df90a
6c475003.jpg,new_whale w_7914111 w_5a1b758 w_fb72090 w_ed0c4cc
6c48edb1.jpg,new_whale w_8de6989 w_896d91c w_e24a84d w_7419e4b
6c48f97a.jpg,new_whale w_9b6b87d w_493c000 w_d3c8520 w_0bc712b
6c48fad4.jpg,new_whale w_987a36f w_026fdf8 w_11f6df1 w_0a97a25
6c4e742d.jpg,new_whale w_0a97a25 w_8963cff w_a5a13d0 w_1ac4c38
6c4e9771.jpg,new_whale w_0e40867 w_b0aed4a w_8fab53d w_0f8b515
6c4f87d3.jpg,new_whale w_a4f77bd w_96b697f w_6202983 w_18eee6e
6c505d42.jpg,new_whale w_662a132 w_9a5cd8e w_48f649e w_a254eb0
6c59a115.jpg,new_whale w_ebff750 w_ba17206 w_5436d75 w_40323ac
6c60ee4e.jpg,new_whale w_6202983 w_0de84f0 w_8e3ebeb w_c8f7bcd
6c681c2d.jpg,new_whale w_4f37147 w_0dee306 w_11adaae w_b96d4e0
6c6b0b50.jpg,new_whale w_059e347 w_b6efe77 w_b6410bc w_b1f6e70
6c6c65ca.jpg,new_whale w_98baff9 w_b1f6e70 w_654a5bb w_e02fe7b
6c6ca710.jpg,new_whale w_c0d494d w_73b705e w_5b99089 w_5b45503
6c7c87ff.jpg,new_whale w_37223f9 w_3b02089 w_e84ca75 w_a2a1378
6c7e4039.jpg,new_whale w_a8ec52f w_b3e6069 w_3380eb0 w_c0d1701
6c83a9b9.jpg,new_whale w_01687a8 w_0740d28 w_8044362 w_96fd936
6c843a63.jpg,new_whale w_ee24bac w_8ba2066 w_d2be6cc w_2173953
6c84be49.jpg,new_whale w_b074cdf w_480b2d4 w_2ac83b0 w_98baff9
6c894a4e.jpg,new_whale w_cd88a48 w_3694c7d w_414f402 w_d47a33f
6c9718c6.jpg,new_whale w_78f64d1 w_a8335f2 w_3fc3d07 w_392bee3
6c9ee9a0.jpg,new_whale w_d36f58c w_c9e1cdc w_db2baec w_ff1b64c
6ca3f85b.jpg,new_whale w_3650949 w_966e86e w_e64ad53 w_29c9595
6cb1c550.jpg,new_whale w_dcb1f2a w_778ee6e w_577e627 w_2d99a0c
6cb31993.jpg,new_whale w_733f161 w_f18df18 w_f70f725 w_813c5be
6cb3925f.jpg,new_whale w_fd587bc w_5fc5ea5 w_29670e2 w_701972b
6cb6a22b.jpg,new_whale w_1a5e7a2 w_c9e1cdc w_dcb1f2a w_18eee6e
6cb9e39b.jpg,new_whale w_b41e229 w_43be268 w_17ee910 w_9ca943b
6cc182a7.jpg,new_whale w_773967d w_73d5489 w_1da7080 w_cae7677
6cc260bf.jpg,new_whale w_d148982 w_a43fcbb w_2270691 w_d3c8520
6cc6d83b.jpg,new_whale w_b4369cc w_0dac526 w_b8dff40 w_7c8620c
6cc77e53.jpg,new_whale w_056be75 w_aa16da4 w_57c8da9 w_6202983
6ccba84d.jpg,new_whale w_25871da w_e8a8d85 w_d417748 w_3b0894d
6cd33f09.jpg,new_whale w_4b83ce2 w_9868b95 w_dce3192 w_6ab7b53
6cd62faf.jpg,new_whale w_f546b0a w_851a7f4 w_25d7f93 w_1287fbc
6ce3d7a6.jpg,new_whale w_6547e12 w_73d5489 w_302af0a w_ab4cae2
6ce7318c.jpg,new_whale w_b48535f w_656afeb w_fc7cc24 w_6a3210a
6ceaffab.jpg,new_whale w_4b7b80b w_dbda0d6 w_7285eb3 w_deb33de
6cf24937.jpg,new_whale w_5dd4772 w_3d66298 w_b08520c w_4ebeafb
6cfc8884.jpg,new_whale w_0bd3671 w_60d8778 w_dbda0d6 w_fea7fe6
6d005df8.jpg,new_whale w_3745f59 w_fd1cb9d w_1eafe46 w_668ff55
6d09cb69.jpg,new_whale w_37307c4 w_fa32440 w_5cb5fc3 w_bdd0576
6d0cbd99.jpg,new_whale w_73b705e w_c0d494d w_da63cba w_17ee910
6d0d9824.jpg,new_whale w_c133ea8 w_d9055d1 w_8103039 w_987a36f
6d224a6d.jpg,new_whale w_31d3999 w_39d2684 w_5f82501 w_0d0ecfb
6d2abca3.jpg,new_whale w_ca8bfb4 w_9b401eb w_98baff9 w_7600863
6d32dc4e.jpg,new_whale w_2071a4c w_01687a8 w_8044362 w_dbda0d6
6d3654f4.jpg,new_whale w_17cb04d w_d1d8f98 w_c708776 w_864cc78
6d38ffb8.jpg,new_whale w_9e22ded w_98baff9 w_693c9ee w_b0e05b1
6d41ffd1.jpg,new_whale w_a67a1bc w_b6d09e6 w_7e48479 w_2c1dafa
6d42bdba.jpg,new_whale w_abe383e w_3c27f42 w_0beef28 w_ffcd98e
6d443ca9.jpg,new_whale w_8e3ebeb w_0e737d0 w_e826a6f w_b074cdf
6d45c5af.jpg,new_whale w_34c8690 w_60cc444 w_e98432b w_1f2a32a
6d466faf.jpg,new_whale w_f8e6546 w_7028d77 w_35063ed w_5e99ca7
6d4c50cc.jpg,new_whale w_0beef28 w_f21f2ec w_778ee6e w_cd1f1ed
6d559d14.jpg,new_whale w_4790f64 w_813c5be w_8c9ed42 w_3026ce2
6d64874b.jpg,new_whale w_3d4900b w_9ceb05d w_6202983 w_656afeb
6d648a3e.jpg,new_whale w_2fcb559 w_7cca153 w_ff1b64c w_aef3680
6d6748a1.jpg,new_whale w_8b1d546 w_03c6d18 w_18fbec1 w_514c62c
6d69393e.jpg,new_whale w_ff5538f w_3c2ec7a w_1652da1 w_3f90907
6d724a01.jpg,new_whale w_d175300 w_b688397 w_20c671c w_affc813
6d739dc7.jpg,new_whale w_d6e437d w_43eea34 w_974c0ea w_9f3e4f4
6d749d88.jpg,new_whale w_8691e58 w_013bbcf w_14970b4 w_b0aed4a
6d7bbdce.jpg,new_whale w_e826a6f w_3674103 w_43be268 w_f19faeb
6d7c5662.jpg,new_whale w_21e178f w_ae07541 w_43b50e5 w_1287fbc
6d7e1581.jpg,new_whale w_2d99a0c w_49bbc79 w_2901dbf w_38e4aae
6d7e9d58.jpg,new_whale w_eb8429c w_c27d036 w_651cbb7 w_cd70e8b
6d7f6403.jpg,new_whale w_66c1b54 w_4b7b80b w_98baff9 w_7554f44
6d893681.jpg,new_whale w_721d2e9 w_ddf14ae w_11ca856 w_6202983
6d92c2ff.jpg,new_whale w_43be268 w_899f659 w_4cba6b2 w_ca5f17f
6d977586.jpg,new_whale w_eb9ab29 w_5f0a14c w_01a4234 w_8c1ec28
6d9c6870.jpg,new_whale w_9875c12 w_9ea2cc3 w_6202983 w_05b2ddd
6d9d0b3a.jpg,new_whale w_8c23123 w_7029235 w_d345e80 w_79cde72
6da2c0c6.jpg,new_whale w_06ff732 w_df21074 w_aa64cc1 w_79f5620
6da2d385.jpg,new_whale w_6710cf8 w_656afeb w_db7e2c5 w_fd1cb9d
6da9bbcc.jpg,new_whale w_1287fbc w_2f6ad07 w_b282692 w_4e52a49
6daa4092.jpg,new_whale w_bb2d34d w_b6689cc w_7af28d7 w_5dd4772
6dad37bc.jpg,new_whale w_d2be6cc w_3af4e73 w_cd1f1ed w_3c7b2e6
6db1beb0.jpg,new_whale w_cd38536 w_fb72090 w_f099dc8 w_4b95330
6db226b2.jpg,new_whale w_9151503 w_ed8a846 w_6547e12 w_54fc5b3
6db565c6.jpg,new_whale w_8e3ebeb w_e0efc4f w_72e70e5 w_d3ab153
6dbdf165.jpg,new_whale w_03c84ef w_38e4aae w_76387b4 w_2c46a73
6dc65845.jpg,new_whale w_b618751 w_b074cdf w_e2e56e9 w_00fbb4e
6dc6b2c5.jpg,new_whale w_6c803bf w_987a36f w_89e159a w_8719b04
6dcdf8e9.jpg,new_whale w_701972b w_41901e5 w_449e238 w_c6372b8
6dd4988b.jpg,new_whale w_2870b33 w_c263d43 w_9ceb05d w_4cff2f8
6dd8a114.jpg,new_whale w_532e2cc w_dbda0d6 w_ee17a08 w_4fd48e7
6de2a328.jpg,new_whale w_e02fe7b w_3881300 w_7dee51b w_00d8453
6de4c958.jpg,new_whale w_d2be6cc w_6c803bf w_18eee6e w_40e3ee7
6de641d0.jpg,new_whale w_48a98d7 w_df22ff1 w_43be268 w_da2efe0
6dfaf0f4.jpg,new_whale w_b890652 w_98baff9 w_6547e12 w_4c9d3df
6dfde606.jpg,new_whale w_a30882c w_e0efc4f w_3d66298 w_0ce3ccc
6e0c5955.jpg,new_whale w_9411f86 w_e1f55ad w_06ff732 w_cda4b05
6e1b5a76.jpg,new_whale w_8431164 w_06ff732 w_70715c1 w_9874f0d
6e1b6f2a.jpg,new_whale w_86b9dfd w_18eee6e w_3745f59 w_c9111ac
6e1e52e4.jpg,new_whale w_0eb2886 w_09e0cbf w_d19a884 w_ed3bd5b
6e243484.jpg,new_whale w_1a5beb9 w_1dc66b7 w_6c803bf w_9b67e87
6e31ca9b.jpg,new_whale w_c30959a w_9d704ab w_0beef28 w_a9dd349
6e3233a5.jpg,new_whale w_7324cf5 w_6c23fcc w_eab49b7 w_c11932e
6e392769.jpg,new_whale w_837646b w_1489751 w_5f9508d w_338b130
6e3b57e6.jpg,new_whale w_95c7d1b w_e548eb7 w_9d65e55 w_e41f2fa
6e3f835e.jpg,new_whale w_b6d09e6 w_9875c12 w_6c803bf w_2c6fe6f
6e402bac.jpg,new_whale w_4ce0510 w_31a93e7 w_52a081c w_7c943ab
6e4a6947.jpg,new_whale w_feab6f3 w_ff1b64c w_7d4cb72 w_9411f86
6e51250d.jpg,new_whale w_ebe0ad5 w_cae7677 w_99ad599 w_e59294d
6e56e5bf.jpg,new_whale w_551f5ca w_63d5016 w_09d7946 w_7e8b270
6e5a3e90.jpg,new_whale w_7c943ab w_dbda0d6 w_7554f44 w_ee17a08
6e642925.jpg,new_whale w_1eaebf2 w_6232813 w_338b130 w_85cdd9b
6e64695f.jpg,new_whale w_f478955 w_d9adb4f w_a254eb0 w_e964ae8
6e6f2602.jpg,new_whale w_238bbbf w_3d0bc7a w_c352046 w_3e5069e
6e7d612e.jpg,new_whale w_f6722e7 w_efd3f81 w_ad87135 w_1d53d9c
6e7f9c1a.jpg,new_whale w_56bbc91 w_43be268 w_66c1b54 w_17ee910
6e8d080b.jpg,new_whale w_2c3f440 w_eb0a6ed w_dbda0d6 w_b066aa6
6e95b57a.jpg,new_whale w_e93d181 w_5c07f42 w_552a16e w_f28de05
6e96245c.jpg,new_whale w_693c9ee w_3e26a99 w_77e1d3f w_98baff9
6e984746.jpg,new_whale w_b4732ef w_da2efe0 w_1287fbc w_7c91fa7
6eac6744.jpg,new_whale w_7c9fd46 w_4b7b80b w_414a0d7 w_3947b78
6eb28a59.jpg,new_whale w_3f2a05c w_c0287a9 w_d52bc74 w_09558d4
6eba1532.jpg,new_whale w_338b130 w_c3ff6f2 w_97f5054 w_4b95330
6ebd2c26.jpg,new_whale w_429e9ad w_eb47189 w_91361f0 w_6361632
6ec47710.jpg,new_whale w_4b7b80b w_fd1308e w_98baff9 w_3674103
6ec811a6.jpg,new_whale w_ab4cae2 w_e55a554 w_e3c119c w_d9adb4f
6ec8b784.jpg,new_whale w_3ed4763 w_b678944 w_8a66718 w_c0cfd5b
6ed053fe.jpg,new_whale w_e7aa703 w_13c6b6b w_1287fbc w_717a293
6eda986c.jpg,new_whale w_32a920b w_685466f w_c27d036 w_fc15159
6ee943d5.jpg,new_whale w_5ae47d9 w_a85a3c9 w_5374a4c w_0f92544
6eeda777.jpg,new_whale w_cf82352 w_7a53e0c w_073f071 w_2d29ddd
6f0cf3db.jpg,new_whale w_dbda0d6 w_b0e05b1 w_35063ed w_f746a73
6f0fd0c6.jpg,new_whale w_0771d4b w_46dcce7 w_6d05f7f w_6b03eb4
6f131e14.jpg,new_whale w_bb2d34d w_4855bd3 w_a335e80 w_f81c626
6f1857a0.jpg,new_whale w_14ba846 w_1d53d9c w_f19faeb w_693c9ee
6f1e79ef.jpg,new_whale w_993d66c w_72e70e5 w_330f897 w_d47e2e3
6f226073.jpg,new_whale w_136ab04 w_f93d780 w_d224115 w_d19a884
6f2281a4.jpg,new_whale w_0d60fdd w_fe054f3 w_afe57c6 w_b20763e
6f31bd77.jpg,new_whale w_084d01c w_97666c8 w_6c8601e w_867c363
6f352dfe.jpg,new_whale w_e64c9a6 w_73d5489 w_5f82501 w_7028d77
6f38ece6.jpg,new_whale w_c133ea8 w_4c9d3df w_b8dff40 w_59eb8ae
6f39e9cd.jpg,new_whale w_1287fbc w_503ff17 w_b95307d w_59349ea
6f3ad5ea.jpg,new_whale w_cb8edf5 w_c0d494d w_968f2ca w_b939998
6f3d83e5.jpg,new_whale w_8936f42 w_037955e w_5b5a85d w_3e0f25d
6f3da5c5.jpg,new_whale w_398aa7f w_71c7322 w_e0f6444 w_3fc3d07
6f407893.jpg,new_whale w_98baff9 w_4b7b80b w_8c1ec28 w_7763134
6f451162.jpg,new_whale w_895007f w_cd01afb w_8f1aa27 w_61fbb66
6f48d050.jpg,new_whale w_ba92e42 w_a524549 w_b081817 w_799556e
6f58e3b3.jpg,new_whale w_9e7021b w_fe87f0a w_fd1cb9d w_1febbf3
6f601c5a.jpg,new_whale w_5cc2285 w_e5250e9 w_97f5054 w_e685c80
6f619a43.jpg,new_whale w_0408054 w_03a2ed7 w_5a2075e w_e826a6f
6f6ed9c8.jpg,new_whale w_15eae33 w_2b4da16 w_0e4f53c w_0cd401c
6f700685.jpg,new_whale w_5297ab3 w_2725793 w_c3684ba w_af9a47a
6f71d63b.jpg,new_whale w_92c6140 w_7b1abbf w_43be268 w_ef2f0f0
6f73216b.jpg,new_whale w_eb44149 w_d9fdd15 w_89d9c03 w_90ec71a
6f766d10.jpg,new_whale w_c90feaa w_1dff010 w_8c1ec28 w_7e8b270
6f771cbc.jpg,new_whale w_ff39e03 w_302af0a w_2cca6a1 w_73d5489
6f79709f.jpg,new_whale w_5d84c65 w_1f10750 w_b0e05b1 w_3572b44
6f797bc5.jpg,new_whale w_7e728d8 w_408c5a7 w_735ce7d w_91572bb
6f8179bb.jpg,new_whale w_b6689cc w_0e737d0 w_bb2d34d w_d5ec83f
6f82709f.jpg,new_whale w_de5b417 w_d6a6360 w_61e1076 w_8201c3f
6f87cdc2.jpg,new_whale w_e41f2fa w_009dc00 w_c4f3619 w_759b647
6f8d6596.jpg,new_whale w_6c803bf w_fdc8bf6 w_063d82f w_2725793
6f8dfa0d.jpg,new_whale w_0e7cb1c w_f19faeb w_1e7bb93 w_a3c6ed0
6f8ee021.jpg,new_whale w_09be3ad w_826eb44 w_1ec0481 w_f792125
6f8fca07.jpg,new_whale w_bc76fde w_d430a78 w_c6372b8 w_6734e40
6f929f4f.jpg,new_whale w_c207f9d w_6f2de72 w_c2c4f43 w_41ec10a
6f92f8b8.jpg,new_whale w_329e594 w_37f17ad w_fdc8bf6 w_c66638b
6f9697c7.jpg,new_whale w_4b7b80b w_1eafe46 w_4f37147 w_7554f44
6f971c31.jpg,new_whale w_e62a48d w_fba3bde w_b8dff40 w_1e674e6
6f986d18.jpg,new_whale w_0beef28 w_f86488a w_f3bd33a w_a9dd349
6f99a3a6.jpg,new_whale w_9d2ded8 w_037955e w_3d1c2ef w_224000c
6f9ad7ff.jpg,new_whale w_7554f44 w_98baff9 w_d7de1ee w_87fc163
6f9cf06a.jpg,new_whale w_fba3bde w_c87651d w_b3655a6 w_9b67e87
6f9d8bba.jpg,new_whale w_7554f44 w_800034f w_9b3ed01 w_488f836
6fa19e23.jpg,new_whale w_0beef28 w_67de30b w_853c1f7 w_c95a0ea
6fa9a0fb.jpg,new_whale w_126653d w_d19a884 w_1eafe46 w_92585eb
6faa974c.jpg,new_whale w_fe96bef w_9f718e8 w_143b201 w_ad87135
6fac6b42.jpg,new_whale w_97e9f7f w_f22f3e3 w_c068ed3 w_6443ad1
6fae0637.jpg,new_whale w_ab4cae2 w_0e737d0 w_7f1f97b w_2dae424
6fb052e9.jpg,new_whale w_3fc0946 w_79b42cd w_a155149 w_7311fe4
6fb0c89c.jpg,new_whale w_ed3bd5b w_d47e2e3 w_b7d5069 w_dbda0d6
6fbdef23.jpg,new_whale w_d59cb45 w_c529cf1 w_5797d05 w_c63fdb6
6fc199b9.jpg,new_whale w_d9055d1 w_dbda0d6 w_d52bc74 w_6547e12
6fc3b299.jpg,new_whale w_b5c9946 w_8f1aa27 w_0bc712b w_9205d40
6fc67e8e.jpg,new_whale w_c0cfd5b w_4b7b80b w_7554f44 w_70b4610
6fc700eb.jpg,new_whale w_b066aa6 w_bc76fde w_a254eb0 w_2c3f440
6fc98861.jpg,new_whale w_f75302f w_4659acf w_9ea2cc3 w_aef3680
6fcba2ec.jpg,new_whale w_18eee6e w_7ae398c w_6c803bf w_7a2dfd7
6fcba8c5.jpg,new_whale w_b4151b7 w_03b5e9a w_0899118 w_b688397
6fcc17a3.jpg,new_whale w_a66b2a5 w_6737f89 w_059df09 w_be32bec
6fd1f649.jpg,new_whale w_21e178f w_77e1d3f w_f81c626 w_2c55303
6fd2870b.jpg,new_whale w_0c8967d w_4e52a49 w_9122179 w_f660d7d
6fd73827.jpg,new_whale w_62f299e w_df092eb w_54c00ad w_e700deb
6fd7a3ee.jpg,new_whale w_9f3e4f4 w_900fab7 w_a0838d1 w_1310342
6fda1be0.jpg,new_whale w_35453e0 w_ae07541 w_89317b0 w_62c3998
6fdf53c9.jpg,new_whale w_8c605d2 w_1632307 w_2d57dce w_c39fceb
6fe02db2.jpg,new_whale w_338b130 w_3f91e04 w_f4224b9 w_699be3a
6fe14cbf.jpg,new_whale w_ef1517b w_5c59d12 w_305ed07 w_92d55a6
6fe4b175.jpg,new_whale w_affc813 w_e548eb7 w_2e2ba59 w_5010531
6fe4c5ab.jpg,new_whale w_1287fbc w_dfbfe10 w_d2be6cc w_c9e1cdc
6fe56190.jpg,new_whale w_6547e12 w_c22307d w_0da589d w_6ab7b53
6fe7e03a.jpg,new_whale w_39d2684 w_df834bf w_339c8ae w_c06dd6e
6ff3c586.jpg,new_whale w_1a5e7a2 w_62c3998 w_bb2d34d w_dfbfe10
6ff3c680.jpg,new_whale w_41fa033 w_1dd8e68 w_3dd210a w_f6411ea
6ff43099.jpg,new_whale w_73c9ba2 w_f0a4a2a w_0cd401c w_2658649
70017e51.jpg,new_whale w_41c0098 w_c9dd32e w_9434f0c w_ca8bfb4
7001ddb8.jpg,new_whale w_b41e229 w_bbf20b4 w_fd1cb9d w_9771603
70031ab8.jpg,new_whale w_3b016f0 w_ce9b95e w_0e737d0 w_853c1f7
70134ab8.jpg,new_whale w_c167245 w_02a768d w_9d9913a w_c71bf0e
7015a7b5.jpg,new_whale w_de3cab3 w_a1a707e w_93bf889 w_d5ec83f
70161fc8.jpg,new_whale w_981a39b w_69e1d0a w_9b6b87d w_f6fb689
7019eac3.jpg,new_whale w_cd1f1ed w_2d99a0c w_813c5be w_ace8c54
701e3b55.jpg,new_whale w_42f935c w_6202983 w_c0d494d w_b0e05b1
7022db4c.jpg,new_whale w_5438813 w_cae7677 w_db3621e w_dff2982
70248cb1.jpg,new_whale w_dd76ce2 w_4bf5a06 w_dd0c2e0 w_3e57104
7027cfb5.jpg,new_whale w_9db9ef5 w_43be268 w_cd88a48 w_5b2bb99
703051fd.jpg,new_whale w_8d88c82 w_5bdcd94 w_826eb44 w_55c9a3b
703b6a1d.jpg,new_whale w_8209e5c w_44edba9 w_8a3449f w_f6411ea
70426890.jpg,new_whale w_ecb9a79 w_b6410bc w_f8e6546 w_ca6a771
704450c6.jpg,new_whale w_d58a303 w_108eb8b w_3674103 w_8fab53d
7044d0c6.jpg,new_whale w_6c803bf w_8fab53d w_987a36f w_10ace22
704ea44e.jpg,new_whale w_df15cc8 w_ae07541 w_69f4311 w_dfbfe10
704fe42f.jpg,new_whale w_34c4927 w_813c5be w_cd1f1ed w_9771603
70596efb.jpg,new_whale w_8fb79a2 w_6c99c53 w_b074cdf w_0b04c08
705b79f0.jpg,new_whale w_8e451d9 w_9b401eb w_a2b8172 w_b942708
706b33bc.jpg,new_whale w_974c0ea w_3d66298 w_48a98d7 w_3af4e73
706e3131.jpg,new_whale w_d1bbde9 w_9ceb05d w_6092d5c w_ba8c7bc
706ecdb2.jpg,new_whale w_b6886e5 w_cd01afb w_4855bd3 w_db474c7
70705510.jpg,new_whale w_fd1cb9d w_817f022 w_c30959a w_309a2b3
70781a1f.jpg,new_whale w_2d99a0c w_e61dd6d w_5c0e858 w_1a70685
7079b12b.jpg,new_whale w_2be1c9c w_2ea9744 w_93bf889 w_3bc8a47
707a6099.jpg,new_whale w_837646b w_5cc2285 w_8044362 w_38bcd3e
70802804.jpg,new_whale w_e73d83c w_17ee910 w_dcb1f2a w_63d5016
70822fa1.jpg,new_whale w_b6886e5 w_6c803bf w_18eee6e w_3d0bc7a
709389a2.jpg,new_whale w_d915632 w_6c803bf w_5d6786e w_78999a6
70955b12.jpg,new_whale w_f438375 w_8459e39 w_c068ed3 w_3f5e7fc
709a3c87.jpg,new_whale w_62c3998 w_ae07541 w_eb47189 w_2901987
709b6912.jpg,new_whale w_afef556 w_8242022 w_4fd48e7 w_984a3fa
709ce4b6.jpg,new_whale w_a0ae961 w_3d0bc7a w_6c803bf w_1274a11
709de700.jpg,new_whale w_c55c9cd w_b7d5069 w_243e33e w_7c7a78c
70a14b2f.jpg,new_whale w_71bfc77 w_95c7d1b w_0f92544 w_e449d3a
70a16091.jpg,new_whale w_3694c7d w_fba3bde w_d915632 w_da2efe0
70a5e698.jpg,new_whale w_19aeb9c w_f438375 w_3674103 w_6c23fcc
70a95110.jpg,new_whale w_aae82f8 w_3e1ba5b w_3d66298 w_8db45b7
70aecd8e.jpg,new_whale w_844f032 w_b066aa6 w_b1d6681 w_989fbbb
70b01f48.jpg,new_whale w_43be268 w_ee17a08 w_61c1f9c w_b9beaf5
70b2f7d8.jpg,new_whale w_53859b2 w_002222a w_88083bc w_e7f8e67
70b3511a.jpg,new_whale w_480b2d4 w_9b6d597 w_6202983 w_95dd5d2
70b844c8.jpg,new_whale w_3f2a05c w_c0287a9 w_d52bc74 w_09558d4
70bc7ca7.jpg,new_whale w_750dc93 w_b99edea w_44a6b62 w_fea7fe6
70bea21a.jpg,new_whale w_3326396 w_6202983 w_721d2e9 w_98baff9
70c264c3.jpg,new_whale w_48dd419 w_0cb6294 w_993d66c w_d9aab0a
70c75fa5.jpg,new_whale w_dc7c5a0 w_fd1cb9d w_703e39b w_dac2f44
70ce91ec.jpg,new_whale w_c0d494d w_98baff9 w_0cb6294 w_f0d8be1
70d34a23.jpg,new_whale w_ebff750 w_693c9ee w_98baff9 w_cd65880
70d49e1d.jpg,new_whale w_ca813c2 w_17964ef w_ab4bd59 w_44f0fa2
70d7ae28.jpg,new_whale w_50db782 w_402784d w_096bc48 w_0dee306
70da92fc.jpg,new_whale w_3b0894d w_d7de1ee w_ba53619 w_dbda0d6
70dbacf5.jpg,new_whale w_381c6aa w_80b1c48 w_2d09595 w_3d187b5
70dc9092.jpg,new_whale w_abe383e w_b6689cc w_98baff9 w_97f5054
70df2643.jpg,new_whale w_654a5bb w_5817e08 w_6202983 w_5b99089
70e3217f.jpg,new_whale w_f1396bd w_b0e05b1 w_73d5489 w_2f54c3c
70e4726a.jpg,new_whale w_2a18a44 w_0e737d0 w_97f5054 w_b6886e5
70e75501.jpg,new_whale w_3d0bc7a w_40323ac w_11adaae w_9ec358c
70ea8276.jpg,new_whale w_73d5489 w_a18d0dc w_143b201 w_f6411ea
70eb47af.jpg,new_whale w_7e8b270 w_a965f14 w_966e86e w_e8ae8c1
70ebea91.jpg,new_whale w_640f91d w_f7d5919 w_fe87f0a w_9d0e84a
70f21ec2.jpg,new_whale w_e449d3a w_9d0e84a w_ea96346 w_d382236
70f228fb.jpg,new_whale w_7311fe4 w_7d4cb72 w_94cd45e w_243e33e
70f3dce3.jpg,new_whale w_89d9c03 w_1eafe46 w_b4732ef w_09dd18c
70f62796.jpg,new_whale w_6202983 w_a14ccaa w_987a36f w_77e1d3f
70f8ce72.jpg,new_whale w_9146eae w_4fd48e7 w_777f59a w_0bbb3de
710286b6.jpg,new_whale w_38e4aae w_b478c13 w_6af9dd7 w_8c1e2e4
71050693.jpg,new_whale w_ab6db0f w_fba3bde w_b6886e5 w_77e1d3f
7107c76c.jpg,new_whale w_4fdaa2a w_d465e44 w_fe19618 w_17e8554
710d0292.jpg,new_whale w_7538922 w_b4732ef w_c00534d w_993d66c
7117e28a.jpg,new_whale w_fba3bde w_e54feba w_a22afc6 w_9771603
711c4509.jpg,new_whale w_516bedb w_6c803bf w_9ec358c w_f6c23d5
711eac4f.jpg,new_whale w_a18c856 w_3ce788a w_9236aac w_a965f14
711fb1b5.jpg,new_whale w_38e4aae w_05b2ddd w_32a920b w_b729b1f
71211185.jpg,new_whale w_72e70e5 w_62f804d w_944f496 w_654a5bb
71296ac3.jpg,new_whale w_a8990f1 w_c708dc7 w_7a8ce5a w_d663f4f
713aff6f.jpg,new_whale w_f2eb971 w_a837660 w_6202983 w_1eafe46
71410ebc.jpg,new_whale w_6c99c53 w_fcfcf68 w_058547a w_6c23fcc
7143e927.jpg,new_whale w_43eea34 w_4d528e4 w_656afeb w_b6c4efa
7145c661.jpg,new_whale w_c103b25 w_7e8305f w_b1c44fe w_6918155
714c7c7f.jpg,new_whale w_414f402 w_c94f464 w_f21f2ec w_35453e0
714d3459.jpg,new_whale w_243e33e w_cbd271b w_c0d494d w_303518a
7154f160.jpg,new_whale w_3d0bc7a w_98dcedd w_97f5054 w_2d99a0c
71567999.jpg,new_whale w_bb388ca w_845f7ca w_66fb697 w_af9a47a
715969e1.jpg,new_whale w_2e42cc0 w_987a36f w_721d2e9 w_1e3ce01
7159de84.jpg,new_whale w_2b930da w_5b45503 w_662a132 w_dee6441
715df670.jpg,new_whale w_0e4f53c w_eb0a6ed w_c128384 w_29670e2
7160a5ca.jpg,new_whale w_79d4855 w_54c00ad w_4659acf w_398aa7f
7162499a.jpg,new_whale w_e0818df w_d89b29e w_9875c12 w_cd88a48
7164e51e.jpg,new_whale w_cd70e8b w_4d528e4 w_04c841c w_479e3e5
716c8ca4.jpg,new_whale w_d8e752e w_c22307d w_e84ca75 w_33032d1
716ecf4d.jpg,new_whale w_79b42cd w_7311fe4 w_a155149 w_7763134
7170abfb.jpg,new_whale w_f3f84d7 w_e1f55ad w_024358d w_43e45b6
717220e9.jpg,new_whale w_f6722e7 w_9b6b87d w_2b443f8 w_97e7648
7172db40.jpg,new_whale w_0e737d0 w_ef2f0f0 w_4fd48e7 w_8c1e2e4
7180a337.jpg,new_whale w_38e4aae w_8c1e2e4 w_b6689cc w_05b2ddd
718d6cf9.jpg,new_whale w_4f51037 w_e4df90a w_6232813 w_e988011
71923cca.jpg,new_whale w_5f82501 w_5cc2285 w_38bcd3e w_98baff9
7199c57f.jpg,new_whale w_877e56e w_9c61d57 w_0e737d0 w_2222ef0
719b2287.jpg,new_whale w_b7d5069 w_bde9c34 w_059df09 w_0e737d0
71a65b30.jpg,new_whale w_c9e1cdc w_95874a5 w_3d0bc7a w_bb2d34d
71a7f3c6.jpg,new_whale w_d6255a4 w_c3684ba w_cbedcb0 w_8d83172
71ab2a21.jpg,new_whale w_b20763e w_8158b1f w_8a7b9c8 w_8a816b1
71abca06.jpg,new_whale w_9c3db0a w_b0362e2 w_afbc150 w_a1a707e
71ac8e76.jpg,new_whale w_89e159a w_aae82f8 w_ca55545 w_fd1cb9d
71ae48e1.jpg,new_whale w_d6255a4 w_fd587bc w_09f9fd3 w_9989964
71af37d8.jpg,new_whale w_efebfe8 w_41a79d7 w_9ceb05d w_86ff8a6
71ba0337.jpg,new_whale w_af06773 w_6c803bf w_685466f w_987a36f
71bc372c.jpg,new_whale w_17ee910 w_7e8b270 w_97982cf w_ab6bb0a
71be09e4.jpg,new_whale w_fea7fe6 w_993d66c w_44f66a7 w_7e8b270
71c283fd.jpg,new_whale w_cf092f5 w_987a36f w_2a939eb w_82e0d98
71ca6c62.jpg,new_whale w_693c9ee w_569c2c7 w_ab4cae2 w_7c91fa7
71ca8656.jpg,new_whale w_b6410bc w_e3c0ae5 w_9caed77 w_c622a3f
71cd3a8c.jpg,new_whale w_dcb1f2a w_d5ec83f w_fe2742d w_1a5e7a2
71cf9537.jpg,new_whale w_db474c7 w_ca5f17f w_87050a3 w_0e737d0
71d7d261.jpg,new_whale w_41ec10a w_4f248f3 w_fe95ab8 w_5919cf7
71ddc84a.jpg,new_whale w_0e4f53c w_f4d89bb w_76ebad6 w_3ee8570
71e39197.jpg,new_whale w_2fe43c7 w_71c7322 w_33fc58d w_98507b5
71f0fde9.jpg,new_whale w_31d3999 w_7b69289 w_9434f0c w_55647bd
71fa68e6.jpg,new_whale w_1dc66b7 w_230a0de w_af5d11a w_63db6f9
720aa1c1.jpg,new_whale w_009dc00 w_e41f2fa w_697c72e w_9205d40
720acbbb.jpg,new_whale w_df092eb w_b08520c w_d663f4f w_29fc831
72107a1b.jpg,new_whale w_0d39a68 w_b6886e5 w_62c3998 w_e61dd6d
721c9f2f.jpg,new_whale w_ded09c7 w_d382236 w_92c6140 w_4659acf
7220a419.jpg,new_whale w_ab2d17a w_19e8a2d w_5a25156 w_acc33ca
72247c7c.jpg,new_whale w_6c803bf w_1c69443 w_1743d93 w_8c1e2e4
72276171.jpg,new_whale w_c84409b w_8f1aa27 w_d1eab36 w_9e7cada
72293c24.jpg,new_whale w_20eb13c w_2f283f3 w_0f96780 w_02bb4cf
72349231.jpg,new_whale w_0cd401c w_eab49b7 w_f4d89bb w_76ebad6
7237a985.jpg,new_whale w_0a58a06 w_482d9d6 w_ab4f3dd w_dc89c4c
723b452e.jpg,new_whale w_62f299e w_54c00ad w_e700deb w_7b035cc
7247acd3.jpg,new_whale w_3b3b9b2 w_5624f08 w_f031837 w_1a70685
724d512e.jpg,new_whale w_218b25e w_a1a707e w_17ee910 w_44beff0
724ef662.jpg,new_whale w_6202983 w_0e737d0 w_b066aa6 w_98baff9
7258db37.jpg,new_whale w_1cca86d w_8ebbe56 w_86113c4 w_d663f4f
725bf756.jpg,new_whale w_193b7e3 w_7abaf06 w_1da7080 w_73cbacd
725cba00.jpg,new_whale w_c6823b1 w_5ad2030 w_6926f08 w_0beef28
7260770f.jpg,new_whale w_dbda0d6 w_9c61d57 w_ab4cae2 w_8c1ec28
7262956d.jpg,new_whale w_8d83172 w_9ceb05d w_d19a884 w_efebfe8
7263046f.jpg,new_whale w_60cc444 w_98baff9 w_7dee51b w_5c6215c
7264ab48.jpg,new_whale w_b074cdf w_7554f44 w_4fb3c95 w_2ac83b0
7269aa04.jpg,new_whale w_8b56cb1 w_67de30b w_8d46cef w_d915632
726d2d1d.jpg,new_whale w_f0f0dbb w_21b3754 w_8cf18ac w_ee17a08
7275e6ad.jpg,new_whale w_eb0a6ed w_861cc1c w_7028d77 w_7d819df
727f807b.jpg,new_whale w_5f8b9b9 w_65efe4d w_3fcb80e w_e0e5c9e
7281e8ea.jpg,new_whale w_7e93962 w_376a413 w_54fc5b3 w_6ddbb81
7283a92f.jpg,new_whale w_3026ce2 w_3fe1eb9 w_2a939eb w_932c8cd
728695cc.jpg,new_whale w_cf00b01 w_f031837 w_b6689cc w_2d99a0c
72881b4a.jpg,new_whale w_a7f847f w_4f103de w_03dc41c w_0ea2545
7288f94d.jpg,new_whale w_57e8a80 w_67de30b w_17964ef w_1306632
728a1e7f.jpg,new_whale w_74de378 w_e826a6f w_243e33e w_1957ab8
72922d6a.jpg,new_whale w_17ee910 w_6d05f7f w_bb2d34d w_b6689cc
7297b38f.jpg,new_whale w_53859b2 w_002222a w_88083bc w_e7f8e67
72a737ba.jpg,new_whale w_2f54c3c w_cae7677 w_5dc1c2d w_8e4abc9
72a74990.jpg,new_whale w_e826a6f w_b074cdf w_f19faeb w_7311fe4
72ab8e9c.jpg,new_whale w_c9e1cdc w_98baff9 w_1e3ce01 w_bb2d34d
72ac2a7a.jpg,new_whale w_f53deac w_9205d40 w_dcb1f2a w_488cdd8
72b110af.jpg,new_whale w_29fc08a w_f803b29 w_fc7cc24 w_7f40920
72b3ae22.jpg,new_whale w_073f071 w_886257d w_c22307d w_cbedcb0
72bb2194.jpg,new_whale w_e6f5e09 w_07e92ee w_3a9ee71 w_3e75bf3
72be5c8f.jpg,new_whale w_d4fa6f3 w_2832e90 w_7a2dfd7 w_a59905f
72c5fc3f.jpg,new_whale w_49bbc79 w_3461d6d w_3de676c w_dfbfe10
72cd6908.jpg,new_whale w_a67a1bc w_0f96780 w_41ed8e8 w_d32adcd
72d642bc.jpg,new_whale w_fbce8b4 w_70715c1 w_dbda0d6 w_0dee306
72da4458.jpg,new_whale w_c30959a w_8cd6d46 w_2fe43c7 w_43be268
72dd67a8.jpg,new_whale w_81b402a w_d9aab0a w_3c2ec7a w_c74ab24
72de4f4d.jpg,new_whale w_4f0676a w_ce425e5 w_74adf0b w_64783fe
72defc1a.jpg,new_whale w_6768b8c w_dbda0d6 w_9577f88 w_243e33e
72e0f367.jpg,new_whale w_3c4062e w_79f7d21 w_54fc5b3 w_0c8a724
72e2b22f.jpg,new_whale w_587d2e3 w_703e39b w_050bdac w_69f4311
72e5f467.jpg,new_whale w_5570053 w_87e00c8 w_dfbfe10 w_d4eb9ed
72ea0858.jpg,new_whale w_0e737d0 w_e5250e9 w_1d17e8c w_7f0700f
72f023a2.jpg,new_whale w_43be268 w_2482b4a w_0ebd514 w_67de30b
72f842bf.jpg,new_whale w_0b7cc25 w_1ec267f w_b688397 w_9151503
72f8950b.jpg,new_whale w_7158e92 w_7554f44 w_4fb3c95 w_ff7630a
73020575.jpg,new_whale w_693c9ee w_b329c00 w_98baff9 w_cae7677
730da5a1.jpg,new_whale w_fd1cb9d w_aae82f8 w_43be268 w_773509f
730ffcdd.jpg,new_whale w_1596a47 w_1dc66b7 w_acff672 w_656afeb
7313b25a.jpg,new_whale w_0caa554 w_b678944 w_56f2b1e w_86cc90f
7314f3ae.jpg,new_whale w_b17f9ea w_74de378 w_861cc1c w_0869575
732556f0.jpg,new_whale w_0e737d0 w_7763134 w_98baff9 w_9ca943b
732acd29.jpg,new_whale w_09dd18c w_aeca19c w_3fc3d07 w_9d9913a
732de5a2.jpg,new_whale w_fe922c3 w_69e7dab w_861cc1c w_2071a4c
73319f75.jpg,new_whale w_41f0a7e w_dbda0d6 w_f19faeb w_c622a3f
7331a99a.jpg,new_whale w_9a1d8e7 w_43be268 w_ebc870d w_92c6140
73380ab8.jpg,new_whale w_4dceacc w_6710cf8 w_59eb8ae w_987a36f
73382d98.jpg,new_whale w_6c99c53 w_2658649 w_c11fce0 w_648a9a8
733cae6e.jpg,new_whale w_ab4cae2 w_b7d5069 w_a254eb0 w_6202983
734e46d4.jpg,new_whale w_c9111ac w_4ebeafb w_86b9dfd w_6de53d1
7350117c.jpg,new_whale w_6c803bf w_1a70685 w_2d99a0c w_18eee6e
73566cb4.jpg,new_whale w_9c61d57 w_b9f5b8b w_1f0da94 w_6b45921
7357de95.jpg,new_whale w_3d8c865 w_4fd48e7 w_f746a73 w_dbda0d6
735d721d.jpg,new_whale w_e0799da w_847b884 w_ac05864 w_593485f
735fd83e.jpg,new_whale w_0e737d0 w_61b87f9 w_569c2c7 w_0a97a25
736132da.jpg,new_whale w_a18d0dc w_94cd45e w_7311fe4 w_f4224b9
73624978.jpg,new_whale w_552a16e w_9ea2cc3 w_9875c12 w_9ca943b
7362a062.jpg,new_whale w_22bcbd6 w_15ebbda w_861cc1c w_00cb685
73698f78.jpg,new_whale w_fd1cb9d w_a14ccaa w_eb8429c w_db2baec
736aa502.jpg,new_whale w_b9f5b8b w_6202983 w_c0cfd5b w_50e8e41
736ed39c.jpg,new_whale w_8507226 w_6a87d0d w_381c6aa w_a155149
737319c4.jpg,new_whale w_813c5be w_64f3545 w_b7d5069 w_8bdc211
7373c44f.jpg,new_whale w_a51a6d6 w_1029f4e w_8d83172 w_fd1cb9d
7375bf00.jpg,new_whale w_0378699 w_7cd711c w_962164f w_7d896ac
73790d30.jpg,new_whale w_6d05f7f w_b6886e5 w_fe2742d w_cda4b05
7379c840.jpg,new_whale w_8fab53d w_de3cab3 w_3d45268 w_12c3d3d
737cf6d6.jpg,new_whale w_c5f9e78 w_df21074 w_06ff732 w_9411f86
73822c42.jpg,new_whale w_73cbacd w_0f92544 w_c926fc3 w_10bea88
73835078.jpg,new_whale w_4791b4c w_156c0db w_55d6c4f w_8103039
7384d302.jpg,new_whale w_18df014 w_c00534d w_a7d4668 w_02d5fad
7385f709.jpg,new_whale w_91572bb w_993d66c w_67fecca w_3fcb80e
73877a3b.jpg,new_whale w_b4732ef w_d663f4f w_94e1ed4 w_43be268
738c7272.jpg,new_whale w_667833e w_964ce09 w_af9a47a w_73d5489
738ec4a1.jpg,new_whale w_98baff9 w_7f40920 w_53baa9b w_b074cdf
739309e5.jpg,new_whale w_a254eb0 w_43be268 w_b066aa6 w_f81c626
73941bf0.jpg,new_whale w_19dc50f w_b6886e5 w_49bbc79 w_6361632
7397413f.jpg,new_whale w_e6ddfe1 w_7cd711c w_662a132 w_598874c
739abab7.jpg,new_whale w_5624f08 w_559ce61 w_3b3b9b2 w_987a36f
739e7a0c.jpg,new_whale w_9c61d57 w_6ce20f3 w_0e737d0 w_50cd600
73a15e60.jpg,new_whale w_0f96780 w_434ad6a w_4b7b80b w_c926fc3
73a427c4.jpg,new_whale w_f19faeb w_dbda0d6 w_77aca60 w_b9e00eb
73a457e2.jpg,new_whale w_569c2c7 w_693c9ee w_b074cdf w_41a79d7
73a60dab.jpg,new_whale w_2dbb0fe w_8717ef3 w_2d2de1d w_9c5ed68
73a6791b.jpg,new_whale w_43b50e5 w_da2efe0 w_1287fbc w_95874a5
73ae982b.jpg,new_whale w_302c025 w_f64cf8a w_cc60002 w_950b5cf
73b08592.jpg,new_whale w_64f3545 w_be0fefb w_813c5be w_3694c7d
73b850c0.jpg,new_whale w_c39fceb w_f86488a w_6c803bf w_09be3ad
73bca664.jpg,new_whale w_817f022 w_e62a48d w_a22f338 w_e54feba
73c3614b.jpg,new_whale w_0bc712b w_8e25bfa w_b5dd5bc w_964ce09
73c6573f.jpg,new_whale w_0337aa5 w_556df30 w_a2a1378 w_2cb8996
73c76f39.jpg,new_whale w_0d8fb3f w_aa16da4 w_5b5a85d w_efebfe8
73c7b89d.jpg,new_whale w_1e3ce01 w_7b5a630 w_4a78bf2 w_c0f3e88
73ceba55.jpg,new_whale w_d430a78 w_20c671c w_9de3195 w_c9eb806
73d1074a.jpg,new_whale w_44a6b62 w_8c1ec28 w_7e8b270 w_98baff9
73d1470f.jpg,new_whale w_2e4fecc w_c06dd6e w_f256b56 w_b0a5c8d
73d77463.jpg,new_whale w_c58b474 w_2184d07 w_1af5d59 w_cae7677
73dc0c7d.jpg,new_whale w_0beef28 w_cd1f1ed w_f4e0748 w_b7d5069
73ddfce7.jpg,new_whale w_b678944 w_c9dd32e w_ff1b64c w_1eafe46
73e39c78.jpg,new_whale w_d33c2ed w_3ae3603 w_aa16da4 w_fdf60bb
73e3c324.jpg,new_whale w_64433af w_9c5ed68 w_0c6dbbe w_2dbb0fe
73e55b39.jpg,new_whale w_fba3bde w_6c803bf w_20eb13c w_4ebeafb
73e64479.jpg,new_whale w_b6886e5 w_b0e05b1 w_c30959a w_778ee6e
73e9d360.jpg,new_whale w_ab2d17a w_cc3a724 w_c17a537 w_acc33ca
73ea041f.jpg,new_whale w_cd88a48 w_8c1ec28 w_dbda0d6 w_0de84f0
73f4e40e.jpg,new_whale w_7f6ce8e w_19ca2c6 w_98baff9 w_9b098ea
73f7b3b3.jpg,new_whale w_3e0f25d w_c241e72 w_b14007c w_3d1c2ef
7404a7c9.jpg,new_whale w_1274a11 w_9ea2cc3 w_9ec358c w_48a98d7
740584b2.jpg,new_whale w_2863d51 w_9cb529f w_ad32646 w_b6d09e6
7406194d.jpg,new_whale w_44a6b62 w_8c1ec28 w_7459706 w_c0d1701
740d9754.jpg,new_whale w_1eafe46 w_fe49bc4 w_1c32062 w_a7202e1
740e2fb0.jpg,new_whale w_ca0ec7c w_15ebbda w_e6d89c0 w_7028d77
741bb7bd.jpg,new_whale w_9434f0c w_f932abc w_9989964 w_e3c0ae5
74205c33.jpg,new_whale w_87050a3 w_693c9ee w_0e737d0 w_d2be6cc
7422da3f.jpg,new_whale w_4b7b80b w_ddbf533 w_7028d77 w_886257d
74268fd4.jpg,new_whale w_ef99fe9 w_697c72e w_c5e6997 w_e826a6f
742b423f.jpg,new_whale w_67de30b w_55647bd w_8717ef3 w_0d0ecfb
743101d0.jpg,new_whale w_acc33ca w_db474c7 w_302af0a w_293b5e4
7434d8c5.jpg,new_whale w_b678944 w_b8dff40 w_d9adb4f w_c00534d
743c4de4.jpg,new_whale w_2b930da w_5b45503 w_662a132 w_dee6441
743db1c1.jpg,new_whale w_5d335c3 w_4ebeafb w_2d99a0c w_43eea34
74414ae1.jpg,new_whale w_22fa4ad w_3b483d3 w_5ae47d9 w_e449d3a
7441bf36.jpg,new_whale w_53859b2 w_4f28a45 w_14970b4 w_f8e6546
74463545.jpg,new_whale w_fc7cc24 w_fba3bde w_80211fd w_67de30b
745339ad.jpg,new_whale w_c128384 w_9caed77 w_86b3f04 w_c11932e
745b989f.jpg,new_whale w_842623c w_540fd73 w_dbc4dcc w_67fecca
7461e8aa.jpg,new_whale w_8fab53d w_b0e05b1 w_cae7677 w_8968506
7462efdc.jpg,new_whale w_9e1e278 w_813c5be w_64f3545 w_717a293
746d8e1f.jpg,new_whale w_7e4d894 w_7386509 w_0bc712b w_daec6d3
747475a4.jpg,new_whale w_414a0d7 w_4be8a3e w_bb2d34d w_47d2bc6
747e4187.jpg,new_whale w_5624f08 w_2a939eb w_142dce1 w_3fe1eb9
7486105f.jpg,new_whale w_c6be61e w_5a2075e w_8f3cb68 w_7c7a78c
7486b4fb.jpg,new_whale w_ebff750 w_98baff9 w_ba17206 w_0e737d0
7487e2b1.jpg,new_whale w_bcf23a8 w_bb2d34d w_9ec358c w_39776da
7489313b.jpg,new_whale w_4fcfa4d w_38158d6 w_398aa7f w_44f0fa2
748b252c.jpg,new_whale w_e59294d w_fec6413 w_0a97a25 w_f8e6546
748fe005.jpg,new_whale w_05b2ddd w_e3b236d w_76d84e2 w_7b035cc
748fff20.jpg,new_whale w_64830fa w_f83b1f9 w_67fecca w_ee17a08
74925121.jpg,new_whale w_ed69e9c w_1287fbc w_b678944 w_dff77b6
74989bfe.jpg,new_whale w_f8c9150 w_338b130 w_f852d15 w_d94db94
749e1412.jpg,new_whale w_4659acf w_1dff010 w_b7d5069 w_4e52a49
749e73af.jpg,new_whale w_d84e006 w_43be268 w_0175a35 w_a18d0dc
749e7a87.jpg,new_whale w_d88328d w_7b035cc w_d4119a7 w_9a8f43f
74a3f7a5.jpg,new_whale w_37223f9 w_339c8ae w_9c5ed68 w_60759c2
74a5c8d9.jpg,new_whale w_ded09c7 w_d382236 w_92c6140 w_4659acf
74bcef6f.jpg,new_whale w_4759be5 w_0626e4d w_19e5d10 w_d7de1ee
74c3d75c.jpg,new_whale w_9771603 w_4114553 w_0d39a68 w_07616fd
74cb5238.jpg,new_whale w_a25caa9 w_0e4f53c w_773967d w_303518a
74cd990b.jpg,new_whale w_e6f5e09 w_7aaa569 w_b7a832a w_03f060f
74ceb931.jpg,new_whale w_1a29ba5 w_a59075f w_79413a6 w_b96d4e0
74d808ca.jpg,new_whale w_67c1b6f w_c027e4e w_dd90e0a w_f2eb971
74d94b2d.jpg,new_whale w_c61de62 w_18eee6e w_17ee910 w_a59905f
74e4e4fb.jpg,new_whale w_95874a5 w_aa16da4 w_5a2075e w_4fb3c95
74e55597.jpg,new_whale w_987a36f w_127f4c6 w_82e0d98 w_2e977e2
74e63e69.jpg,new_whale w_7b5d0f0 w_3d66298 w_f4e0748 w_ba39446
74e7f57e.jpg,new_whale w_abe383e w_551f5ca w_4c9d3df w_6d274b2
74ea6f2d.jpg,new_whale w_98baff9 w_48a5b86 w_ab4cae2 w_dbda0d6
74f28c8a.jpg,new_whale w_2af3059 w_56ccad1 w_b9f5b8b w_f60c7e8
74f40b5d.jpg,new_whale w_97493dd w_b9e00eb w_7554f44 w_f6411ea
74f63be3.jpg,new_whale w_bd43538 w_0e737d0 w_ab4cae2 w_977d881
74fa1502.jpg,new_whale w_a93c8f9 w_2d99a0c w_bb2d34d w_1dd8e68
74ff6770.jpg,new_whale w_4b7b80b w_a18d0dc w_fe95ab8 w_b0e05b1
7502192f.jpg,new_whale w_99c07e8 w_bbc2a14 w_964c1b3 w_1a229eb
75031c73.jpg,new_whale w_8c1dab2 w_3411b9f w_9df0865 w_f4e0748
751f8e03.jpg,new_whale w_37523b2 w_bd5cf0a w_338b130 w_a25caa9
752b2706.jpg,new_whale w_4e52a49 w_479e3e5 w_adc62bc w_0981144
752ec8e3.jpg,new_whale w_59eb8ae w_12f2352 w_86b9dfd w_656afeb
753023b7.jpg,new_whale w_b6886e5 w_f4fc8cc w_a22f338 w_6438b7d
753279de.jpg,new_whale w_d2be6cc w_59eb8ae w_11f6df1 w_02facde
7545184d.jpg,new_whale w_ded09c7 w_ebc870d w_d382236 w_8ba2066
754ebcc7.jpg,new_whale w_e826a6f w_dcf1fd1 w_f478955 w_1eafe46
7552d1d3.jpg,new_whale w_d9d4088 w_abe383e w_8c1e2e4 w_1b224c1
7553345b.jpg,new_whale w_b9f5b8b w_8103039 w_6ec850b w_18df014
7557379c.jpg,new_whale w_c622a3f w_57c8da9 w_e6541e4 w_f792125
755b1bcf.jpg,new_whale w_3ae3603 w_1eafe46 w_a846944 w_aa16da4
755ed840.jpg,new_whale w_77d2aea w_0e4f53c w_fb2c3fb w_3e02970
756678d1.jpg,new_whale w_e02fe7b w_0e737d0 w_6202983 w_9875c12
7567df64.jpg,new_whale w_f63d8b0 w_96d9eaf w_395d578 w_693c9ee
756a8ca4.jpg,new_whale w_33fc58d w_67de30b w_f660d7d w_398aa7f
756e2ea9.jpg,new_whale w_02c9470 w_5d96ba4 w_b2f1afa w_b081817
7575c27a.jpg,new_whale w_395d578 w_477ccf5 w_fc76ede w_96c6151
7576dad0.jpg,new_whale w_d306246 w_3350425 w_7db10cc w_9ea2cc3
758385cc.jpg,new_whale w_b4369cc w_296749b w_a16b600 w_263e243
75840582.jpg,new_whale w_fd1cb9d w_8d46cef w_4fdaa2a w_5f7c402
758612eb.jpg,new_whale w_31d3999 w_ca5abbb w_55647bd w_47f29cd
758c4ccf.jpg,new_whale w_556df30 w_f7d5919 w_3650949 w_987a36f
758f0e62.jpg,new_whale w_d4a27fb w_b074cdf w_a25caa9 w_5619521
7591b9bd.jpg,new_whale w_c0d494d w_993d66c w_e3c119c w_e93d181
7592b09b.jpg,new_whale w_fba3bde w_434ad6a w_4e52a49 w_43be268
759938a4.jpg,new_whale w_cb38960 w_0de84f0 w_1894a1c w_9577f88
759b4c21.jpg,new_whale w_4fd48e7 w_0103030 w_2196938 w_5966fff
759ea795.jpg,new_whale w_b939998 w_98baff9 w_5470134 w_ab4cae2
75a22096.jpg,new_whale w_d3ce445 w_1c432e7 w_4b7b80b w_fe054f3
75b17cee.jpg,new_whale w_ebff750 w_60cc444 w_0e737d0 w_50cd600
75b71a44.jpg,new_whale w_de3cab3 w_0c70bc3 w_2901dbf w_c99f5ef
75b777bb.jpg,new_whale w_50cd600 w_bb79fb8 w_0e737d0 w_5d6786e
75bd9819.jpg,new_whale w_71764b4 w_64f3545 w_8d08f9e w_95874a5
75bdebac.jpg,new_whale w_deb33de w_b7d5069 w_ed8a846 w_e4c8d6d
75bf0a9b.jpg,new_whale w_3b0894d w_4e68ddc w_b7d5069 w_ee17a08
75c53c67.jpg,new_whale w_f81e77a w_693c9ee w_62f804d w_18eee6e
75c8c6d5.jpg,new_whale w_71c7322 w_530f87b w_7c7a78c w_b318111
75ca4233.jpg,new_whale w_1d17e8c w_883557a w_8b15b96 w_b074cdf
75dcb557.jpg,new_whale w_7b770ec w_1e3ce01 w_a59905f w_71764b4
75e0942e.jpg,new_whale w_8244367 w_7276f4b w_5010531 w_2dc2ef2
75e9eac1.jpg,new_whale w_d6a6360 w_29670e2 w_0f92544 w_26f9f95
75f18083.jpg,new_whale w_7763134 w_5b99089 w_39b22d9 w_993d66c
75f28164.jpg,new_whale w_3f2a05c w_fd587bc w_4bf5a06 w_3b90f9b
760b4165.jpg,new_whale w_4fe4078 w_7234b3d w_f6fb689 w_e59294d
760bacf5.jpg,new_whale w_e449d3a w_c3ff6f2 w_3b483d3 w_d141590
76139d82.jpg,new_whale w_44cccf6 w_ae07541 w_9741f42 w_f803b29
7614ec6d.jpg,new_whale w_4fdaa2a w_6c803bf w_1743d93 w_5af463d
76217176.jpg,new_whale w_147b62b w_67de30b w_9cb529f w_a14ccaa
76232252.jpg,new_whale w_b6c4efa w_fc7cc24 w_4684a3f w_7b035cc
76278d34.jpg,new_whale w_7ad8bb3 w_d3c8520 w_37a7f78 w_3c4062e
762798ca.jpg,new_whale w_f5fd7ef w_1dd8e68 w_b9cfdfe w_406331a
762b11f2.jpg,new_whale w_89e451c w_bb2d34d w_b6689cc w_7419e4b
762b24b1.jpg,new_whale w_79f5620 w_7b442c4 w_c06dd6e w_a3abc56
76320e2b.jpg,new_whale w_a965f14 w_86431c7 w_1000f90 w_f5771d1
7634b304.jpg,new_whale w_00fbb4e w_b074cdf w_4b95330 w_fdf60bb
7636c129.jpg,new_whale w_686408a w_c4f3619 w_2b969fe w_d3c8520
763c96a5.jpg,new_whale w_9ca943b w_63035d1 w_3d66298 w_43be268
763ca537.jpg,new_whale w_b4d182b w_fa32440 w_97f5054 w_ace8c54
7642cc85.jpg,new_whale w_ff2c4a4 w_e156c87 w_38e4aae w_3d66298
765401d2.jpg,new_whale w_cc5fae7 w_fc76ede w_fae3939 w_c3ff6f2
765828e4.jpg,new_whale w_f099dc8 w_2d99a0c w_aa16da4 w_78f2e92
765ce5cc.jpg,new_whale w_fcfcf68 w_9d83b4d w_b089088 w_ebff750
7661e131.jpg,new_whale w_02facde w_c30959a w_43be268 w_ee17a08
7663d36a.jpg,new_whale w_4a38a9f w_53859b2 w_6badfcf w_beab972
7664df68.jpg,new_whale w_fa32440 w_69e88da w_5436d75 w_79b42cd
766d2bbf.jpg,new_whale w_7c7a78c w_d0e5d1d w_0beef28 w_a3cd405
7672cf5b.jpg,new_whale w_9205d40 w_36a853c w_17377c9 w_a232f9e
76753131.jpg,new_whale w_1febbf3 w_1e45a47 w_f86488a w_444a844
7677cffa.jpg,new_whale w_a91b997 w_18eee6e w_6c803bf w_96b697f
76795b0f.jpg,new_whale w_bb2d34d w_b6886e5 w_3cf3853 w_17ee910
767bb70b.jpg,new_whale w_8325a79 w_ef89416 w_11adaae w_b8dff40
7682aaea.jpg,new_whale w_ad370e1 w_3ca387d w_38e4aae w_73e5530
7682ac97.jpg,new_whale w_efebfe8 w_9ceb05d w_86ff8a6 w_b033b36
76830c41.jpg,new_whale w_813c5be w_7c18f3c w_e964ae8 w_12cdfbd
768a1972.jpg,new_whale w_6c9a524 w_ca5f17f w_6a7478d w_df309be
768b6ec7.jpg,new_whale w_eb39613 w_8a31e6c w_c0d494d w_bf38f05
76908959.jpg,new_whale w_41ed8e8 w_ace5d0c w_20eb13c w_0a97a25
76937d79.jpg,new_whale w_ef30115 w_6092d5c w_77e1d3f w_bb37d93
76948658.jpg,new_whale w_fd1cb9d w_c027e4e w_43be268 w_4ebeafb
7697990c.jpg,new_whale w_d3857a6 w_4c8244d w_5f7c402 w_43be268
769b521b.jpg,new_whale w_222dcb7 w_dcb1f2a w_62c3998 w_1287fbc
769e662f.jpg,new_whale w_2be1c9c w_b7d5069 w_87050a3 w_7538a4c
76a2c2e8.jpg,new_whale w_8d46cef w_1310342 w_b71eab2 w_92b35ca
76aa2038.jpg,new_whale w_8d9c6fc w_813c5be w_62f804d w_4e52a49
76ab28d4.jpg,new_whale w_4855bd3 w_fba3bde w_0e737d0 w_94e1ed4
76b3e5aa.jpg,new_whale w_616ca36 w_fc7cc24 w_3e73d8a w_44cccf6
76b7d5f8.jpg,new_whale w_2f283f3 w_fba3bde w_43be268 w_8fab53d
76bf599c.jpg,new_whale w_e21741a w_9948a99 w_3fc3d07 w_fea7fe6
76c11a56.jpg,new_whale w_8fab53d w_5317c46 w_2fdf63b w_4b7b80b
76c24d09.jpg,new_whale w_ba1befb w_87e8446 w_7c9fd46 w_6cef37c
76cc1632.jpg,new_whale w_96ba432 w_773967d w_813c5be w_a190aff
76d862b6.jpg,new_whale w_93bf889 w_cf3c233 w_ab4cae2 w_c58b474
76da3d3a.jpg,new_whale w_badfc4b w_2d29ddd w_7d896ac w_fe5e78b
76df2eb7.jpg,new_whale w_8c1ec28 w_3af4e73 w_6d17527 w_c9e1cdc
76e60f5a.jpg,new_whale w_6547e12 w_d9055d1 w_35063ed w_4c9d3df
76eb98ad.jpg,new_whale w_e61dd6d w_813c5be w_3b0894d w_41ed8e8
76eeeffd.jpg,new_whale w_d4fa6f3 w_01cbcbf w_f7d5919 w_2ac069f
76feb562.jpg,new_whale w_f546b0a w_73c9ba2 w_33032d1 w_7e8b270
77038be1.jpg,new_whale w_4b7b80b w_2ac83b0 w_70715c1 w_367b996
77071769.jpg,new_whale w_4808f0a w_5612fed w_6abc013 w_5dc1c2d
770ea36c.jpg,new_whale w_7285eb3 w_7234b3d w_e826a6f w_c9ba30c
77194476.jpg,new_whale w_c622a3f w_7e8b270 w_f8e6546 w_7028d77
771f0f11.jpg,new_whale w_569c2c7 w_2dae424 w_1d84278 w_7759db0
7720dcb8.jpg,new_whale w_3bb210a w_2658649 w_26f9f95 w_a3a65b3
7722fdae.jpg,new_whale w_6202983 w_4e52a49 w_654a5bb w_c0d494d
7728a76d.jpg,new_whale w_813c5be w_8c961a3 w_9c5ed68 w_a8bc2bc
7731736a.jpg,new_whale w_156c0db w_3e1bdd0 w_9c5ed68 w_7e8b270
7732ec85.jpg,new_whale w_886257d w_0a71e87 w_6ddbb81 w_60c5e7e
773b8634.jpg,new_whale w_da2efe0 w_71764b4 w_95874a5 w_b942708
773e371d.jpg,new_whale w_0e4f53c w_f115d53 w_d22af00 w_636638f
774ece56.jpg,new_whale w_1969a9d w_413057d w_f19faeb w_5e57e8b
7750e202.jpg,new_whale w_a31900f w_130508d w_1638016 w_2111212
775c0fac.jpg,new_whale w_18a854b w_9ceb05d w_ab6bb0a w_8c1ec28
775c6e84.jpg,new_whale w_87050a3 w_41a79d7 w_9875c12 w_a4b6a86
775e2bf2.jpg,new_whale w_ff2ca5c w_0f84bf6 w_3d9fb6c w_8e55648
7766f918.jpg,new_whale w_67de30b w_43be268 w_c02ac49 w_5646ae9
776882fa.jpg,new_whale w_b6689cc w_e6d3a57 w_b942708 w_ab6bb0a
7768940b.jpg,new_whale w_cd04e1c w_0654dd9 w_8c1ec28 w_ed117b3
7780cd6f.jpg,new_whale w_35c5d43 w_b04d4f1 w_a71aa99 w_cd01afb
77819f25.jpg,new_whale w_0d2dc7e w_b074cdf w_e59294d w_b0e05b1
778419af.jpg,new_whale w_8c1ec28 w_9ec358c w_6202983 w_fba3bde
77852bb4.jpg,new_whale w_9989964 w_243e33e w_898bb9a w_3b99025
7788fa00.jpg,new_whale w_8bdc211 w_7885601 w_7e8b270 w_9caed77
779088c0.jpg,new_whale w_b6886e5 w_db3621e w_fba3bde w_ab6db0f
7796a1f5.jpg,new_whale w_0324b97 w_0740d28 w_434195c w_12c3d3d
779815fd.jpg,new_whale w_f208155 w_38e4aae w_ed69e9c w_38efc2d
77a26ec2.jpg,new_whale w_fce6ab2 w_8fab53d w_693c9ee w_25a38b8
77b063e4.jpg,new_whale w_12f2352 w_778ee6e w_206e903 w_20eb13c
77b0b3eb.jpg,new_whale w_73e5530 w_1addcc2 w_987a36f w_21e178f
77b1196b.jpg,new_whale w_c6b1412 w_43eea34 w_1596a47 w_479e3e5
77b375e7.jpg,new_whale w_3d4900b w_eb0a6ed w_cae7677 w_aa16da4
77bab348.jpg,new_whale w_69185bb w_02c9470 w_22fa4ad w_3d0bc7a
77bd0723.jpg,new_whale w_88b5d47 w_8507226 w_4759df3 w_977d881
77c154cf.jpg,new_whale w_338b130 w_35063ed w_6be343c w_eb0a6ed
77c48d7f.jpg,new_whale w_2fdaa7f w_f8e6546 w_4b95330 w_b0e05b1
77c81601.jpg,new_whale w_1e45a47 w_7586198 w_f6fb689 w_d36f58c
77cb9130.jpg,new_whale w_932c8cd w_813c5be w_f21f2ec w_fd3ce71
77cecd91.jpg,new_whale w_d037229 w_af6c7e2 w_b6410bc w_7e8b270
77d7bf85.jpg,new_whale w_1eafe46 w_ed69e9c w_1dc6d62 w_dfbfe10
77dcc4f9.jpg,new_whale w_cd70e8b w_1dc66b7 w_8db45b7 w_acff672
77df814a.jpg,new_whale w_6af9dd7 w_c27d036 w_1ed4dde w_9ca943b
77e9766c.jpg,new_whale w_4b7b80b w_6202983 w_9ec358c w_77e1d3f
77f0bf2e.jpg,new_whale w_37374fa w_8c605d2 w_d2324e2 w_913a2ad
780204dc.jpg,new_whale w_70715c1 w_87050a3 w_2be1c9c w_3bc8a47
7805b701.jpg,new_whale w_a59905f w_4d98ef7 w_43be268 w_9ea2cc3
780c94e6.jpg,new_whale w_6e8486d w_9ea2cc3 w_ea2385d w_075aa6e
780efd05.jpg,new_whale w_408c5a7 w_e63fbbe w_c74ab24 w_d9aab0a
7815982f.jpg,new_whale w_02a768d w_d642d4e w_0ea659e w_db0ad01
781edb0f.jpg,new_whale w_17ee910 w_e73d83c w_1287fbc w_1905c66
7821579e.jpg,new_whale w_1875b28 w_e7a238b w_741861e w_4ebeafb
7823f3c7.jpg,new_whale w_71764b4 w_bb2d34d w_0e737d0 w_a59905f
7826435c.jpg,new_whale w_eb47189 w_62c3998 w_c9e1cdc w_932c8cd
782c2c02.jpg,new_whale w_e826a6f w_66c1b54 w_9ec358c w_693c9ee
783641f8.jpg,new_whale w_7763134 w_63d1ea6 w_c3ff6f2 w_7311fe4
7836d77d.jpg,new_whale w_8b5885d w_73d5489 w_f6d425e w_1287fbc
7840a5d4.jpg,new_whale w_0bfb109 w_fd1cb9d w_5f50b5e w_f986587
784156c2.jpg,new_whale w_1eafe46 w_18eee6e w_a59905f w_21e178f
78443187.jpg,new_whale w_cf00b01 w_b8f8e69 w_0d39a68 w_7895123
7845558c.jpg,new_whale w_a14d6d8 w_cfe35d4 w_896023f w_73d5489
78471e91.jpg,new_whale w_8a816b1 w_d141590 w_1632307 w_3f91e04
7847671c.jpg,new_whale w_0beef28 w_7c7a78c w_85b0d73 w_048f7a9
78477c59.jpg,new_whale w_8fb79a2 w_7554f44 w_6545984 w_b074cdf
7848b6e7.jpg,new_whale w_1ae1386 w_0c70bc3 w_bb2c317 w_0d48a7d
784c9052.jpg,new_whale w_f83b1f9 w_7aaa569 w_56f2b1e w_898bb9a
784f44c2.jpg,new_whale w_95874a5 w_c9e1cdc w_2fd21ec w_b4732ef
785db009.jpg,new_whale w_9874f0d w_800034f w_b074cdf w_cb38960
786620b6.jpg,new_whale w_49bbc79 w_fd3ce71 w_1ecfe96 w_a2660fd
7868ed88.jpg,new_whale w_18fbec1 w_9875c12 w_4b7b80b w_62ca7c8
78771233.jpg,new_whale w_661dacb w_243e33e w_66c1b54 w_95b6cc3
787b1e53.jpg,new_whale w_3b0894d w_e61dd6d w_21e178f w_f031837
7881ef02.jpg,new_whale w_4e7e512 w_2e328e6 w_fe5e78b w_23526cb
7882f7a2.jpg,new_whale w_e3f51ec w_a254eb0 w_fce6ab2 w_ab4cae2
78841ee3.jpg,new_whale w_4855bd3 w_41afa58 w_d89b29e w_b283b00
78868f34.jpg,new_whale w_a2a1378 w_ea4935f w_3d66298 w_813c5be
788a08b0.jpg,new_whale w_2dcbf82 w_a22f338 w_fd1cb9d w_4659acf
788c1d86.jpg,new_whale w_73b705e w_c0d494d w_97f5054 w_98baff9
788ce48f.jpg,new_whale w_65943d6 w_3d4900b w_9ea2cc3 w_9ceb05d
788feb6e.jpg,new_whale w_5af463d w_5c0e858 w_d9fdd15 w_12f2352
78904c0f.jpg,new_whale w_21e178f w_ab6bb0a w_3f91e04 w_1addcc2
78910a9e.jpg,new_whale w_8e25bfa w_3c4062e w_54fc5b3 w_fd698a3
7895379c.jpg,new_whale w_dbda0d6 w_f19faeb w_4fb3c95 w_4e68ddc
7896e96a.jpg,new_whale w_98f0e93 w_0ac9006 w_e02fe7b w_fe49bc4
789868af.jpg,new_whale w_80d95d6 w_65139e4 w_d142b00 w_4b8d0c9
789d2174.jpg,new_whale w_d40f276 w_9ceb05d w_d0b237f w_0c70bc3
78aa8c89.jpg,new_whale w_2f283f3 w_43966a3 w_43be268 w_db7e2c5
78aa9697.jpg,new_whale w_88d11b1 w_243e33e w_0e81e60 w_66c1b54
78b0eeeb.jpg,new_whale w_4790f64 w_56bbc91 w_50729c4 w_cae7677
78b88aa4.jpg,new_whale w_9c5ed68 w_4b7b80b w_35063ed w_93bf889
78bdbd57.jpg,new_whale w_7bf3a5c w_36ac97f w_703e39b w_1917275
78c4c071.jpg,new_whale w_73d5489 w_52a081c w_7459706 w_8e4abc9
78c572fa.jpg,new_whale w_01d6ca0 w_99ad599 w_af6c7e2 w_6da177a
78ce9a62.jpg,new_whale w_d36f58c w_67de30b w_1eafe46 w_1a5e7a2
78cf27ce.jpg,new_whale w_816d344 w_516bedb w_4ebeafb w_f64658b
78d7bd5a.jpg,new_whale w_8fab53d w_735ce7d w_abe383e w_2071a4c
78da3ecc.jpg,new_whale w_1287fbc w_c0d494d w_dcb1f2a w_0d39a68
78dad3d1.jpg,new_whale w_3de676c w_057c418 w_cb32cb8 w_dfbfe10
78dffb10.jpg,new_whale w_7e8b270 w_1c32062 w_98baff9 w_3fc3d07
78e90d03.jpg,new_whale w_0e737d0 w_b283b00 w_0f96780 w_147b62b
78e93e5a.jpg,new_whale w_817f022 w_fd1cb9d w_8d46cef w_a59905f
78ea33a2.jpg,new_whale w_dbd2cff w_3e5069e w_daf1085 w_9d3ba38
78f28250.jpg,new_whale w_0da6f67 w_e69cef0 w_a533837 w_7f40920
78f2a431.jpg,new_whale w_3af4e73 w_b5383b5 w_6ae1eaf w_c10ffe9
78fa33a1.jpg,new_whale w_48dd419 w_7554f44 w_9c61d57 w_1f00cb7
79026af0.jpg,new_whale w_1eafe46 w_6d4dedc w_78f2e92 w_ed3bd5b
79062d9b.jpg,new_whale w_339c8ae w_31d3999 w_5f82501 w_8ab8687
790f77e9.jpg,new_whale w_b29214f w_d5ec83f w_b6886e5 w_2d99a0c
791580a1.jpg,new_whale w_e449d3a w_4be373e w_733f161 w_d142b00
7915ec48.jpg,new_whale w_1d53d9c w_0122d85 w_7e8b270 w_fea7fe6
79182024.jpg,new_whale w_a254eb0 w_3674103 w_4fb3c95 w_7554f44
79217217.jpg,new_whale w_32401f6 w_f3db3f1 w_29670e2 w_87050a3
7921d227.jpg,new_whale w_9b3ed01 w_0e7cb1c w_2b930da w_4a38a9f
79222980.jpg,new_whale w_34c4927 w_f803b29 w_4e52a49 w_e3bb130
7926fa0b.jpg,new_whale w_18eee6e w_29d2cec w_63db6f9 w_ad6edbe
7929e04c.jpg,new_whale w_844f032 w_f0a2e40 w_733f161 w_ebe0ad5
7935c9b0.jpg,new_whale w_acff672 w_4855bd3 w_63db6f9 w_f0612be
7936032a.jpg,new_whale w_ff1b64c w_c622a3f w_2fcb559 w_f83b1f9
7936d7d9.jpg,new_whale w_ab6db0f w_fba3bde w_2832e90 w_0e40867
7938af24.jpg,new_whale w_77e1ae3 w_8db45b7 w_c30959a w_f78c287
7938b893.jpg,new_whale w_8740039 w_330286e w_0652d70 w_ca0ec7c
7939394c.jpg,new_whale w_38e4aae w_5eda687 w_b729b1f w_32a920b
793a32d7.jpg,new_whale w_d51a79f w_452400e w_7e8b270 w_1287fbc
793b9ee9.jpg,new_whale w_096bc48 w_e3c119c w_72e70e5 w_0e737d0
793f643d.jpg,new_whale w_ee9c4d7 w_5ea3410 w_3650949 w_3bb210a
7943acec.jpg,new_whale w_87050a3 w_06a6351 w_da2efe0 w_f986587
79453cb8.jpg,new_whale w_6c803bf w_18eee6e w_d915632 w_17a2610
794739c6.jpg,new_whale w_17dc953 w_ef2f0f0 w_d3ce445 w_abe383e
7948b776.jpg,new_whale w_fea7fe6 w_efd3f81 w_361e290 w_c58b474
794b33da.jpg,new_whale w_1287fbc w_06a6351 w_a7d4668 w_17ee910
794bb3d9.jpg,new_whale w_f0f0dbb w_b0e05b1 w_73d5489 w_b688397
794bf37d.jpg,new_whale w_acff672 w_b96d4e0 w_6c8601e w_9b67e87
794f74d0.jpg,new_whale w_ae1db8a w_a01d903 w_4be8a3e w_56743d6
7959c190.jpg,new_whale w_75bac95 w_ac87f37 w_28cd742 w_b6410bc
795dd4b3.jpg,new_whale w_3d4900b w_e4d3ec3 w_ba1befb w_414a0d7
79618b7b.jpg,new_whale w_2d99a0c w_3aa2073 w_ef6e6a9 w_3f91e04
7961fbdd.jpg,new_whale w_898bb9a w_733f161 w_d6df554 w_65e519b
796584d5.jpg,new_whale w_1698c29 w_2b443f8 w_3f754d6 w_93f1362
79660261.jpg,new_whale w_87e00c8 w_0265cb6 w_3f90907 w_e158680
79692b34.jpg,new_whale w_3b0894d w_6e8486d w_932c8cd w_e61dd6d
796bbc26.jpg,new_whale w_853c1f7 w_7c7a78c w_800034f w_fba3bde
797125c7.jpg,new_whale w_7f6ce8e w_c0d494d w_09e0cbf w_98baff9
797966b9.jpg,new_whale w_ec38983 w_898bb9a w_0e4f53c w_8a31e6c
797bd0a3.jpg,new_whale w_31d3999 w_4f103de w_5f82501 w_9c5ed68
79842383.jpg,new_whale w_8ba2066 w_2c75202 w_e3c1ec4 w_18eee6e
798ddaed.jpg,new_whale w_6cb31c8 w_2658649 w_98baff9 w_0e737d0
79943bb6.jpg,new_whale w_95874a5 w_d9fdd15 w_b6689cc w_db3621e
7994a232.jpg,new_whale w_35453e0 w_ae07541 w_89317b0 w_62c3998
7996c735.jpg,new_whale w_c9e1cdc w_95874a5 w_bb2d34d w_1a5e7a2
799c44a7.jpg,new_whale w_a91b997 w_6710cf8 w_5e43abb w_78b325d
79a0d802.jpg,new_whale w_2d2de1d w_b4eeae6 w_22b8a16 w_cddb3f4
79a2141c.jpg,new_whale w_1eafe46 w_d36f58c w_a866824 w_95b6cc3
79a4e2b5.jpg,new_whale w_7e93962 w_b688397 w_2fdaa7f w_76ebad6
79a50ccc.jpg,new_whale w_3b3b9b2 w_4c9d3df w_813c5be w_49bbc79
79a54895.jpg,new_whale w_6d4dedc w_44cb3ee w_c39fceb w_3326396
79a62bd6.jpg,new_whale w_15928c6 w_2cdf820 w_d9aab0a w_b942708
79b9cb82.jpg,new_whale w_987a36f w_1948625 w_d89b29e w_dab33f6
79c2f785.jpg,new_whale w_408c5a7 w_3f907d6 w_c102acf w_6202983
79c65464.jpg,new_whale w_f02bf23 w_5c07f42 w_dff2982 w_2f283f3
79c98aad.jpg,new_whale w_4981cba w_3197568 w_4f248f3 w_4403803
79d649c6.jpg,new_whale w_2c0af5e w_fc622c0 w_f19faeb w_8ba2066
79d7bbf9.jpg,new_whale w_6598219 w_9d5f5cc w_60eba40 w_36eb0b1
79d816fe.jpg,new_whale w_648a9a8 w_45b90d9 w_fce6ab2 w_ce7c6c0
79d8d3b1.jpg,new_whale w_18eee6e w_3af4e73 w_fd07344 w_4d98ef7
79deb0ac.jpg,new_whale w_b0e05b1 w_7ba4b5a w_d2be6cc w_0e737d0
79e208df.jpg,new_whale w_78948b5 w_4d528e4 w_c6b1412 w_3061bdd
79e740c4.jpg,new_whale w_1eafe46 w_a21cc97 w_9ea2cc3 w_540fd73
79e7a703.jpg,new_whale w_7c9fd46 w_3c4062e w_930bc39 w_7c2d27c
79e9b730.jpg,new_whale w_bc68c30 w_8ec2960 w_87050a3 w_2d99a0c
79eab4a2.jpg,new_whale w_c3f9618 w_9989964 w_cbd271b w_25067c8
79eb3e4e.jpg,new_whale w_e64ad53 w_6ddbb81 w_60c5e7e w_54fc5b3
79f1d646.jpg,new_whale w_c0323f5 w_02c9470 w_99ad599 w_d3c8520
79f67d86.jpg,new_whale w_6d274b2 w_93bf889 w_17ee910 w_abe383e
79ffc07c.jpg,new_whale w_98baff9 w_19ca2c6 w_3fc3d07 w_0b3b659
7a028436.jpg,new_whale w_9b401eb w_c0d494d w_1287fbc w_ba39446
7a08794b.jpg,new_whale w_e64c9a6 w_73d5489 w_f0f0dbb w_2b939eb
7a08c09e.jpg,new_whale w_0d39a68 w_cf00b01 w_3b0894d w_dcb1f2a
7a0b7f6b.jpg,new_whale w_f438375 w_361e290 w_53951e6 w_d2be6cc
7a0d3770.jpg,new_whale w_d2be6cc w_59eb8ae w_18eee6e w_7bcc2d6
7a112801.jpg,new_whale w_6a78025 w_3cbccb7 w_08ddb50 w_c167245
7a11f5b1.jpg,new_whale w_dfd7ee8 w_1ae1386 w_43be268 w_b067417
7a126d57.jpg,new_whale w_e3f51ec w_1f2a32a w_41a79d7 w_11b993a
7a129b43.jpg,new_whale w_e15442c w_23526cb w_e1f55ad w_31d3999
7a15ab31.jpg,new_whale w_25fdcfb w_6710cf8 w_d6856ab w_b7a3e0a
7a16455b.jpg,new_whale w_3e1ba5b w_6865ccb w_38e4aae w_8d83172
7a16a20d.jpg,new_whale w_5d6786e w_71c7322 w_7d9642c w_b6886e5
7a1795e7.jpg,new_whale w_da0372d w_b9e00eb w_becdfdc w_5436d75
7a1ba673.jpg,new_whale w_2d99a0c w_98dcedd w_b8bfaf1 w_e62b5d8
7a1f9bbe.jpg,new_whale w_6865ccb w_3411b9f w_0beef28 w_4d528e4
7a23cf20.jpg,new_whale w_b70a0c4 w_3dd1a87 w_1f2a32a w_4a9ee0f
7a24239e.jpg,new_whale w_fba3bde w_a59905f w_cd88a48 w_ee17a08
7a270116.jpg,new_whale w_aeca19c w_883557a w_b074cdf w_9577f88
7a2b8779.jpg,new_whale w_26edeb8 w_fd1cb9d w_6af9dd7 w_cce912e
7a2e3841.jpg,new_whale w_44cccf6 w_da2efe0 w_89317b0 w_3b0894d
7a312440.jpg,new_whale w_6710cf8 w_e08089e w_2811cea w_d0b3293
7a329bee.jpg,new_whale w_0beef28 w_be9bf14 w_b17f9ea w_b7d5069
7a36f7a4.jpg,new_whale w_c352046 w_72c15c4 w_58a2388 w_2486665
7a370e46.jpg,new_whale w_8d83172 w_98b57a1 w_073f071 w_c4c8491
7a371004.jpg,new_whale w_57e8a80 w_4c9d3df w_0337aa5 w_3b0894d
7a3a59d4.jpg,new_whale w_2f07b15 w_8a2e496 w_0c6d50d w_eb0a6ed
7a502f7f.jpg,new_whale w_2eabd5a w_7276f4b w_ef99fe9 w_981a39b
7a5be11c.jpg,new_whale w_0408054 w_1287fbc w_b942708 w_87050a3
7a633209.jpg,new_whale w_53549df w_b96d4e0 w_ab4cae2 w_40323ac
7a6bc29f.jpg,new_whale w_3d0bc7a w_3fe1eb9 w_5624f08 w_97f5054
7a71147e.jpg,new_whale w_d4bc10d w_886257d w_39043c9 w_73d5489
7a715a08.jpg,new_whale w_6c803bf w_c95a0ea w_67de30b w_7cfaa82
7a7206ce.jpg,new_whale w_3411b9f w_8d46cef w_b588283 w_d94db94
7a723b4d.jpg,new_whale w_ee17a08 w_715d152 w_6418af0 w_d88328d
7a7d8ce0.jpg,new_whale w_5f43cde w_acc33ca w_7e4d894 w_d89b29e
7a81cd5d.jpg,new_whale w_2fe43c7 w_398aa7f w_9771603 w_f4fc8cc
7a82f197.jpg,new_whale w_20eb13c w_aef3680 w_f4fc8cc w_8bde95b
7a847c8d.jpg,new_whale w_ad87135 w_66c1b54 w_db474c7 w_989fbbb
7a88ca89.jpg,new_whale w_b0e05b1 w_0a97a25 w_ab4cae2 w_4e52a49
7a8de645.jpg,new_whale w_fb2b2c2 w_0fc4835 w_7c2d27c w_7c9fd46
7a8fde68.jpg,new_whale w_e53334f w_c167245 w_874cf52 w_a9f41fd
7a9880a7.jpg,new_whale w_7bcc2d6 w_6e8486d w_6c803bf w_aeaeeb5
7a99dc0b.jpg,new_whale w_9205d40 w_72dfe51 w_b5dd5bc w_010a1fa
7a9c7e6c.jpg,new_whale w_acff672 w_864cc78 w_1596a47 w_1dc66b7
7a9e954e.jpg,new_whale w_7554f44 w_0a91f24 w_b074cdf w_081dd6e
7aa0f7f3.jpg,new_whale w_4855bd3 w_bb2d34d w_778ee6e w_4378542
7aa1d41d.jpg,new_whale w_0e7cb1c w_9b401eb w_f843a8d w_9729e1e
7aa70b12.jpg,new_whale w_c9111ac w_d9fdd15 w_11adaae w_fba3bde
7ab295e8.jpg,new_whale w_3349c9d w_2f6ad07 w_f51b4bc w_e0e5c9e
7ab2a795.jpg,new_whale w_72dfe51 w_010a1fa w_697c72e w_b5dd5bc
7ab501cc.jpg,new_whale w_2725793 w_e64c9a6 w_66fb697 w_73d5489
7ab54eb4.jpg,new_whale w_5f82501 w_8044362 w_a58f64d w_f4224b9
7aba6bd5.jpg,new_whale w_34c4927 w_4e52a49 w_eb47189 w_ae07541
7ad0a8e6.jpg,new_whale w_0e737d0 w_dad56c9 w_7b5a630 w_2282bb8
7ad128f5.jpg,new_whale w_af67683 w_a91b997 w_9ec358c w_1e3ce01
7ad9c0bb.jpg,new_whale w_6af9dd7 w_511c464 w_43be268 w_9ca943b
7adc8282.jpg,new_whale w_97f5054 w_c0d494d w_e594616 w_f8e6546
7ade6a53.jpg,new_whale w_a3abc56 w_fc76ede w_826eb44 w_df21074
7ae531c5.jpg,new_whale w_b074cdf w_403f92f w_b9e00eb w_3674103
7ae593ed.jpg,new_whale w_5f6fb4e w_91b7c58 w_8329cea w_c1b685f
7ae65f18.jpg,new_whale w_d141590 w_e4616da w_6b82ccc w_dd086b2
7ae89a24.jpg,new_whale w_76ebad6 w_eab49b7 w_0cd401c w_f8e6546
7ae9945e.jpg,new_whale w_17ee910 w_95874a5 w_9ec358c w_97f5054
7af2d6dc.jpg,new_whale w_fc76ede w_1f6e1db w_54fc5b3 w_1e1a051
7afd474f.jpg,new_whale w_b7d5069 w_2f283f3 w_9d704ab w_fc7cc24
7afe2699.jpg,new_whale w_3326396 w_9d5f5cc w_6232813 w_b6c4efa
7b02cddb.jpg,new_whale w_f19faeb w_dbda0d6 w_6547e12 w_b7d5069
7b03445a.jpg,new_whale w_db2baec w_17370ba w_050bdac w_92be3ca
7b078d00.jpg,new_whale w_861cc1c w_4504167 w_01687a8 w_7c7a78c
7b08f0fc.jpg,new_whale w_98dcedd w_640f91d w_f8e6546 w_2c83e22
7b1414c7.jpg,new_whale w_2ce5ce2 w_8db45b7 w_0be0d81 w_2bba8c8
7b1b6e1f.jpg,new_whale w_dcb1f2a w_12cdfbd w_87050a3 w_44cccf6
7b1bc937.jpg,new_whale w_db474c7 w_44a6b62 w_7c7a78c w_68820e8
7b1cce35.jpg,new_whale w_434ad6a w_ab9fa59 w_ab6db0f w_8fab53d
7b1e0fe4.jpg,new_whale w_983829b w_1632307 w_5297ab3 w_69a9f72
7b20e51b.jpg,new_whale w_238bbbf w_3d0bc7a w_c352046 w_3e5069e
7b230f77.jpg,new_whale w_8f3cb68 w_9e1e818 w_b5144b0 w_9ca943b
7b23719e.jpg,new_whale w_09e0cbf w_14964c1 w_20848b7 w_18eee6e
7b26f5d2.jpg,new_whale w_f19faeb w_d6e5334 w_1e68ef5 w_a62f211
7b2f54d2.jpg,new_whale w_d19a884 w_19c29aa w_5fda054 w_8044362
7b3bac3d.jpg,new_whale w_2658649 w_e57b3ce w_f6bd6f8 w_0a565c5
7b44f7ce.jpg,new_whale w_83accca w_0b04c08 w_ab4cae2 w_3a9ee71
7b483ebd.jpg,new_whale w_1ecfe96 w_73b26b7 w_cf00b01 w_fd3ce71
7b48f6b3.jpg,new_whale w_309a2b3 w_32a920b w_38e4aae w_4a78bf2
7b5261da.jpg,new_whale w_73d5489 w_f438375 w_845f7ca w_9f1fafb
7b58ce33.jpg,new_whale w_7763134 w_98baff9 w_0e737d0 w_4b7b80b
7b5a0c26.jpg,new_whale w_effd0ea w_058547a w_06f0fd3 w_f0b4252
7b5ec3c5.jpg,new_whale w_104cc93 w_c17a537 w_dbf4e7f w_f369a80
7b6af631.jpg,new_whale w_6247b2e w_6e8486d w_95874a5 w_731e3aa
7b708961.jpg,new_whale w_fd1cb9d w_4f6fabd w_559ce61 w_414f402
7b7414a4.jpg,new_whale w_7554f44 w_654a5bb w_7e8b270 w_f8c3a63
7b7a3760.jpg,new_whale w_ad0d6ec w_4624237 w_73d5489 w_0fea5a3
7b89744c.jpg,new_whale w_0869575 w_fe87f0a w_fba3bde w_ca0ec7c
7b8bf000.jpg,new_whale w_5cc2285 w_b0e05b1 w_cc1f8bc w_fccb97a
7b8f3b94.jpg,new_whale w_9dc4181 w_a0149f9 w_f19faeb w_b9e00eb
7b8f9146.jpg,new_whale w_6badfcf w_913a2ad w_f792125 w_681dba6
7b952388.jpg,new_whale w_62f299e w_df092eb w_8d83172 w_d428980
7ba70ac6.jpg,new_whale w_551f5ca w_63d5016 w_09d7946 w_7e8b270
7baa93ae.jpg,new_whale w_02d7dc8 w_8fac7da w_0f92544 w_8b5885d
7baf63df.jpg,new_whale w_c9e1cdc w_3d0bc7a w_9771603 w_2d99a0c
7baf78c3.jpg,new_whale w_e0f1df1 w_8719b04 w_338d945 w_987a36f
7bb1c795.jpg,new_whale w_33e89be w_43be268 w_932c8cd w_c30959a
7bb9e942.jpg,new_whale w_6c803bf w_18eee6e w_54c00ad w_96b697f
7bbc9d88.jpg,new_whale w_0e4f53c w_ef52dd3 w_b280692 w_f8e6546
7bbec8af.jpg,new_whale w_d175300 w_b688397 w_20c671c w_affc813
7bc053c8.jpg,new_whale w_98baff9 w_9d83b4d w_a2f02c0 w_5b5a85d
7bc87ff1.jpg,new_whale w_d1917df w_dd52cfc w_837646b w_372909c
7bcb6df6.jpg,new_whale w_a71aa99 w_af890ad w_f3db3f1 w_20c671c
7bcc6bf6.jpg,new_whale w_7b770ec w_e6541e4 w_a533837 w_fa32440
7bccefb7.jpg,new_whale w_c133ea8 w_a59905f w_8b56cb1 w_cd88a48
7bcf5f6e.jpg,new_whale w_b0e05b1 w_14964c1 w_2f54c3c w_98baff9
7bd3181d.jpg,new_whale w_7419e4b w_df15cc8 w_3d0bc7a w_eb47189
7bd3e752.jpg,new_whale w_130508d w_df834bf w_e17c752 w_648a9a8
7bd748c7.jpg,new_whale w_48a98d7 w_cd1f1ed w_7c7a78c w_fba3bde
7bd8b3e8.jpg,new_whale w_c55c9cd w_43be268 w_f790728 w_8d46cef
7be03bb5.jpg,new_whale w_39d2684 w_6dbb861 w_cc5fae7 w_e09e886
7be3155a.jpg,new_whale w_41ec10a w_41ed8e8 w_1dd8e68 w_92e7841
7be33de1.jpg,new_whale w_2018f6c w_3b0894d w_43be268 w_540fd73
7be5b81d.jpg,new_whale w_57e8a80 w_408c5a7 w_b14007c w_94cd45e
7bf20793.jpg,new_whale w_48a98d7 w_55132a6 w_d0e5d1d w_91d9cd0
7bf36f43.jpg,new_whale w_b074cdf w_b7d5069 w_73d5489 w_93bf5f4
7bf4a206.jpg,new_whale w_98baff9 w_9c61d57 w_0e737d0 w_ab4cae2
7bf796f1.jpg,new_whale w_82c9c67 w_f0af1f8 w_680e011 w_964ce09
7bf7e077.jpg,new_whale w_0471bdf w_5f82501 w_5b99089 w_206742f
7bfd83bf.jpg,new_whale w_6c803bf w_313b78a w_540bf45 w_8b1cd49
7bffcbf1.jpg,new_whale w_41a79d7 w_a4b6a86 w_e02fe7b w_adc6e1b
7c057791.jpg,new_whale w_1c32062 w_9ea2cc3 w_16ad10e w_637f363
7c05adc5.jpg,new_whale w_dad23fa w_a22f338 w_37dd956 w_ee17a08
7c0981a1.jpg,new_whale w_014a645 w_a14a253 w_5297ab3 w_b1c44fe
7c1226a5.jpg,new_whale w_a71aa99 w_20c671c w_5c62a56 w_0e7cb1c
7c1351e3.jpg,new_whale w_662a132 w_3e1ba5b w_813c5be w_551f5ca
7c189c00.jpg,new_whale w_7419e4b w_c529cf1 w_41ed8e8 w_4e52a49
7c19e299.jpg,new_whale w_2e872af w_18a1bf2 w_1272a31 w_5a81425
7c1baa2b.jpg,new_whale w_ff2ca5c w_0e737d0 w_861cc1c w_b96d4e0
7c1cc2fa.jpg,new_whale w_6c803bf w_8b1cd49 w_49bbc79 w_7bda16b
7c22d7ef.jpg,new_whale w_c92b4f5 w_f86488a w_030294d w_38e4aae
7c291f9a.jpg,new_whale w_24ad46c w_56743d6 w_1fc14e9 w_38b1edd
7c2d067d.jpg,new_whale w_290f82b w_bdbec6c w_c3d523d w_8c1e2e4
7c2e8ecd.jpg,new_whale w_0de84f0 w_71c7322 w_4195fc3 w_e0efc4f
7c2fd440.jpg,new_whale w_44f0fa2 w_1274a11 w_aa16da4 w_ccbc782
7c350ca4.jpg,new_whale w_5f82501 w_7e8b270 w_2f54c3c w_c1b685f
7c3d870f.jpg,new_whale w_d89b29e w_95874a5 w_b3655a6 w_c9e1cdc
7c416765.jpg,new_whale w_3d4900b w_4e52a49 w_cae7677 w_b0e05b1
7c495980.jpg,new_whale w_c529cf1 w_38e4aae w_9db9ef5 w_92c7ace
7c4a1f35.jpg,new_whale w_773967d w_0e4f53c w_520d618 w_e147c40
7c524dff.jpg,new_whale w_d382236 w_2fe43c7 w_c30959a w_e62a48d
7c534354.jpg,new_whale w_6a78025 w_b95307d w_67de30b w_9ca943b
7c559b68.jpg,new_whale w_a048f26 w_54fc5b3 w_76ebad6 w_d141590
7c560d47.jpg,new_whale w_cb7b682 w_b14007c w_1e9d5c7 w_c4e71b6
7c5c1cd1.jpg,new_whale w_104cc93 w_99365b3 w_91faa95 w_d148982
7c6d41be.jpg,new_whale w_c0d494d w_fa32440 w_5b99089 w_b4ad62f
7c700d96.jpg,new_whale w_d4fa6f3 w_987a36f w_b34793e w_2a939eb
7c72d707.jpg,new_whale w_da2efe0 w_6ef68ed w_1287fbc w_44cccf6
7c756a82.jpg,new_whale w_0c6d50d w_9f718e8 w_699be3a w_2a32d3d
7c77d553.jpg,new_whale w_c4f3619 w_46a4137 w_96c6151 w_73cbacd
7c79efc7.jpg,new_whale w_4b7b80b w_c4cafb8 w_d10472d w_ab1c859
7c899479.jpg,new_whale w_c0d494d w_73b705e w_97f5054 w_654a5bb
7c8d0751.jpg,new_whale w_ead5d70 w_0acce53 w_8fec0dd w_42f935c
7c90326e.jpg,new_whale w_cd70e8b w_1a5beb9 w_1596a47 w_e1431ba
7c9477a0.jpg,new_whale w_94cd45e w_883b284 w_471cca4 w_bdbec6c
7c94e4fa.jpg,new_whale w_3fc3d07 w_86ff8a6 w_9605bf1 w_5cef366
7c992ed3.jpg,new_whale w_c39c56e w_fd9264d w_0103030 w_3b99025
7c9aaafa.jpg,new_whale w_0e737d0 w_778ee6e w_1e674e6 w_4b83ce2
7c9accad.jpg,new_whale w_984a3fa w_d96a0cd w_c3d523d w_aa16da4
7c9deede.jpg,new_whale w_eb9ab29 w_7de72c5 w_e53334f w_874cf52
7ca0596a.jpg,new_whale w_ddad87e w_2b8e175 w_7885601 w_674e03b
7ca52a6d.jpg,new_whale w_7311fe4 w_b074cdf w_7554f44 w_8c1ec28
7ca5f337.jpg,new_whale w_434ad6a w_d663f4f w_87050a3 w_8867074
7caebeb4.jpg,new_whale w_993d66c w_9b401eb w_2c0af5e w_d9aab0a
7caf445e.jpg,new_whale w_1beadba w_4f28a45 w_5021993 w_0793503
7cb07d35.jpg,new_whale w_8fab53d w_6c9aa21 w_d129902 w_9e22ded
7cb3096b.jpg,new_whale w_9d5f5cc w_36eb0b1 w_e02fe7b w_d3ce445
7cbc0853.jpg,new_whale w_b0e05b1 w_14964c1 w_3aa2073 w_886257d
7cbd7fc7.jpg,new_whale w_ba17206 w_98baff9 w_7554f44 w_b074cdf
7cbe5eb4.jpg,new_whale w_8e4abc9 w_964c1b3 w_f9d27ad w_79c30e7
7cc01ea9.jpg,new_whale w_28ce17c w_4b87cba w_4659acf w_ee94c57
7cc93995.jpg,new_whale w_fd1cb9d w_89e159a w_abe383e w_38e4aae
7ccd671f.jpg,new_whale w_20da4cf w_afc7d61 w_423e872 w_7ab1759
7cd03ca7.jpg,new_whale w_037955e w_269b090 w_db93738 w_a2a1378
7cd1936f.jpg,new_whale w_7c7a78c w_d22af00 w_6c803bf w_2fe43c7
7cd606d1.jpg,new_whale w_a524549 w_5cb5fc3 w_41fa033 w_cae7677
7cd6e393.jpg,new_whale w_71764b4 w_affdf5d w_fe49bc4 w_361e290
7cd8e528.jpg,new_whale w_c34afd7 w_309a2b3 w_286ec5f w_0087fdd
7cdb68b6.jpg,new_whale w_d02787f w_87050a3 w_20c671c w_0ead9d7
7cddf60a.jpg,new_whale w_c9dfa13 w_64f3545 w_9ca943b w_fc7cc24
7ce06c11.jpg,new_whale w_8c1dab2 w_b34793e w_2a939eb w_44cccf6
7ce2490f.jpg,new_whale w_92585eb w_9948a99 w_3fc3d07 w_41a79d7
7ce380f3.jpg,new_whale w_f022f78 w_ba39446 w_b678944 w_13c6b6b
7ce40239.jpg,new_whale w_dcb1f2a w_024358d w_b41e229 w_efd3f81
7ceb483b.jpg,new_whale w_09be3ad w_44237e0 w_826eb44 w_0d0ecfb
7cec1556.jpg,new_whale w_28cd742 w_25e2bc9 w_86b3f04 w_c0d494d
7cee2b9d.jpg,new_whale w_d9aab0a w_ffa7427 w_a913945 w_222dcb7
7cf31d75.jpg,new_whale w_733fe81 w_8fd5636 w_e158680 w_dc7c5a0
7cf5219b.jpg,new_whale w_60eba40 w_0dee306 w_e24a84d w_a80620a
7cf54fed.jpg,new_whale w_d663f4f w_dcb1f2a w_7e4d894 w_3b483d3
7cf83313.jpg,new_whale w_54fc5b3 w_65139e4 w_790c2aa w_6dbb861
7cfe8edd.jpg,new_whale w_e4616da w_9e7021b w_4e7fc3e w_fd1cb9d
7d0ad94b.jpg,new_whale w_8ba2066 w_7b035cc w_625a6a9 w_4e52a49
7d0adcbb.jpg,new_whale w_92d55a6 w_e594616 w_daeb296 w_42dd100
7d10fcb4.jpg,new_whale w_38e4aae w_853c1f7 w_b6689cc w_d9fdd15
7d142663.jpg,new_whale w_62c3998 w_c9e1cdc w_1a5e7a2 w_62f804d
7d16ef69.jpg,new_whale w_8fab53d w_853c1f7 w_d7de1ee w_0f84bf6
7d1744e1.jpg,new_whale w_b074cdf w_fea7fe6 w_4f248f3 w_6202983
7d175db0.jpg,new_whale w_8a1ab00 w_a66b2a5 w_da2efe0 w_41ed8e8
7d1d4037.jpg,new_whale w_c6439b8 w_0de84f0 w_eff7e35 w_8a997b8
7d20d32a.jpg,new_whale w_79185c2 w_0869575 w_d663f4f w_17e8554
7d276923.jpg,new_whale w_8bdc211 w_48dd419 w_aa16da4 w_61e1076
7d279529.jpg,new_whale w_59eb8ae w_1eafe46 w_d36f58c w_fd1cb9d
7d2ba2da.jpg,new_whale w_238bbbf w_69f4311 w_945aefe w_703e39b
7d3056d2.jpg,new_whale w_97768ee w_1eafe46 w_9a8684f w_532fb22
7d324905.jpg,new_whale w_11adaae w_0e30df6 w_3278f8c w_fa8b1ac
7d332169.jpg,new_whale w_e62a48d w_a59905f w_309a2b3 w_91e06de
7d37e100.jpg,new_whale w_1ae1386 w_8bde95b w_12cdfbd w_d663f4f
7d3c079e.jpg,new_whale w_2250fa9 w_7554f44 w_19a5685 w_2e4fecc
7d47bd0f.jpg,new_whale w_bb2d34d w_3fc3d07 w_977d881 w_65e519b
7d4b12fa.jpg,new_whale w_8db45b7 w_5f7c402 w_7419e4b w_3d66298
7d5e2202.jpg,new_whale w_718ce15 w_fc7cc24 w_5dd4772 w_987a36f
7d5ed04a.jpg,new_whale w_0408054 w_43be268 w_075aa6e w_6e8486d
7d6036c0.jpg,new_whale w_0cb6294 w_ddf0c2c w_1d84278 w_ab4cae2
7d65cd54.jpg,new_whale w_e54feba w_655bba3 w_17dc953 w_fba3bde
7d791d28.jpg,new_whale w_effd0ea w_98baff9 w_9c61d57 w_7e48479
7d7efdbb.jpg,new_whale w_01f8a43 w_8c1ec28 w_64a51a4 w_434ad6a
7d807459.jpg,new_whale w_e41fd4f w_886257d w_f21f2ec w_12cdfbd
7d852988.jpg,new_whale w_44cb3ee w_b55242e w_8397970 w_1306632
7d9394b3.jpg,new_whale w_43be268 w_d382236 w_8c1e2e4 w_c30959a
7d9d12c1.jpg,new_whale w_3745f59 w_1eafe46 w_71e6583 w_17e8554
7da3e1ae.jpg,new_whale w_d19a884 w_b8dff40 w_3674103 w_b7d5069
7da3f835.jpg,new_whale w_6c899ff w_0ee4d6d w_f4e0748 w_72a1cd8
7da86041.jpg,new_whale w_5010531 w_b9e00eb w_4b7b80b w_c352046
7da8c193.jpg,new_whale w_62f299e w_9ca943b w_b7d5069 w_43be268
7dad2968.jpg,new_whale w_7c943ab w_c07076c w_8c1ec28 w_88e679c
7db594d6.jpg,new_whale w_42dd100 w_e594616 w_217e78a w_901363f
7db5f7c4.jpg,new_whale w_73d5489 w_2eabd5a w_4be8a3e w_ef99fe9
7dc1f3bb.jpg,new_whale w_e449d3a w_e73c666 w_dd52cfc w_0f92544
7dc7aedc.jpg,new_whale w_43b50e5 w_da2efe0 w_95874a5 w_3f907d6
7dca2c1a.jpg,new_whale w_c133ea8 w_dcf2001 w_33973bf w_932c8cd
7dcc9789.jpg,new_whale w_ca8bfb4 w_bf31e4a w_adeee48 w_e09e886
7dcf340a.jpg,new_whale w_837646b w_4b95330 w_b624ed1 w_f8e6546
7dd061a3.jpg,new_whale w_d5ec83f w_97f5054 w_abe383e w_b6689cc
7dd9ce5b.jpg,new_whale w_a913945 w_883b284 w_91572bb w_c6823b1
7ddaa88f.jpg,new_whale w_2168ae2 w_a1114ee w_8ba2066 w_a06bdc4
7de19f19.jpg,new_whale w_98baff9 w_42f935c w_654a5bb w_693c9ee
7de2f5b1.jpg,new_whale w_4d358e5 w_cb05f37 w_76ebad6 w_0e4f53c
7de6944c.jpg,new_whale w_9dc4181 w_9434f0c w_ca8bfb4 w_0ea2545
7de7995c.jpg,new_whale w_33973bf w_d5ec83f w_62c3998 w_0d48a7d
7de88806.jpg,new_whale w_19f7a8b w_b9beaf5 w_9ca943b w_63035d1
7deadbb0.jpg,new_whale w_62f299e w_43be268 w_5fcee47 w_85b0d73
7debbc2a.jpg,new_whale w_5f0a14c w_de5b417 w_7029235 w_7240516
7decdf18.jpg,new_whale w_9d83b4d w_aa64cc1 w_f95ef7c w_3a94311
7ded76ac.jpg,new_whale w_db474c7 w_cd04e1c w_88e679c w_cae7677
7dede0a1.jpg,new_whale w_b7d5069 w_73d5489 w_fba3bde w_4b7b80b
7df16f58.jpg,new_whale w_9e4a26f w_98baff9 w_0e737d0 w_693c9ee
7df26242.jpg,new_whale w_f8e6546 w_5010531 w_6e120c4 w_b688397
7df4e80a.jpg,new_whale w_447643b w_55b1d69 w_99365b3 w_dbf4e7f
7dfaebf8.jpg,new_whale w_06ff732 w_9411f86 w_19ca2c6 w_0ac9006
7dfba9bc.jpg,new_whale w_a25caa9 w_4c25641 w_f0f0dbb w_d9adb4f
7e0152b2.jpg,new_whale w_fbce8b4 w_90f74ae w_530f87b w_367b996
7e09d43b.jpg,new_whale w_80b1c48 w_b074cdf w_1f00cb7 w_fa96a3d
7e111f0f.jpg,new_whale w_9ceb05d w_fd07344 w_9ea2cc3 w_8f593d4
7e186cd2.jpg,new_whale w_8b1ca89 w_fe19618 w_987a36f w_2be1c9c
7e1e226a.jpg,new_whale w_4c3cd83 w_3745f59 w_7c7a78c w_7f6ce8e
7e1e76bf.jpg,new_whale w_4b18498 w_b678944 w_09c1e0b w_3f907d6
7e1f2820.jpg,new_whale w_ba39446 w_1287fbc w_b942708 w_e964ae8
7e25ee11.jpg,new_whale w_2ea9744 w_11adaae w_773509f w_63035d1
7e2967bb.jpg,new_whale w_4848a3c w_fa32440 w_9bcb0f8 w_d382236
7e2fe6f6.jpg,new_whale w_87050a3 w_9875c12 w_7538a4c w_9ea2cc3
7e331d06.jpg,new_whale w_41fa033 w_7554f44 w_94c6edb w_2669d75
7e3a8fc4.jpg,new_whale w_da2efe0 w_59349ea w_17ee910 w_b001dbe
7e3c3189.jpg,new_whale w_c35b3ae w_c11932e w_cae7677 w_eb0a6ed
7e3e90f3.jpg,new_whale w_95aad92 w_1969a9d w_9151503 w_3d187b5
7e4ccba8.jpg,new_whale w_dcb1f2a w_b6886e5 w_dcf2001 w_62c3998
7e4eca37.jpg,new_whale w_af890ad w_0bc712b w_ec87420 w_f6fb689
7e57e457.jpg,new_whale w_1eafe46 w_0652d70 w_aa7e5f4 w_0b3b659
7e5a2a3d.jpg,new_whale w_2071a4c w_c6823b1 w_fe49bc4 w_dbda0d6
7e5a3de2.jpg,new_whale w_eff7e35 w_f8e6546 w_76ebad6 w_e8c4623
7e5d1284.jpg,new_whale w_53859b2 w_40323ac w_0bc1db0 w_18eee6e
7e7091e9.jpg,new_whale w_3aa2073 w_d141590 w_f8e6546 w_03b5e9a
7e74530e.jpg,new_whale w_ce425e5 w_d141590 w_e6ec8ee w_1632307
7e762a6f.jpg,new_whale w_6c803bf w_1a70685 w_fba3bde w_1ac4c38
7e7a8639.jpg,new_whale w_4fd48e7 w_2071a4c w_511c464 w_d9aab0a
7e816210.jpg,new_whale w_90f74ae w_3f2a05c w_2e4fecc w_2c6fe6f
7e82a699.jpg,new_whale w_17ee910 w_8c1e2e4 w_71c7322 w_59786da
7e87ece8.jpg,new_whale w_83df8d5 w_0bc712b w_f6722e7 w_e6f5e09
7e8d1ec9.jpg,new_whale w_62f299e w_419226b w_bdbec6c w_1eafe46
7e8fed53.jpg,new_whale w_6fcceaf w_d3ce445 w_2850471 w_d434526
7e95b9b9.jpg,new_whale w_2a32d3d w_5acfa65 w_376a413 w_9b6b87d
7e9d4e6f.jpg,new_whale w_fae3939 w_3136deb w_5f8b9b9 w_403f92f
7ea03396.jpg,new_whale w_0a97a25 w_987a36f w_aeaeeb5 w_c94f464
7ea452c7.jpg,new_whale w_5ea3410 w_8397970 w_4f0b7d9 w_b55242e
7ea4c74f.jpg,new_whale w_c053b99 w_0626e4d w_3d8c865 w_5f8b9b9
7eaa2a99.jpg,new_whale w_3b8b9c7 w_4b7b80b w_961ba76 w_24212f5
7eaccd6b.jpg,new_whale w_8db45b7 w_2bba8c8 w_8eb63b7 w_b5383b5
7ec2c595.jpg,new_whale w_944f496 w_d88328d w_e3caa40 w_fd1cb9d
7ec5794c.jpg,new_whale w_7918071 w_83df8d5 w_8c605d2 w_dd52cfc
7ec7f33e.jpg,new_whale w_17370ba w_232e5bd w_afef556 w_9db9ef5
7ed1a9ab.jpg,new_whale w_414a0d7 w_dcb1f2a w_2832e90 w_d2be6cc
7edf9484.jpg,new_whale w_9875c12 w_69e1d0a w_6f2de72 w_14c8f15
7ee2c880.jpg,new_whale w_223cebd w_bb2d34d w_d5ec83f w_4c9d3df
7ee3de52.jpg,new_whale w_552a16e w_f438375 w_e61dd6d w_2fe43c7
7ee58f6d.jpg,new_whale w_8c605d2 w_d58a303 w_b2b74f0 w_fe95ab8
7eebad92.jpg,new_whale w_4a069df w_aa16da4 w_3f907d6 w_67fecca
7eede9d8.jpg,new_whale w_7ae398c w_1af5d59 w_861cc1c w_9a8684f
7eef235f.jpg,new_whale w_dfd3f5e w_0e7cb1c w_430766d w_4a38a9f
7eefb619.jpg,new_whale w_7523d74 w_e59294d w_b074cdf w_b0e05b1
7ef63a80.jpg,new_whale w_851a7f4 w_8a31e6c w_898bb9a w_c622a3f
7f03e2bb.jpg,new_whale w_2a18a44 w_18eee6e w_9ea2cc3 w_be3c0f5
7f0a57e6.jpg,new_whale w_e38b2c7 w_14c8f15 w_61e1076 w_b1f6e70
7f0a5c6c.jpg,new_whale w_98baff9 w_b9e00eb w_243e33e w_3ed4763
7f0b6c80.jpg,new_whale w_78a4639 w_aed8c22 w_d663f4f w_f8aacbd
7f0dca3b.jpg,new_whale w_01d6ca0 w_99ad599 w_b9cfdfe w_af6c7e2
7f0f005c.jpg,new_whale w_fce6ab2 w_2ac83b0 w_2e4fecc w_8c1ec28
7f11727e.jpg,new_whale w_87e8446 w_d94db94 w_0d733a5 w_dd52cfc
7f16c886.jpg,new_whale w_22fa4ad w_e73c666 w_f763429 w_5ae47d9
7f180ff4.jpg,new_whale w_3039e7a w_3e5069e w_2d99a0c w_999275d
7f18e3ae.jpg,new_whale w_28ce17c w_1a70685 w_7c7a78c w_2d99a0c
7f1b9071.jpg,new_whale w_3f90907 w_4c9d3df w_4e52a49 w_eb47189
7f209f64.jpg,new_whale w_90f74ae w_09558d4 w_3f2a05c w_3136deb
7f214eac.jpg,new_whale w_6cb31c8 w_98baff9 w_fce6ab2 w_b074cdf
7f22dd69.jpg,new_whale w_06ff732 w_f81c626 w_afbc2d1 w_243e33e
7f297c92.jpg,new_whale w_47f29cd w_79b42cd w_31d3999 w_b9f5b8b
7f316683.jpg,new_whale w_96b697f w_11ca856 w_18eee6e w_1eafe46
7f34a490.jpg,new_whale w_c102acf w_ab6bb0a w_3c2ec7a w_c00534d
7f35e607.jpg,new_whale w_a1e017f w_381c6aa w_9f638d8 w_e98432b
7f3b271e.jpg,new_whale w_fd1cb9d w_38e4aae w_f031837 w_6af9dd7
7f3e5221.jpg,new_whale w_361e290 w_dbda0d6 w_d52bc74 w_93bf889
7f3ed146.jpg,new_whale w_bc18612 w_8ba2066 w_ab6db0f w_8103039
7f40d547.jpg,new_whale w_408c5a7 w_4a074b8 w_40323ac w_81b402a
7f46db19.jpg,new_whale w_6fcceaf w_79b42cd w_2db01d5 w_1287fbc
7f46ea39.jpg,new_whale w_0fce9a3 w_a89920b w_3d66298 w_559ce61
7f48832c.jpg,new_whale w_553bb6e w_8db45b7 w_d4251cb w_8eb63b7
7f4b57d4.jpg,new_whale w_2d963bb w_2216a46 w_1272a31 w_80e649e
7f4c8967.jpg,new_whale w_eff7e35 w_54fc5b3 w_4b7b80b w_1e1a051
7f50dd5b.jpg,new_whale w_2e4fecc w_7faebe3 w_df834bf w_55c9a3b
7f51b446.jpg,new_whale w_89317b0 w_ae07541 w_4114553 w_662a132
7f52e7fa.jpg,new_whale w_eab49b7 w_81ff1c5 w_f774c8b w_87050a3
7f53b158.jpg,new_whale w_48a98d7 w_d9fdd15 w_3039e7a w_4ebeafb
7f573663.jpg,new_whale w_3d187b5 w_08f1502 w_1969a9d w_79b42cd
7f5be726.jpg,new_whale w_7caa4fe w_cce0444 w_67fecca w_dbda0d6
7f5e5a28.jpg,new_whale w_96c6151 w_0df2bde w_6badfcf w_f792125
7f5ece24.jpg,new_whale w_1a70685 w_516bedb w_d5ec83f w_6dc88a6
7f696d7e.jpg,new_whale w_156c0db w_64433af w_e8ae8c1 w_3b483d3
7f6cb3d6.jpg,new_whale w_23526cb w_6d17527 w_2e4fecc w_18eee6e
7f71d3e5.jpg,new_whale w_c9eb806 w_46e45e6 w_441bd21 w_f774c8b
7f720ce1.jpg,new_whale w_71c7322 w_540fd73 w_71764b4 w_fe49bc4
7f744053.jpg,new_whale w_968f2ca w_b074cdf w_e9ac2a8 w_63fc906
7f74b2f8.jpg,new_whale w_b80a9c5 w_8e92baa w_49bbc79 w_d037229
7f74fbfd.jpg,new_whale w_d19a884 w_19c29aa w_5fda054 w_8044362
7f7619df.jpg,new_whale w_11adaae w_308bd26 w_1a70685 w_cd1f1ed
7f78a5b1.jpg,new_whale w_9ea2cc3 w_59eb8ae w_9ca943b w_bbf20b4
7f7a3014.jpg,new_whale w_9411f86 w_feab6f3 w_19ca2c6 w_0ac9006
7f7afb9c.jpg,new_whale w_961ba76 w_0e737d0 w_74de378 w_e59294d
7f8c7c0e.jpg,new_whale w_987a36f w_6c803bf w_89e451c w_778ee6e
7f8f5a11.jpg,new_whale w_3de676c w_49bbc79 w_abc2eda w_a2633d4
7f9029fa.jpg,new_whale w_778ee6e w_79d4855 w_e2bf793 w_bb2d34d
7f90d10a.jpg,new_whale w_5021993 w_d224115 w_136337c w_5d0666e
7f91c51b.jpg,new_whale w_0f84bf6 w_1e45a47 w_21e178f w_ab1c859
7f9561d4.jpg,new_whale w_2fcb559 w_7cca153 w_f93d780 w_f178867
7f95b119.jpg,new_whale w_3aa2073 w_837646b w_b6410bc w_f8e6546
7f9a7b54.jpg,new_whale w_cff28c4 w_7db10cc w_62c3998 w_be4d5b8
7f9f8626.jpg,new_whale w_3c2ec7a w_bd61ca9 w_e63fbbe w_c0d1701
7f9fc3be.jpg,new_whale w_a59905f w_a2a1378 w_67599af w_b0362e2
7fa1227d.jpg,new_whale w_3d0bc7a w_1aea445 w_c751211 w_9ec358c
7fa1be66.jpg,new_whale w_f0d8be1 w_5810973 w_b96d4e0 w_b6410bc
7fa4cc8e.jpg,new_whale w_51df6ac w_d663f4f w_8464638 w_1ae1386
7fa99f8d.jpg,new_whale w_ec853f1 w_dd52cfc w_a3a65b3 w_3e6a161
7fb09955.jpg,new_whale w_5bdb7c2 w_0da589d w_8e92130 w_6202983
7fb78f81.jpg,new_whale w_01cbcbf w_ee22376 w_2cb8996 w_3c7b2e6
7fbefd40.jpg,new_whale w_449503f w_3172910 w_e3f7187 w_1eafe46
7fdea404.jpg,new_whale w_77607b5 w_3db53dc w_2ffed9c w_1c69443
7fdffb15.jpg,new_whale w_43e45b6 w_125095f w_9ff699b w_6cb31c8
7fe3dbb2.jpg,new_whale w_bc93297 w_69e88da w_f19faeb w_4427216
7fe603c7.jpg,new_whale w_53e9072 w_eaeb1f0 w_9065f2e w_f460394
7fe7b7df.jpg,new_whale w_86113c4 w_95874a5 w_6e42b8e w_0d39a68
7ff01ddd.jpg,new_whale w_fbcb6e4 w_861cc1c w_22bcbd6 w_89e159a
800677dd.jpg,new_whale w_dfbfe10 w_98baff9 w_e3c119c w_693c9ee
8008ccb5.jpg,new_whale w_11f6df1 w_9ea2cc3 w_53baa9b w_c9dfa13
800e1416.jpg,new_whale w_6c803bf w_3d0bc7a w_b6886e5 w_c9e1cdc
8012a979.jpg,new_whale w_7554f44 w_87782a0 w_b074cdf w_5d732da
8015cc46.jpg,new_whale w_76ebad6 w_b9e00eb w_af9a47a w_7cca153
80170906.jpg,new_whale w_95aad92 w_a524549 w_73d5489 w_b1a4f29
802455cc.jpg,new_whale w_5297ab3 w_837646b w_a93c8f9 w_7028d77
8025072c.jpg,new_whale w_0a565c5 w_2f283f3 w_c068ed3 w_2658649
802bdcd2.jpg,new_whale w_67de30b w_fd1cb9d w_17136dc w_a59905f
802f22ee.jpg,new_whale w_5b2bb99 w_26edeb8 w_ef2f0f0 w_71c7322
8030b09b.jpg,new_whale w_e0799da w_693c9ee w_1274a11 w_98baff9
80411f61.jpg,new_whale w_b0e05b1 w_693c9ee w_13f8407 w_5d86f98
8045d8a8.jpg,new_whale w_ed8a846 w_b329c00 w_98baff9 w_d49402a
804876f5.jpg,new_whale w_c0d494d w_993d66c w_e3c119c w_e93d181
804c69aa.jpg,new_whale w_3db53dc w_ae0ab55 w_9b67e87 w_4ec7c66
804d7cc5.jpg,new_whale w_51969d2 w_5007db3 w_2ffed9c w_ff70408
804fdd64.jpg,new_whale w_f792125 w_b6410bc w_8c605d2 w_1d2fbc1
8051910a.jpg,new_whale w_62ec01b w_ff39e03 w_0bc712b w_dd52cfc
805662a0.jpg,new_whale w_d9aab0a w_da2efe0 w_f6e5eca w_c9e1cdc
806175d1.jpg,new_whale w_33b9360 w_9ec358c w_516bedb w_c9e1cdc
80648d9f.jpg,new_whale w_4fb3c95 w_5966fff w_0b04c08 w_e57b3ce
8066c6d0.jpg,new_whale w_e826a6f w_dbda0d6 w_c3d523d w_eb0a6ed
8066e25a.jpg,new_whale w_5612fed w_3d2724b w_14970b4 w_c103b25
806a584d.jpg,new_whale w_93dcf76 w_5f47726 w_ead305f w_3ca387d
806ede72.jpg,new_whale w_637f363 w_89f463f w_fd1cb9d w_4a7080a
80715b80.jpg,new_whale w_c9e1cdc w_d9fdd15 w_e61dd6d w_3e1ba5b
807293e7.jpg,new_whale w_ab4cae2 w_a254eb0 w_b074cdf w_693c9ee
8074930f.jpg,new_whale w_248af0b w_33b9360 w_3af4e73 w_932c8cd
8078b20c.jpg,new_whale w_010a1fa w_895007f w_87050a3 w_19e8a2d
807971a9.jpg,new_whale w_49bbc79 w_1a70685 w_1ecfe96 w_dfbfe10
807ba8fd.jpg,new_whale w_886257d w_cae7677 w_67de30b w_0ead9d7
807c467b.jpg,new_whale w_d96c946 w_096bc48 w_b88a8d8 w_8a66718
807c8c97.jpg,new_whale w_b5144b0 w_3d8c865 w_2fd73d9 w_90f74ae
80856bdd.jpg,new_whale w_37bd99a w_57186e5 w_4863ed9 w_1948625
8088a4e8.jpg,new_whale w_0f92544 w_5374a4c w_5d96ba4 w_02c9470
8088e11e.jpg,new_whale w_9ea2cc3 w_f7fed13 w_1eafe46 w_b074cdf
808d09fa.jpg,new_whale w_86113c4 w_09d7946 w_95874a5 w_21a1bdb
8092e11b.jpg,new_whale w_2fd73d9 w_3ae3603 w_c2ea3f0 w_0819271
80b6ce75.jpg,new_whale w_ee9c4d7 w_5ea3410 w_3650949 w_3bb210a
80bd1739.jpg,new_whale w_7484196 w_4b7b80b w_ab4cae2 w_8cf18ac
80be49fd.jpg,new_whale w_4c2d259 w_17411dd w_f1396bd w_701972b
80c4e925.jpg,new_whale w_27fc5d3 w_4a17405 w_d22af00 w_73d5489
80c606ec.jpg,new_whale w_afc7d61 w_75378d3 w_c3aaa3a w_1911cbb
80d029bf.jpg,new_whale w_1272a31 w_a3c6ed0 w_8114b1b w_7885601
80d1cd31.jpg,new_whale w_fd587bc w_4bf5a06 w_aeca19c w_19ca2c6
80d3685d.jpg,new_whale w_0a97a25 w_9875c12 w_d9adb4f w_7538a4c
80d7f3fa.jpg,new_whale w_f0f0dbb w_c9dfa13 w_dbda0d6 w_43966a3
80d88a24.jpg,new_whale w_e94a3b2 w_f53deac w_0d48a7d w_b96c08e
80e13e42.jpg,new_whale w_b942708 w_243e33e w_f178867 w_741861e
80e9e797.jpg,new_whale w_3674103 w_ab4cae2 w_8c1ec28 w_6202983
80ed3ae7.jpg,new_whale w_361e290 w_4403803 w_3f365f3 w_9ceb05d
80f3f626.jpg,new_whale w_0faef4d w_b5144b0 w_ce7c6c0 w_7049d9f
80f5ccd9.jpg,new_whale w_788b689 w_741861e w_6375873 w_53549df
80f8115d.jpg,new_whale w_64783fe w_9f718e8 w_d4bc10d w_d62128e
80fa5cea.jpg,new_whale w_e0799da w_ac05864 w_95dd5d2 w_18df014
80fc97c9.jpg,new_whale w_ab9fa59 w_92c6140 w_7b035cc w_434ad6a
81008b69.jpg,new_whale w_d234e6b w_3d4900b w_7028d77 w_b0e05b1
81072584.jpg,new_whale w_fea7fe6 w_c58b474 w_6202983 w_c30959a
81086553.jpg,new_whale w_73d5489 w_efebfe8 w_b0e05b1 w_7e8b270
811baed7.jpg,new_whale w_206e903 w_fd1cb9d w_e3caa40 w_944f496
811e6f9c.jpg,new_whale w_966e86e w_338b130 w_a58f64d w_6249f5d
811fc90f.jpg,new_whale w_18eee6e w_6361632 w_4b7b80b w_db9dd51
81232d97.jpg,new_whale w_fe054f3 w_35063ed w_5010531 w_b0e05b1
8123b89f.jpg,new_whale w_73d5489 w_3947b78 w_414a0d7 w_a01d903
8127c7f1.jpg,new_whale w_338b130 w_dfacbe7 w_31446aa w_e17c752
8129219c.jpg,new_whale w_f5a2610 w_1596a47 w_4d528e4 w_d1d8f98
812d8d91.jpg,new_whale w_559ce61 w_38efc2d w_e3b236d w_8bde95b
813a40bb.jpg,new_whale w_3af4e73 w_5a5c560 w_2850471 w_4b7b80b
813cb64b.jpg,new_whale w_6c803bf w_a91b997 w_b4369cc w_d915632
813fc646.jpg,new_whale w_515d21d w_86ff8a6 w_78f2e92 w_f478955
814029ad.jpg,new_whale w_aa16da4 w_b9c9129 w_02bb4cf w_813c5be
815482f3.jpg,new_whale w_b4ad62f w_70a31ce w_06a6351 w_95874a5
8154eceb.jpg,new_whale w_a700fc9 w_fd1cb9d w_b34793e w_4659acf
81556ead.jpg,new_whale w_c9dfa13 w_9d704ab w_a3dfe32 w_43be268
8176732a.jpg,new_whale w_9434f0c w_31d3999 w_ca8bfb4 w_a7f847f
8178675a.jpg,new_whale w_a59905f w_80c692d w_7049d9f w_9ea2cc3
817a1bf1.jpg,new_whale w_eec1133 w_94e1ed4 w_28fa29e w_711aaa1
817e9de4.jpg,new_whale w_18eee6e w_63db6f9 w_9ec358c w_b6d09e6
81804ac2.jpg,new_whale w_95874a5 w_813c5be w_18a854b w_38efc2d
8181fd2e.jpg,new_whale w_aae82f8 w_f801078 w_b80a9c5 w_2d99a0c
818408d3.jpg,new_whale w_19dc50f w_33973bf w_6132293 w_076c122
81848424.jpg,new_whale w_f83b1f9 w_f50ee01 w_898bb9a w_143b201
818d1f7b.jpg,new_whale w_b932b22 w_7f199c6 w_0ead9d7 w_6556c5c
819999f7.jpg,new_whale w_222dcb7 w_1287fbc w_dff77b6 w_b5e3076
81a23200.jpg,new_whale w_1287fbc w_2f6ad07 w_b282692 w_4e52a49
81abebe8.jpg,new_whale w_d5ec83f w_97f5054 w_abe383e w_b6689cc
81b31ad7.jpg,new_whale w_e826a6f w_dbda0d6 w_c027e4e w_bb6afc8
81b6757f.jpg,new_whale w_60eba40 w_25fdcfb w_89dcef1 w_3050553
81b6a010.jpg,new_whale w_430849b w_1a29ba5 w_30d8376 w_c1e8594
81bae29d.jpg,new_whale w_2ea9744 w_aae82f8 w_4c9d3df w_4fdaa2a
81bf48d9.jpg,new_whale w_c4f3619 w_759b647 w_9ceb05d w_3ee3d16
81c42ba8.jpg,new_whale w_70daaba w_c8728f4 w_f19faeb w_367b996
81ca572b.jpg,new_whale w_8db45b7 w_17cb04d w_5f7c402 w_32a920b
81ca627a.jpg,new_whale w_fd1cb9d w_29fc831 w_1dff010 w_8201aa8
81ccb33b.jpg,new_whale w_15db29f w_7c7a78c w_77e1ae3 w_2dae424
81ce2c4f.jpg,new_whale w_e826a6f w_540fd73 w_a837660 w_22bb9b3
81cf8057.jpg,new_whale w_0d049cf w_3f8f5aa w_1ec267f w_2d99a0c
81d2b98e.jpg,new_whale w_3f91e04 w_0f92544 w_5d96ba4 w_3bb210a
81d9bebe.jpg,new_whale w_f02bf23 w_9ca943b w_a14ccaa w_43be268
81e36336.jpg,new_whale w_6202983 w_434ad6a w_7554f44 w_471cca4
81e546ab.jpg,new_whale w_654a5bb w_5f82501 w_aa16da4 w_6202983
81e62bee.jpg,new_whale w_6dbb861 w_93bf889 w_790c2aa w_2168906
81edde01.jpg,new_whale w_b074cdf w_2fdf63b w_7554f44 w_02b775b
81f30531.jpg,new_whale w_54b0844 w_ab1c859 w_e6ec8ee w_b4732ef
81f3ca75.jpg,new_whale w_9b401eb w_a2f5cc0 w_fa32440 w_c00534d
81ff4af7.jpg,new_whale w_518129a w_3320e76 w_0d48a7d w_87e8446
820047db.jpg,new_whale w_7324cf5 w_eb0a6ed w_a5f7fce w_b04d4f1
8200a690.jpg,new_whale w_d02787f w_eb39613 w_c0d494d w_7554f44
8207feb8.jpg,new_whale w_e3b2cfa w_b4369cc w_9ceb05d w_fe49bc4
8208a367.jpg,new_whale w_8968506 w_98baff9 w_4b7b80b w_f19faeb
820a1239.jpg,new_whale w_6dbb861 w_57c8da9 w_c167245 w_d7de1ee
820be618.jpg,new_whale w_f22f3e3 w_ee17a08 w_7c7a78c w_7028d77
8215b230.jpg,new_whale w_cfe35d4 w_c39fceb w_55d6c4f w_987a36f
8216f4f9.jpg,new_whale w_ddbf533 w_987a36f w_861cc1c w_7759db0
8217cbe3.jpg,new_whale w_179ffe3 w_9205d40 w_009dc00 w_eb34c4d
821a3739.jpg,new_whale w_bc68c30 w_434195c w_0d48a7d w_f64658b
821babf2.jpg,new_whale w_ad1d93b w_0e4f53c w_73d5489 w_3aa2073
821d0431.jpg,new_whale w_fba3bde w_987a36f w_67de30b w_5646ae9
8222dcfb.jpg,new_whale w_e21741a w_f19faeb w_faa4239 w_41f0a7e
82244bbe.jpg,new_whale w_a7ac222 w_43b50e5 w_5557280 w_540fd73
8224c1d0.jpg,new_whale w_37dd956 w_3fdab94 w_48a98d7 w_bc8d634
82263555.jpg,new_whale w_3039e7a w_b6c4efa w_4fd48e7 w_d8384bf
82270e7b.jpg,new_whale w_f4fc8cc w_7e49f1e w_5af463d w_3d66298
82296fad.jpg,new_whale w_47f29cd w_ca5abbb w_1e4e7a4 w_45b90d9
822affbe.jpg,new_whale w_7c8620c w_735d8a4 w_f81c626 w_c30959a
822b0668.jpg,new_whale w_d7de1ee w_88d11b1 w_dbda0d6 w_7763134
822edfb8.jpg,new_whale w_fba3bde w_fb8ca1e w_4ebeafb w_6bea436
822f3373.jpg,new_whale w_4659acf w_d663f4f w_ace5d0c w_009dc00
8232e150.jpg,new_whale w_b4eeae6 w_8ab8687 w_c3ff6f2 w_93dcf76
82344338.jpg,new_whale w_7fc15e6 w_505a141 w_bcf23a8 w_2b28681
8234ac42.jpg,new_whale w_b4ad62f w_3f365f3 w_f4844e7 w_9ceb05d
82365e58.jpg,new_whale w_df15cc8 w_dcb1f2a w_21e178f w_429e9ad
823921c1.jpg,new_whale w_6202983 w_fb4d1f1 w_e69cef0 w_fd07344
823d94ed.jpg,new_whale w_5f82501 w_8044362 w_a58f64d w_a254eb0
82422673.jpg,new_whale w_b939998 w_3f5e7fc w_5fda054 w_b074cdf
8249f4b1.jpg,new_whale w_6863829 w_419d308 w_b604c18 w_c06dd6e
824bc5d5.jpg,new_whale w_826eb44 w_85cdd9b w_7b442c4 w_1632307
824f6b84.jpg,new_whale w_e826a6f w_dbda0d6 w_c027e4e w_bb6afc8
825076d2.jpg,new_whale w_f438375 w_b96d4e0 w_bc62c0e w_8ba2066
82583151.jpg,new_whale w_771374c w_540fd73 w_f83b1f9 w_6d17527
825ff399.jpg,new_whale w_7257028 w_5bc5e63 w_c9dc73e w_57c8da9
826832b9.jpg,new_whale w_1274a11 w_dbaa2b1 w_fbcb6e4 w_853c1f7
826afd52.jpg,new_whale w_6c3d086 w_43be268 w_02facde w_4e52a49
826fac90.jpg,new_whale w_41da937 w_fba3bde w_9771603 w_43be268
82759284.jpg,new_whale w_99ad599 w_af6c7e2 w_ecbf9fa w_b6410bc
827692e4.jpg,new_whale w_a4d37d5 w_91faa95 w_edf5f77 w_c6f1bff
82778caf.jpg,new_whale w_53859b2 w_f3db3f1 w_e7f8e67 w_5c62a56
827b658d.jpg,new_whale w_8963cff w_cae7677 w_5dc538d w_f02bf23
827e47a7.jpg,new_whale w_9b401eb w_69df882 w_5d335c3 w_1287fbc
828022ca.jpg,new_whale w_a526492 w_d22af00 w_1d970c9 w_a18d0dc
8282df9c.jpg,new_whale w_bb2d34d w_075aa6e w_b6886e5 w_56bbc91
8284b1ea.jpg,new_whale w_0fa8587 w_fc76ede w_fae3939 w_6dbb861
828539ab.jpg,new_whale w_1e5a146 w_91572bb w_56f9abb w_92585eb
8285bea1.jpg,new_whale w_39043c9 w_0f8b515 w_0e40867 w_d4bc10d
8288978c.jpg,new_whale w_59eb8ae w_1c32062 w_9ca943b w_1eafe46
828f0d1e.jpg,new_whale w_90f74ae w_b70a0c4 w_b5d8846 w_3dd1a87
828fdfb4.jpg,new_whale w_1e3ce01 w_71764b4 w_741861e w_4e52a49
8290266e.jpg,new_whale w_1287fbc w_5e04db0 w_896d91c w_601b6d4
829d71e7.jpg,new_whale w_ce29d2a w_5f82501 w_42f935c w_206742f
829dceee.jpg,new_whale w_a074c7e w_d0b237f w_a59075f w_9ea2cc3
829fc557.jpg,new_whale w_c2474a2 w_b688397 w_98baff9 w_25d7f93
82a984e5.jpg,new_whale w_a19eecd w_d47e2e3 w_fd1cb9d w_0da589d
82aca676.jpg,new_whale w_f1396bd w_ce29d2a w_7ad249d w_1272a31
82b07645.jpg,new_whale w_5f50b5e w_3f91e04 w_8fab53d w_f8e6546
82b4fe2f.jpg,new_whale w_51df6ac w_cae7677 w_b47a4a1 w_0d48a7d
82b8ed04.jpg,new_whale w_64783fe w_eb0a6ed w_f8e6546 w_1dd8e68
82c20991.jpg,new_whale w_a155149 w_d224115 w_3fc3d07 w_136ab04
82c626ff.jpg,new_whale w_05567a9 w_fd1cb9d w_b7d5069 w_ef2f0f0
82c7196f.jpg,new_whale w_06a6351 w_a155149 w_1287fbc w_c0d494d
82ca69b2.jpg,new_whale w_fe49bc4 w_7c7a78c w_43be268 w_bc9dc37
82d15fe1.jpg,new_whale w_7dee51b w_42f935c w_6202983 w_5f82501
82d3ce3b.jpg,new_whale w_6635a97 w_2039053 w_58cb087 w_64f3545
82d5e745.jpg,new_whale w_d5ec83f w_f64658b w_71e6583 w_66c1b54
82d6d437.jpg,new_whale w_69df882 w_21a1bdb w_f8024be w_de3cab3
82d7d0d9.jpg,new_whale w_f81c626 w_3fc3d07 w_f790728 w_977d881
82d826b0.jpg,new_whale w_ead305f w_fb2c3fb w_6d17527 w_f792125
82da40f9.jpg,new_whale w_18eee6e w_6c803bf w_9ec358c w_fba3bde
82ddb63c.jpg,new_whale w_419226b w_b6c4efa w_96b697f w_1dff010
82df6521.jpg,new_whale w_0f92544 w_b7fe199 w_983829b w_91b7c58
82e07abb.jpg,new_whale w_3136deb w_2658649 w_70715c1 w_76106aa
82e1d246.jpg,new_whale w_9989964 w_9948a99 w_73c9ba2 w_7e8b270
82ecd924.jpg,new_whale w_3de676c w_5624f08 w_49bbc79 w_0d39a68
82f4284c.jpg,new_whale w_7c44934 w_67599af w_d22af00 w_a59905f
82f53be8.jpg,new_whale w_18eee6e w_dfbfe10 w_b6689cc w_dff77b6
82fecd0e.jpg,new_whale w_dcb1f2a w_e59294d w_1c3e5da w_2d99a0c
8301b1b7.jpg,new_whale w_4e54fac w_1eafe46 w_993d66c w_a837660
830311a0.jpg,new_whale w_3ee3d16 w_1dd8e68 w_9205d40 w_6f211a9
8303ceae.jpg,new_whale w_5b99089 w_c0d494d w_c00534d w_7554f44
83099ea0.jpg,new_whale w_530f87b w_bb2c317 w_43be268 w_f3b63ba
830cf8e1.jpg,new_whale w_999275d w_b588283 w_2d99a0c w_44f0fa2
830d45a1.jpg,new_whale w_b1f6e70 w_0337aa5 w_987a36f w_fd1cb9d
830ecfb0.jpg,new_whale w_18eee6e w_7fc15e6 w_d2be6cc w_c9e1cdc
830ed619.jpg,new_whale w_5f9fd41 w_a837660 w_7311fe4 w_61d516e
831a97b2.jpg,new_whale w_1c69443 w_599d0df w_425da9a w_6c8601e
8323998e.jpg,new_whale w_8db45b7 w_7049d9f w_ef2f0f0 w_59786da
832ce464.jpg,new_whale w_6438b7d w_a59905f w_4659acf w_9ea2cc3
833160cc.jpg,new_whale w_d465e44 w_7c943ab w_4fdaa2a w_434ad6a
8334ff79.jpg,new_whale w_62ca7c8 w_4e52a49 w_4785de7 w_1fd0d0e
833563d5.jpg,new_whale w_d88328d w_02bb4cf w_41ed8e8 w_4e52a49
83379226.jpg,new_whale w_89317b0 w_9ea2cc3 w_778ee6e w_434ad6a
8337eb89.jpg,new_whale w_17370ba w_7386509 w_3694c7d w_ee17a08
83381a4b.jpg,new_whale w_05ec84e w_fd218ba w_ef67a6c w_b0a5c8d
833a29b4.jpg,new_whale w_684ca15 w_da9f45c w_5a1b758 w_dace6e9
833c406d.jpg,new_whale w_966e86e w_6b45921 w_997582c w_fd587bc
833d5a9e.jpg,new_whale w_1eafe46 w_7b5a630 w_1a62e1f w_53f79bc
833d6432.jpg,new_whale w_f81e77a w_c27d036 w_d663f4f w_51969d2
833e8a2c.jpg,new_whale w_8a31e6c w_6ddbb81 w_eb39613 w_c622a3f
833f5164.jpg,new_whale w_6b82ccc w_b8bfaf1 w_64783fe w_f8e6546
8347f621.jpg,new_whale w_ae07541 w_5dbe64d w_eb47189 w_a2660fd
834dc8b9.jpg,new_whale w_ea6651e w_3a94311 w_5982299 w_ce7c6c0
83529f86.jpg,new_whale w_6d4dedc w_d014794 w_507e610 w_90201e3
835508f7.jpg,new_whale w_69e1d0a w_693c9ee w_f6fb689 w_ab4cae2
8356a040.jpg,new_whale w_a837660 w_b4732ef w_95b6cc3 w_5d06bc3
8356f75a.jpg,new_whale w_3e4bb3f w_94e1ed4 w_fd07344 w_540fd73
83594e9e.jpg,new_whale w_3bb210a w_0f92544 w_3f91e04 w_3b0894d
835d6093.jpg,new_whale w_0b04c08 w_b074cdf w_7e8b270 w_7554f44
835dc7e6.jpg,new_whale w_97f5054 w_c0d494d w_dc89c4c w_1000f90
8360decb.jpg,new_whale w_861cc1c w_cb38960 w_8397970 w_2356a6d
83683595.jpg,new_whale w_95874a5 w_813c5be w_18a854b w_38efc2d
83686b72.jpg,new_whale w_95874a5 w_0408054 w_42dd100 w_18eee6e
836bd168.jpg,new_whale w_d141590 w_945aefe w_dcb1f2a w_f5fd7ef
836c80f0.jpg,new_whale w_9146eae w_06ff732 w_2663598 w_38158d6
836f8397.jpg,new_whale w_1c32062 w_6202983 w_c90feaa w_8c1ec28
83735f48.jpg,new_whale w_434ad6a w_4195fc3 w_47d2bc6 w_e3b2cfa
8373e18c.jpg,new_whale w_7214e98 w_40e3ee7 w_b8dff40 w_7c8620c
8376a344.jpg,new_whale w_a687e28 w_dfbfe10 w_b6886e5 w_5ffa454
837874e2.jpg,new_whale w_338d945 w_4114553 w_dcb1f2a w_3c304db
8379da3c.jpg,new_whale w_32037e2 w_db2baec w_fa32440 w_b6ae946
837cb0cb.jpg,new_whale w_2dc2ef2 w_db5cc79 w_5dc1c2d w_ee948c6
837e515e.jpg,new_whale w_9948a99 w_f19faeb w_80b1c48 w_b074cdf
837fd5a8.jpg,new_whale w_0d60fdd w_5ae47d9 w_22fa4ad w_8a816b1
8380d897.jpg,new_whale w_70e49bc w_7ae398c w_8397970 w_0f96780
8384c3a3.jpg,new_whale w_1287fbc w_70a31ce w_c6be61e w_43b50e5
838731d9.jpg,new_whale w_549fbeb w_9b401eb w_ff1b64c w_c00534d
8388564d.jpg,new_whale w_adb041c w_a1fe45d w_966e86e w_db93738
838a65f4.jpg,new_whale w_da2efe0 w_cef690d w_40323ac w_f02bf23
838ee52e.jpg,new_whale w_3076d8c w_6202983 w_e02fe7b w_0b7e949
838f7643.jpg,new_whale w_bb2d34d w_fd07344 w_02facde w_d663f4f
83992e13.jpg,new_whale w_0869575 w_44f0fa2 w_7a2dfd7 w_3c7b2e6
839b9f3e.jpg,new_whale w_17e8554 w_0a97a25 w_18eee6e w_e86cf21
839e1345.jpg,new_whale w_9122179 w_773509f w_f6e5eca w_dad23fa
83a0d1dc.jpg,new_whale w_2dc2ef2 w_2658649 w_9412d1b w_64433af
83a2305d.jpg,new_whale w_ca55545 w_3c27f42 w_fd1cb9d w_0740d28
83a901da.jpg,new_whale w_07abdff w_dfec7a3 w_18eee6e w_1ac4c38
83a9bc78.jpg,new_whale w_e449d3a w_c3ff6f2 w_3b483d3 w_d141590
83af3e82.jpg,new_whale w_3d187b5 w_77aca60 w_1e68ef5 w_480b2d4
83b01f67.jpg,new_whale w_89973e5 w_a2a1378 w_7e728d8 w_7e8b270
83b5a8b1.jpg,new_whale w_0f9166e w_e30e97f w_dd52cfc w_0f92544
83b9f8d7.jpg,new_whale w_93dcf76 w_39d2684 w_cc5fae7 w_8044362
83c652a0.jpg,new_whale w_bb2d34d w_307065e w_95874a5 w_6d05f7f
83c6fc40.jpg,new_whale w_54fc5b3 w_eff7e35 w_c6439b8 w_f8e6546
83d06cb9.jpg,new_whale w_7427ace w_c4c00ed w_86113c4 w_a22f338
83d0a0e3.jpg,new_whale w_19212f0 w_23d3b1c w_bd5cf0a w_6485cd4
83d6e7c2.jpg,new_whale w_741861e w_be32bec w_5f5ef4e w_b7d5069
83d90f93.jpg,new_whale w_eb47189 w_92be3ca w_cf00b01 w_0d39a68
83d96634.jpg,new_whale w_b074cdf w_d5293a1 w_2071a4c w_977d881
83dddacf.jpg,new_whale w_235b156 w_50db782 w_02d5fad w_4b7b80b
83de4dec.jpg,new_whale w_e15442c w_ed5a7c6 w_fc76ede w_f0fc693
83e609ee.jpg,new_whale w_0265cb6 w_e158680 w_ee17a08 w_87e00c8
83e8838f.jpg,new_whale w_8b15b96 w_fe424c3 w_0e4f53c w_2b4da16
83efa9e9.jpg,new_whale w_932c8cd w_4a78bf2 w_8d46cef w_4790f64
83f19c60.jpg,new_whale w_2957331 w_813c5be w_987a36f w_41ed8e8
83f49532.jpg,new_whale w_9875c12 w_bb2d34d w_414a0d7 w_7538a4c
83fceb8a.jpg,new_whale w_1e45a47 w_987a36f w_e4df90a w_1eafe46
84025995.jpg,new_whale w_2d99a0c w_8d46cef w_5c0e858 w_44f0fa2
8406467e.jpg,new_whale w_63d1ea6 w_69e88da w_efd3f81 w_ab4cae2
8408cc3e.jpg,new_whale w_fea7fe6 w_056be75 w_480b2d4 w_6202983
8409508c.jpg,new_whale w_4ec48a9 w_96fd936 w_0beef28 w_bd6e2dd
840a592d.jpg,new_whale w_70715c1 w_528e753 w_2658649 w_fc76ede
840ff826.jpg,new_whale w_4fd48e7 w_7de72c5 w_4af3e4e w_b4eeae6
841408a9.jpg,new_whale w_8a816b1 w_1632307 w_1aa512b w_5ae47d9
841ad4e7.jpg,new_whale w_e15442c w_ca8bfb4 w_4a074b8 w_f6bd6f8
841b8ee2.jpg,new_whale w_654a5bb w_693c9ee w_72e70e5 w_735ce7d
8424a079.jpg,new_whale w_2071a4c w_dbda0d6 w_d19a884 w_a8335f2
842a4597.jpg,new_whale w_8717ef3 w_d642d4e w_ca8bfb4 w_7e8b270
8438ab2b.jpg,new_whale w_cd88a48 w_2e4fecc w_0e737d0 w_2c6fe6f
843c6ef8.jpg,new_whale w_9845f16 w_302af0a w_7f1f728 w_7eb2c7c
84424193.jpg,new_whale w_fe19618 w_8b1ca89 w_693c9ee w_b7d5069
8458b1a7.jpg,new_whale w_361e290 w_c0d494d w_73b705e w_5b99089
845a7580.jpg,new_whale w_c6be61e w_fe6f08d w_1a5e7a2 w_b95307d
845bc91e.jpg,new_whale w_0d39a68 w_cf00b01 w_3b0894d w_dcb1f2a
846778e6.jpg,new_whale w_309a2b3 w_67de30b w_fd1cb9d w_20eb13c
84687110.jpg,new_whale w_36eb0b1 w_279b255 w_54c00ad w_1c432e7
846ddff7.jpg,new_whale w_697c72e w_d20befa w_ee948c6 w_17411dd
847272e7.jpg,new_whale w_b9e00eb w_290f82b w_eb39613 w_b0e05b1
84728e5c.jpg,new_whale w_18a854b w_8e92baa w_34c4927 w_4c9d3df
8478cda8.jpg,new_whale w_238a4ad w_0caa554 w_c167245 w_53dbf9d
847ffdf5.jpg,new_whale w_1489751 w_a646643 w_60c5e7e w_71e851f
848631ff.jpg,new_whale w_62ca7c8 w_98baff9 w_f6bca7a w_9b6b87d
848759e9.jpg,new_whale w_6c23fcc w_6c99c53 w_af890ad w_2658649
8489f453.jpg,new_whale w_98baff9 w_8fab53d w_0e737d0 w_77e1ae3
8495ae89.jpg,new_whale w_b70a0c4 w_3fcb80e w_90f74ae w_3fc3d07
8497633d.jpg,new_whale w_f6fb689 w_71e6583 w_b942708 w_38a3f72
8498e6a9.jpg,new_whale w_4d358e5 w_ee948c6 w_9205d40 w_302af0a
849bd880.jpg,new_whale w_12f2352 w_bf8c3d2 w_8c1dab2 w_adc6e1b
849cea0e.jpg,new_whale w_43eea34 w_4855bd3 w_3cf3853 w_3694c7d
849f237b.jpg,new_whale w_3f91e04 w_8c23123 w_97f5054 w_e2920e1
84a7428d.jpg,new_whale w_3061bdd w_8d83172 w_43eea34 w_ea2385d
84a787d4.jpg,new_whale w_cd70e8b w_8f1946f w_1596a47 w_ccca0db
84ac83d7.jpg,new_whale w_89e159a w_048f7a9 w_9023f3b w_e8778ce
84ae3a20.jpg,new_whale w_db474c7 w_41901e5 w_4fb3c95 w_97f5054
84af8c30.jpg,new_whale w_c98f439 w_cd88a48 w_89973e5 w_93bf889
84b386a9.jpg,new_whale w_12c3d3d w_91f80eb w_8fab53d w_0c93f94
84bd30e4.jpg,new_whale w_1287fbc w_9d48bcf w_b942708 w_a3dbc8f
84d1034e.jpg,new_whale w_b8dff40 w_18eee6e w_f81c626 w_63db6f9
84db2c94.jpg,new_whale w_0d049cf w_1dd8e68 w_9b804bd w_64f3545
84db812f.jpg,new_whale w_f3b63ba w_00fbb4e w_06ff732 w_4cff2f8
84de6b5a.jpg,new_whale w_58c3bf9 w_13c6b6b w_9ca943b w_2cdf820
84e0649f.jpg,new_whale w_18eee6e w_fd07344 w_6c803bf w_9ec358c
84e10b1c.jpg,new_whale w_1eafe46 w_1904e8c w_979a6ef w_aeca19c
84e13dfb.jpg,new_whale w_b6d4901 w_da2efe0 w_2cdf820 w_d9aab0a
84e24f01.jpg,new_whale w_e0f1df1 w_8719b04 w_338d945 w_987a36f
84f17eca.jpg,new_whale w_0e9f6d9 w_dff2982 w_d382236 w_ab6db0f
84f429df.jpg,new_whale w_d9adb4f w_b8dff40 w_5a2075e w_1c32062
84f90bce.jpg,new_whale w_b9e00eb w_4d4bd72 w_3c4062e w_4b7b80b
84fee11b.jpg,new_whale w_471cca4 w_9c5ed68 w_b678944 w_c3ff6f2
8501e16c.jpg,new_whale w_b0e05b1 w_9e22ded w_b7fe199 w_98baff9
850ad7fe.jpg,new_whale w_1af5d59 w_52b06b1 w_e3f7187 w_79071e8
850dcee4.jpg,new_whale w_0f96780 w_2f6a962 w_8d46cef w_62f804d
850df56a.jpg,new_whale w_0c42dba w_37374fa w_25fdcfb w_a67a1bc
850e658c.jpg,new_whale w_18df014 w_02b775b w_c57623d w_ab4cae2
8516cad5.jpg,new_whale w_b6886e5 w_33973bf w_19dc50f w_49bbc79
85177e9d.jpg,new_whale w_a59905f w_66c1b54 w_18eee6e w_9ea2cc3
851f4e34.jpg,new_whale w_eb44149 w_c3d523d w_79185c2 w_86b9dfd
851fe634.jpg,new_whale w_85cdd9b w_8a7b9c8 w_5bdcd94 w_130508d
85204ab9.jpg,new_whale w_c133ea8 w_06972d2 w_f81c626 w_d2be6cc
85226380.jpg,new_whale w_fa96a3d w_cece268 w_b721e96 w_f3e948c
8527135d.jpg,new_whale w_3d4900b w_da63cba w_0f8b515 w_eb0a6ed
85298234.jpg,new_whale w_e63fbbe w_7e8b270 w_69e7dab w_6202983
852a33cd.jpg,new_whale w_2d2d7fe w_530f87b w_0dee306 w_60eba40
852a5af4.jpg,new_whale w_63db6f9 w_637f363 w_4659acf w_d663f4f
852c019e.jpg,new_whale w_fc7cc24 w_e1431ba w_718ce15 w_fd1cb9d
852c1bc5.jpg,new_whale w_d02787f w_73d5489 w_7538a4c w_94e071d
852d5aa6.jpg,new_whale w_35ffe80 w_4be8a3e w_4b16688 w_0bc712b
852fdcdd.jpg,new_whale w_57c14db w_1489751 w_e8ae8c1 w_964c1b3
8530ecb3.jpg,new_whale w_3d66298 w_ee9c4d7 w_1b1c4f1 w_0beef28
85327616.jpg,new_whale w_540fd73 w_a21cc97 w_53951e6 w_d9adb4f
8532f092.jpg,new_whale w_330286e w_3d8c865 w_d642d4e w_b14007c
853355be.jpg,new_whale w_1eafe46 w_fe49bc4 w_361e290 w_8c1ec28
8535de25.jpg,new_whale w_4659acf w_e156c87 w_1dff010 w_38158d6
8542fb24.jpg,new_whale w_a41d931 w_c4c8491 w_8db45b7 w_693c9ee
85454888.jpg,new_whale w_9d9913a w_654a5bb w_aa16da4 w_48dd419
85492343.jpg,new_whale w_aeca19c w_2e4fecc w_883557a w_18df014
854df6df.jpg,new_whale w_62f299e w_a59905f w_853c1f7 w_a3cd405
855546ed.jpg,new_whale w_e126028 w_39b22d9 w_eb0a6ed w_4a074b8
8555bb32.jpg,new_whale w_fd1cb9d w_cd88a48 w_43be268 w_53064a6
855a0976.jpg,new_whale w_bb2d34d w_8c1e2e4 w_b6689cc w_abe383e
855ad3c6.jpg,new_whale w_0de84f0 w_fc76ede w_fb72090 w_9577f88
855b5ce3.jpg,new_whale w_18df014 w_8507226 w_ab1c859 w_57c8da9
855c27fe.jpg,new_whale w_6710cf8 w_5a8e397 w_d2be6cc w_62f804d
855c7f20.jpg,new_whale w_d7d60f9 w_3297a52 w_adc6e1b w_49c9417
8562b6fb.jpg,new_whale w_5b672ea w_2c75202 w_d2be6cc w_ab6db0f
85641036.jpg,new_whale w_6cb31c8 w_e8c35dc w_95b6cc3 w_8f50a1f
8564c5f6.jpg,new_whale w_bb2d34d w_b0e05b1 w_4c9d3df w_dfbfe10
8567b792.jpg,new_whale w_7bdfc11 w_cb38960 w_d96a0cd w_b426ff3
8575e0d1.jpg,new_whale w_42f935c w_03b5e9a w_83e0203 w_081dd6e
8576f04e.jpg,new_whale w_024358d w_f183341 w_eb9ab29 w_d3ce445
857821d3.jpg,new_whale w_cae7677 w_d141590 w_3f43888 w_cd01afb
857c82d8.jpg,new_whale w_8a438a4 w_77aca60 w_15d7ecf w_83714b7
857f155e.jpg,new_whale w_9947243 w_fd1cb9d w_71f6bc5 w_a5c5f2d
8585640f.jpg,new_whale w_18eee6e w_3cf3853 w_d2be6cc w_c1b3568
8585e756.jpg,new_whale w_5c07f42 w_ee17a08 w_aa16da4 w_b7d5069
8590e5de.jpg,new_whale w_c167245 w_55c9a3b w_338b130 w_6232813
8597e474.jpg,new_whale w_f8c3a63 w_7554f44 w_66c1b54 w_ff7630a
8599b5eb.jpg,new_whale w_dd76ce2 w_014a645 w_6fa41e8 w_a232f9e
859be59b.jpg,new_whale w_6202983 w_e3b2cfa w_e02fe7b w_73321ab
859ceb0e.jpg,new_whale w_4b7b80b w_f8e6546 w_e59294d w_2168906
85a55a3f.jpg,new_whale w_9605bf1 w_c3d523d w_b7d5069 w_62f804d
85a5d038.jpg,new_whale w_33909b8 w_232e5bd w_13c6b6b w_cc1f8bc
85aaec1f.jpg,new_whale w_2196938 w_e64ad53 w_777f59a w_4fd48e7
85ad2200.jpg,new_whale w_da2efe0 w_4ebeafb w_59349ea w_7b035cc
85afb6bd.jpg,new_whale w_2d99a0c w_42f935c w_ab6bb0a w_aae82f8
85b19c77.jpg,new_whale w_556df30 w_3b0894d w_c3aaa3a w_98413c8
85be292e.jpg,new_whale w_e05ee50 w_0e737d0 w_096bc48 w_98baff9
85c2ae15.jpg,new_whale w_c9e1cdc w_e082823 w_18eee6e w_9b67e87
85c2bdf9.jpg,new_whale w_1287fbc w_66c1b54 w_c0d494d w_17ee910
85cedfbe.jpg,new_whale w_1eafe46 w_b7d5069 w_7e8b270 w_5817e08
85d133dc.jpg,new_whale w_a2660fd w_dfbfe10 w_9ba1eee w_aed6a9a
85d624f0.jpg,new_whale w_503ff17 w_a31aa30 w_1a70685 w_5f0a14c
85e9fa06.jpg,new_whale w_4f248f3 w_ab4cae2 w_c7f1975 w_8e55648
85ef16b0.jpg,new_whale w_71c7322 w_398aa7f w_0e737d0 w_a22afc6
85ef4a80.jpg,new_whale w_27b9e86 w_de2c79f w_fd1cb9d w_5af7a9c
85efe040.jpg,new_whale w_4ce0510 w_c1e8594 w_cc3a724 w_cf7eebd
85f32fee.jpg,new_whale w_9caed77 w_303518a w_8bdc211 w_79c30e7
85f75637.jpg,new_whale w_af6c7e2 w_14964c1 w_e41f2fa w_cae7677
85fd9e2a.jpg,new_whale w_74de378 w_5f215db w_67fecca w_5ad2030
86034752.jpg,new_whale w_8c957e0 w_2bea4c4 w_3d66298 w_e156c87
8608562b.jpg,new_whale w_ccb4adc w_5297ab3 w_e41f2fa w_ddbf533
8617f647.jpg,new_whale w_7554f44 w_515d21d w_17dc953 w_1c32062
8626b114.jpg,new_whale w_a494171 w_d6df554 w_88e5933 w_a13ada3
862735a2.jpg,new_whale w_6ae1eaf w_53951e6 w_0408054 w_c9e1cdc
8628014e.jpg,new_whale w_5e25f9f w_9151503 w_4195fc3 w_693c9ee
862927a7.jpg,new_whale w_944f496 w_50729c4 w_62f804d w_1e3ce01
86334414.jpg,new_whale w_156c0db w_64f3545 w_b6410bc w_7e8b270
86352e6d.jpg,new_whale w_41ed8e8 w_e3b2cfa w_ab1c859 w_48dd419
863589d3.jpg,new_whale w_d915632 w_b6886e5 w_8b56cb1 w_5d6786e
86370f86.jpg,new_whale w_20c671c w_29670e2 w_f3db3f1 w_f0a2e40
863775d0.jpg,new_whale w_667833e w_0e4f53c w_1dd8e68 w_ee948c6
863c18d8.jpg,new_whale w_3aa2073 w_fd1cb9d w_7852bd1 w_f8e6546
8640ae4e.jpg,new_whale w_b939998 w_3f5e7fc w_5fda054 w_b074cdf
8640f60b.jpg,new_whale w_c3d523d w_4f248f3 w_fea7fe6 w_f19faeb
8648516b.jpg,new_whale w_02facde w_a4f77bd w_026fdf8 w_987a36f
864b2324.jpg,new_whale w_8f50a1f w_0e737d0 w_b074cdf w_2e4fecc
864cbb48.jpg,new_whale w_8a98ddb w_b4ad62f w_9e1e818 w_6547e12
864cc022.jpg,new_whale w_d8384bf w_11adaae w_53f79bc w_f3bd33a
86511a1f.jpg,new_whale w_84398be w_dd90e0a w_53064a6 w_dad23fa
8651beb5.jpg,new_whale w_1dd8e68 w_7eb2c7c w_0e7cb1c w_4953ce7
865eadee.jpg,new_whale w_18eee6e w_a59905f w_5d6786e w_6c803bf
866a24fe.jpg,new_whale w_92d55a6 w_dfbfe10 w_bb2d34d w_ba8c7bc
866c968f.jpg,new_whale w_89e159a w_7e49f1e w_f4fc8cc w_abe383e
8673f3ab.jpg,new_whale w_cf669dc w_d141590 w_99ad599 w_6b82ccc
867a2389.jpg,new_whale w_522ba14 w_2c75202 w_3e4bb3f w_d9adb4f
867b6d4e.jpg,new_whale w_c27d036 w_51969d2 w_e74980b w_2fe43c7
8683cf73.jpg,new_whale w_f83b1f9 w_e64c9a6 w_b0e05b1 w_7dc3fae
8684a3fc.jpg,new_whale w_7b035cc w_d89b29e w_773509f w_59349ea
86873f25.jpg,new_whale w_7554f44 w_0b04c08 w_73d5489 w_5966fff
868a32a4.jpg,new_whale w_073f071 w_8fd5636 w_219e33c w_3eaef21
868c1fdc.jpg,new_whale w_e430ce0 w_fd1cb9d w_f314558 w_b7d5069
86901daa.jpg,new_whale w_f8cd6b6 w_b0e05b1 w_b7fe199 w_f19faeb
869b642e.jpg,new_whale w_9e1e818 w_73d5489 w_0f16be3 w_376a413
86a04133.jpg,new_whale w_6132293 w_3f90907 w_7cc620b w_12f2352
86a1b85f.jpg,new_whale w_89e451c w_9ca943b w_d8e752e w_b41e229
86a5b42e.jpg,new_whale w_31d3999 w_8044362 w_8148b95 w_6b45921
86b4e7d3.jpg,new_whale w_f5771d1 w_1000f90 w_243e33e w_02d5fad
86b52866.jpg,new_whale w_c133ea8 w_43b50e5 w_2832e90 w_17ee910
86b6ef02.jpg,new_whale w_fab0b50 w_6719a5b w_21e178f w_2356a6d
86ba1096.jpg,new_whale w_98baff9 w_db93738 w_37374fa w_ba5336c
86bff9df.jpg,new_whale w_540bf45 w_7759db0 w_8b1cd49 w_2cdf820
86c68144.jpg,new_whale w_44cccf6 w_17d5eb9 w_c9e1cdc w_2d99a0c
86c71589.jpg,new_whale w_ea9b531 w_e826a6f w_ab4cae2 w_0e737d0
86c72d96.jpg,new_whale w_6c803bf w_1743d93 w_7185713 w_fba3bde
86c7d89e.jpg,new_whale w_7918071 w_17e592c w_0c8a724 w_80d95d6
86cb7df2.jpg,new_whale w_ace8c54 w_3061bdd w_3af4e73 w_71c7322
86cceae7.jpg,new_whale w_15427c3 w_38bcd3e w_8044362 w_57c14db
86ce0dca.jpg,new_whale w_721d2e9 w_861cc1c w_6202983 w_b0e05b1
86daf9b9.jpg,new_whale w_0b04c08 w_1235317 w_e826a6f w_dbda0d6
86e511e3.jpg,new_whale w_7538a4c w_dff2982 w_d382236 w_414f402
86e5331e.jpg,new_whale w_1c432e7 w_8158b1f w_52c8684 w_96c6151
86e65458.jpg,new_whale w_fae3939 w_893ccb4 w_ba63af5 w_fce6ab2
86e76aeb.jpg,new_whale w_4be373e w_7e8b270 w_0c6dbbe w_2ac6dd5
86e99a41.jpg,new_whale w_b280692 w_60ad873 w_7b5d0f0 w_e0e5c9e
86f275e3.jpg,new_whale w_030294d w_b9e116f w_2c83e22 w_0740d28
86f52ca8.jpg,new_whale w_96b697f w_62f299e w_def505e w_2f283f3
86f92068.jpg,new_whale w_ef6e6a9 w_af6c7e2 w_64783fe w_1dd8e68
86fdfc2a.jpg,new_whale w_b4369cc w_fe49bc4 w_05b2ddd w_3745f59
870d0739.jpg,new_whale w_7234b3d w_21dfc18 w_540fd73 w_f6fb689
870e12c0.jpg,new_whale w_008c602 w_acff672 w_1596a47 w_dbaa2b1
871dd793.jpg,new_whale w_89d9c03 w_9ca943b w_3061bdd w_7c7a78c
8722a51e.jpg,new_whale w_48a98d7 w_bb2c317 w_0c70bc3 w_88f57d0
8722ba34.jpg,new_whale w_c9e1cdc w_3d0bc7a w_18eee6e w_587d2e3
8730d1fa.jpg,new_whale w_6f211a9 w_35ffe80 w_c663985 w_8c23123
87316b73.jpg,new_whale w_3dd210a w_af9a47a w_71bfc77 w_76ebad6
8733eb2d.jpg,new_whale w_ca8bfb4 w_e09e886 w_7248590 w_5f82501
87371d91.jpg,new_whale w_279b255 w_88b5d47 w_b197b5c w_5557280
8737f1b0.jpg,new_whale w_9872479 w_b4ad62f w_0e96943 w_ace34dc
87395f8b.jpg,new_whale w_a4678de w_80d95d6 w_73c9ba2 w_29670e2
874012f3.jpg,new_whale w_c11932e w_1dd8e68 w_ebe0ad5 w_4c4c001
874029cc.jpg,new_whale w_65139e4 w_b68d041 w_693c9ee w_69e88da
87428e86.jpg,new_whale w_38158d6 w_d7d60f9 w_3297a52 w_49c9417
87450596.jpg,new_whale w_3f91e04 w_54fc5b3 w_ab6bb0a w_12c3d3d
87496cf1.jpg,new_whale w_33e89be w_9ec358c w_a59905f w_24212f5
874e23b6.jpg,new_whale w_b4732ef w_11adaae w_c91f758 w_dbc4dcc
874eab43.jpg,new_whale w_ae07541 w_34c4927 w_62c3998 w_35453e0
875635c1.jpg,new_whale w_22fa4ad w_2e872af w_5ae47d9 w_471cca4
8758cc0c.jpg,new_whale w_6202983 w_e63fbbe w_fea7fe6 w_0e737d0
875b39a7.jpg,new_whale w_ae07541 w_03f060f w_4dfe7cb w_bf4880a
875dfe44.jpg,new_whale w_54c00ad w_0a97a25 w_1310342 w_b638c8f
875e36d5.jpg,new_whale w_c94f464 w_0a97a25 w_12f2352 w_9ea2cc3
8761773d.jpg,new_whale w_c0d494d w_98baff9 w_1dff010 w_fd1cb9d
8763ae38.jpg,new_whale w_2be1c9c w_e3c119c w_b0e05b1 w_b7d5069
87688103.jpg,new_whale w_0869575 w_44f0fa2 w_01cbcbf w_d428980
876c7ca5.jpg,new_whale w_09f825c w_9de3195 w_b8f8e69 w_98baff9
876ff5b7.jpg,new_whale w_53859b2 w_0bc1db0 w_98baff9 w_6aa5e66
87764321.jpg,new_whale w_76387b4 w_c529cf1 w_1ec267f w_462a117
877709ea.jpg,new_whale w_fcda065 w_654a5bb w_6202983 w_73b705e
877cdf5d.jpg,new_whale w_60c5e7e w_9e1e278 w_686408a w_488cdd8
877e50a8.jpg,new_whale w_20c671c w_1948625 w_c9eb806 w_cd01afb
8783ddf4.jpg,new_whale w_17ee910 w_95874a5 w_dfbfe10 w_bb2d34d
878920aa.jpg,new_whale w_987a36f w_12f2352 w_76599c3 w_6c803bf
878a5115.jpg,new_whale w_da63cba w_d5f0261 w_94cd45e w_4b47559
878d17fe.jpg,new_whale w_5d335c3 w_c9e1cdc w_69df882 w_da0b8b5
87953a25.jpg,new_whale w_7e49f1e w_89e159a w_398aa7f w_f4fc8cc
87967a89.jpg,new_whale w_38e4aae w_aae82f8 w_4dfe7cb w_8db45b7
87a0a656.jpg,new_whale w_d19a884 w_1eafe46 w_56f9abb w_c0d494d
87a27c4d.jpg,new_whale w_b729b1f w_49bbc79 w_8c1dab2 w_4b87cba
87a37a22.jpg,new_whale w_e3f51ec w_b0e05b1 w_7554f44 w_3674103
87a5de21.jpg,new_whale w_4435e82 w_3fc3d07 w_3745f59 w_41a79d7
87b24683.jpg,new_whale w_d037229 w_38e4aae w_1dff010 w_b80a9c5
87b332ee.jpg,new_whale w_30f095d w_414f402 w_cd88a48 w_b0e05b1
87b6dfd5.jpg,new_whale w_aa16da4 w_f0bb383 w_ec91e99 w_8cf18ac
87b7dda9.jpg,new_whale w_d7de1ee w_7554f44 w_bb2d34d w_1eafe46
87bbdcb4.jpg,new_whale w_73d5489 w_c390258 w_eb0a6ed w_87050a3
87bf4ffd.jpg,new_whale w_e0e133a w_f8cd6b6 w_08ddb50 w_c4f3619
87c3a10e.jpg,new_whale w_636638f w_a58f64d w_8044362 w_a1fe45d
87c3d412.jpg,new_whale w_1deadd7 w_79581d3 w_bdd0576 w_56743d6
87c48eae.jpg,new_whale w_ead5d70 w_b074cdf w_98baff9 w_f19faeb
87c5c672.jpg,new_whale w_ab6bb0a w_fd07344 w_fba3bde w_95874a5
87c72b2e.jpg,new_whale w_ebe0ad5 w_cae7677 w_b074cdf w_b7d5069
87cdca55.jpg,new_whale w_e61dd6d w_2d99a0c w_3d0bc7a w_e8778ce
87d4a182.jpg,new_whale w_4659acf w_6d90f45 w_62f299e w_0f96780
87d8a809.jpg,new_whale w_6ae1eaf w_7c7a78c w_c00534d w_516bedb
87d8a9e8.jpg,new_whale w_6b45921 w_8044362 w_338b130 w_cd38536
87dabe8e.jpg,new_whale w_c0d494d w_654a5bb w_0e737d0 w_cf3c233
87dcde1d.jpg,new_whale w_cf669dc w_d141590 w_99ad599 w_6b82ccc
87df7ed7.jpg,new_whale w_efd3f81 w_c4f3619 w_010a1fa w_e1f55ad
87e70d61.jpg,new_whale w_f986587 w_fd07344 w_a155149 w_06a6351
87e74ff4.jpg,new_whale w_ad32646 w_4659acf w_a22f338 w_7049d9f
87e8cbaa.jpg,new_whale w_3063bf4 w_7946258 w_552ec4e w_b9e00eb
87e9418b.jpg,new_whale w_693c9ee w_9875c12 w_9ceb05d w_b0e05b1
880d5c78.jpg,new_whale w_2fe43c7 w_9875c12 w_778ee6e w_e0f6444
88133b2f.jpg,new_whale w_b0e05b1 w_2f283f3 w_f438375 w_d234e6b
88148a04.jpg,new_whale w_cae7677 w_60c5e7e w_e41fd4f w_f0f0dbb
88154c14.jpg,new_whale w_395d578 w_9e4a26f w_b5d8846 w_5982299
881bad3a.jpg,new_whale w_9875c12 w_1eafe46 w_d9055d1 w_43be268
882aa9b0.jpg,new_whale w_9269ec6 w_1ec0481 w_f932abc w_0fa8587
8830067f.jpg,new_whale w_743209a w_6c803bf w_9875c12 w_05b2ddd
88302b55.jpg,new_whale w_dfec7a3 w_d89b29e w_577e627 w_eec1133
88410523.jpg,new_whale w_04c1951 w_64433af w_f19faeb w_a8494ea
88473089.jpg,new_whale w_dd90e0a w_0a97a25 w_f81c626 w_796eebc
8848dfc5.jpg,new_whale w_1eafe46 w_bbd9409 w_be4d5b8 w_dd90e0a
88530ee2.jpg,new_whale w_e3caa40 w_c2ea3f0 w_19ca2c6 w_9621342
88586bf1.jpg,new_whale w_d175300 w_a526492 w_f1a4389 w_303518a
8859e681.jpg,new_whale w_ea96346 w_5374a4c w_0f92544 w_29eb3b2
885af818.jpg,new_whale w_0b04c08 w_c0daf38 w_f69889f w_1235317
885bd9c6.jpg,new_whale w_3061bdd w_26edeb8 w_2fe43c7 w_cce912e
885c1e94.jpg,new_whale w_c8d20aa w_d9fdd15 w_3b0894d w_44cccf6
8863ac53.jpg,new_whale w_c27d036 w_51969d2 w_367b996 w_e61dd6d
88699b19.jpg,new_whale w_ed3bd5b w_d47e2e3 w_b7d5069 w_dbda0d6
886f598d.jpg,new_whale w_09be3ad w_1c432e7 w_a2b3d53 w_5f47726
887b2787.jpg,new_whale w_f104523 w_db474c7 w_a0fc1a7 w_dbf4e7f
887e7ad4.jpg,new_whale w_43be268 w_853c1f7 w_9ca943b w_48a98d7
88810955.jpg,new_whale w_206742f w_8ba2066 w_73d5489 w_b0e05b1
888eb16a.jpg,new_whale w_861cc1c w_fbcb6e4 w_cd88a48 w_d434526
8895b98d.jpg,new_whale w_ffa78a5 w_883557a w_2f283f3 w_95b6cc3
889bd004.jpg,new_whale w_f4224b9 w_ec38983 w_015c991 w_b3e6069
889e362a.jpg,new_whale w_2f89dfe w_1703ee5 w_6202983 w_8c1ec28
889f01f9.jpg,new_whale w_515838e w_52a081c w_cae7677 w_f6fb689
88a66661.jpg,new_whale w_7311fe4 w_9aeb18f w_e826a6f w_1f00cb7
88a6de02.jpg,new_whale w_32a920b w_516bedb w_b6ed5d2 w_17d5eb9
88aa2bf2.jpg,new_whale w_741861e w_de3cab3 w_ca40961 w_23e4e61
88ac2b94.jpg,new_whale w_a4678de w_09d48d1 w_a31900f w_73c9ba2
88b28be9.jpg,new_whale w_1310342 w_67de30b w_8286350 w_398aa7f
88bb3047.jpg,new_whale w_fd218ba w_193b7e3 w_7de72c5 w_6398e9d
88be33f0.jpg,new_whale w_a91b997 w_53064a6 w_8c1e2e4 w_e3c1ec4
88bf115e.jpg,new_whale w_7b39dda w_7234b3d w_d9adb4f w_b4d182b
88c1fb15.jpg,new_whale w_03c84ef w_1274a11 w_cd1f1ed w_3026ce2
88c2f58b.jpg,new_whale w_1c3e5da w_2d99a0c w_87050a3 w_8ec2960
88cb3b67.jpg,new_whale w_1eafe46 w_44cb3ee w_67de30b w_6202983
88d3b16b.jpg,new_whale w_0ead9d7 w_0be82ee w_3d2724b w_3dd89d0
88d64c18.jpg,new_whale w_fe87f0a w_4e52a49 w_4fd48e7 w_fd1cb9d
88d78114.jpg,new_whale w_0a97a25 w_c94f464 w_8103039 w_cae7677
88d95a67.jpg,new_whale w_bd61ca9 w_408c5a7 w_c0d494d w_c00534d
88dc8815.jpg,new_whale w_2d2de1d w_64433af w_c39c56e w_0ea2545
88e1770c.jpg,new_whale w_f478955 w_0408054 w_67599af w_d3ef4b2
88e4d5b5.jpg,new_whale w_7e8b270 w_ba56291 w_851a7f4 w_efbb71a
88e9462c.jpg,new_whale w_2941dd2 w_cfddb15 w_98baff9 w_ba17206
88f27023.jpg,new_whale w_e62680c w_f8e6546 w_667833e w_ad1d93b
88f46a33.jpg,new_whale w_f3db3f1 w_a71aa99 w_97493dd w_20c671c
88f9a5e7.jpg,new_whale w_9562910 w_5a25156 w_56743d6 w_893e77a
88fc1bce.jpg,new_whale w_1af5d59 w_01cbcbf w_2d99a0c w_532fb22
890387cc.jpg,new_whale w_07e92ee w_a1d95a3 w_fd07344 w_7234b3d
890429b5.jpg,new_whale w_53859b2 w_5bc7e7f w_88083bc w_002222a
890685ff.jpg,new_whale w_e02fe7b w_98baff9 w_1b6d34d w_c39fceb
890cf8c4.jpg,new_whale w_53859b2 w_5bc7e7f w_15f29b7 w_002222a
890ee461.jpg,new_whale w_5f0a14c w_79cde72 w_697c72e w_490b224
891a6536.jpg,new_whale w_3e6a161 w_23d3b1c w_b7fe199 w_837646b
8931dcfe.jpg,new_whale w_6202983 w_98baff9 w_71c7322 w_ab4cae2
8932cdae.jpg,new_whale w_83f0b3f w_f19faeb w_3d187b5 w_1969a9d
8942a06a.jpg,new_whale w_53064a6 w_c027e4e w_a14ccaa w_1dff010
8949f634.jpg,new_whale w_99ad599 w_4fe4078 w_7c9fd46 w_0bc712b
894a3720.jpg,new_whale w_932c8cd w_ae07541 w_6247b2e w_dfbfe10
894c6043.jpg,new_whale w_4fdaa2a w_ea2385d w_12f2352 w_6e8486d
894d0c79.jpg,new_whale w_7a3a328 w_b6ed5d2 w_f115d53 w_cd02407
8956d02f.jpg,new_whale w_2b8e175 w_1287fbc w_fdc8bf6 w_32037e2
895aff46.jpg,new_whale w_9ca943b w_637f363 w_e02fe7b w_a59905f
89618e6e.jpg,new_whale w_4b7b80b w_58bca3c w_e826a6f w_c3d523d
8969edb9.jpg,new_whale w_2e4fecc w_fce6ab2 w_98baff9 w_693c9ee
896a9bce.jpg,new_whale w_02e5407 w_8f50a1f w_4bf5a06 w_7311fe4
89789881.jpg,new_whale w_17ee910 w_95874a5 w_dfbfe10 w_bb2d34d
897cc508.jpg,new_whale w_81b402a w_993d66c w_a837660 w_5575c58
897d85a2.jpg,new_whale w_e9cacbf w_f803b29 w_057c418 w_bb2d34d
89860da9.jpg,new_whale w_4b87cba w_f4e0748 w_49bbc79 w_6c803bf
8987f248.jpg,new_whale w_0de84f0 w_c053b99 w_d142b00 w_656ef35
898ffa37.jpg,new_whale w_824f286 w_e9ac2a8 w_fccb97a w_ab4cae2
899b5a3d.jpg,new_whale w_f178867 w_e59294d w_7c6ad05 w_67c1b6f
899eaac1.jpg,new_whale w_0ac6a0a w_38e4aae w_2832e90 w_fc433f7
899eff3f.jpg,new_whale w_becdfdc w_4bf5cf7 w_c20f21c w_da0372d
89acb38f.jpg,new_whale w_75e6bf3 w_4759be5 w_d7de1ee w_98baff9
89b29076.jpg,new_whale w_540fd73 w_059df09 w_af890ad w_c00534d
89b34b8b.jpg,new_whale w_c167245 w_53dbf9d w_08ddb50 w_eb0a6ed
89ba59ec.jpg,new_whale w_97f5054 w_dc89c4c w_e594616 w_17ee910
89beec00.jpg,new_whale w_2d99a0c w_1dff010 w_f8e6546 w_fd1cb9d
89bffa5b.jpg,new_whale w_c0d494d w_73b705e w_fa32440 w_efebfe8
89c0df8b.jpg,new_whale w_18eee6e w_d5ec83f w_c915956 w_2c55303
89c3d302.jpg,new_whale w_b96d4e0 w_0e737d0 w_2e4fecc w_71764b4
89c5378a.jpg,new_whale w_024358d w_2e4fecc w_f5771d1 w_9ceb05d
89c94943.jpg,new_whale w_f22f3e3 w_4fd48e7 w_1638016 w_dcb1f2a
89ca8a1c.jpg,new_whale w_ebff750 w_00cb685 w_654a5bb w_98baff9
89d5125b.jpg,new_whale w_4f103de w_5f82501 w_31d3999 w_e3caa40
89dc8ac9.jpg,new_whale w_cd70e8b w_38770cd w_1a5beb9 w_084d01c
89de64a4.jpg,new_whale w_cdc21df w_552a16e w_5c07f42 w_af890ad
89df1c8b.jpg,new_whale w_aa16da4 w_d3f5be3 w_4e52a49 w_6232813
89e24612.jpg,new_whale w_ce7c6c0 w_0793503 w_fd218ba w_0a565c5
89e40369.jpg,new_whale w_d3c8520 w_cb2f78e w_6f211a9 w_697c72e
89e71e4c.jpg,new_whale w_8a66718 w_8507226 w_877e56e w_2709cfc
89efc3c5.jpg,new_whale w_45aac7a w_95aad92 w_ab161f7 w_eac205a
89f0782d.jpg,new_whale w_449e238 w_9236aac w_b7fe199 w_8c605d2
89f3bbf1.jpg,new_whale w_11f6df1 w_34942b2 w_987a36f w_67599af
89f74515.jpg,new_whale w_057c418 w_a2633d4 w_abc2eda w_3de676c
8a09ff6c.jpg,new_whale w_6202983 w_b678944 w_a7d4668 w_c0cfd5b
8a0bd23f.jpg,new_whale w_861cc1c w_6202983 w_1703ee5 w_ffa78a5
8a13780e.jpg,new_whale w_78f2e92 w_f2a7635 w_1febbf3 w_a38d1a3
8a16a939.jpg,new_whale w_c9e1cdc w_2fd21ec w_90ec71a w_aca9607
8a17f82e.jpg,new_whale w_db3621e w_d434526 w_8c1ec28 w_a7d4668
8a19c564.jpg,new_whale w_eadf1ec w_6a7478d w_4c25641 w_0b4429c
8a1bd110.jpg,new_whale w_3c304db w_49bbc79 w_1ecfe96 w_b6886e5
8a1c0239.jpg,new_whale w_30d8376 w_a7c6cf3 w_d141590 w_dcb1f2a
8a1de747.jpg,new_whale w_5054c6a w_a5f7fce w_77ee0be w_3a9ee71
8a22b069.jpg,new_whale w_dfd7ee8 w_569c2c7 w_3e1ccc9 w_0a97a25
8a22da27.jpg,new_whale w_61d516e w_7e8b270 w_e6ced04 w_b9f5b8b
8a25f2c9.jpg,new_whale w_f660d7d w_7104905 w_4494645 w_6af9dd7
8a2bd62b.jpg,new_whale w_6dd7c3d w_8719b04 w_7419e4b w_dcb1f2a
8a2caf51.jpg,new_whale w_64783fe w_1dd8e68 w_4f0676a w_3aa2073
8a2d6aa4.jpg,new_whale w_0beef28 w_7c7a78c w_8db45b7 w_fba3bde
8a30fc31.jpg,new_whale w_f986587 w_c0d494d w_491607b w_87050a3
8a32014f.jpg,new_whale w_06972d2 w_ab6db0f w_18eee6e w_fba3bde
8a32e8cc.jpg,new_whale w_a59905f w_ee9c4d7 w_fd1cb9d w_853c1f7
8a397fad.jpg,new_whale w_f0bb383 w_3af4e73 w_8ba2066 w_5c07f42
8a3a71e7.jpg,new_whale w_c20f21c w_e6f5e09 w_5b1fa1d w_f014da3
8a3e416f.jpg,new_whale w_7c943ab w_7ba4b5a w_9875c12 w_0a97a25
8a404b0b.jpg,new_whale w_972f231 w_c5f9e78 w_56f2b1e w_44a6b62
8a413e35.jpg,new_whale w_ce9b95e w_b074cdf w_058547a w_60eba40
8a43ab2d.jpg,new_whale w_70b4610 w_7554f44 w_1000f90 w_883557a
8a43fa05.jpg,new_whale w_0408054 w_95874a5 w_bd1dbed w_aa7e5f4
8a466f4f.jpg,new_whale w_0c6d50d w_9b6b87d w_98baff9 w_7394d75
8a47b752.jpg,new_whale w_73d5489 w_1deadd7 w_1a229eb w_cae7677
8a50ae45.jpg,new_whale w_7b770ec w_80b1c48 w_b3e6069 w_338b130
8a511f82.jpg,new_whale w_fe49bc4 w_dbda0d6 w_2071a4c w_50cd600
8a55e8df.jpg,new_whale w_98baff9 w_f8c3a63 w_338b130 w_735ce7d
8a566623.jpg,new_whale w_b4eeae6 w_93dcf76 w_339c8ae w_8717ef3
8a567b51.jpg,new_whale w_b70a0c4 w_3fc3d07 w_125095f w_243e33e
8a5c2a18.jpg,new_whale w_86113c4 w_8b9672e w_3d9fb6c w_71764b4
8a5d59db.jpg,new_whale w_ca4ca6f w_7b035cc w_92c6140 w_d9055d1
8a619721.jpg,new_whale w_80245ee w_d382236 w_38efc2d w_f208155
8a696677.jpg,new_whale w_2e872af w_c20f21c w_6232813 w_d51a79f
8a6aeffd.jpg,new_whale w_837646b w_f8e6546 w_5f50b5e w_699be3a
8a71e5c1.jpg,new_whale w_e826a6f w_dbda0d6 w_540fd73 w_a254eb0
8a781611.jpg,new_whale w_2dae424 w_98baff9 w_b074cdf w_4b7b80b
8a7a99c9.jpg,new_whale w_8c1dab2 w_976a54b w_44cccf6 w_3d0bc7a
8a80f5f1.jpg,new_whale w_e02fe7b w_861cc1c w_3ae3603 w_aa16da4
8a86a64e.jpg,new_whale w_b05c57f w_6c803bf w_af06773 w_c6c73b2
8a95b444.jpg,new_whale w_0cd401c w_ebe0ad5 w_15eae33 w_cd01afb
8a9b83e9.jpg,new_whale w_bb37d93 w_9ec358c w_6c803bf w_e21da76
8a9cf7e5.jpg,new_whale w_c5d7c03 w_2cdf820 w_c9e1cdc w_fd07344
8aa11310.jpg,new_whale w_20eb13c w_92c6140 w_fd1cb9d w_c027e4e
8aa33253.jpg,new_whale w_8464638 w_0d48a7d w_4624237 w_cae7677
8aa33859.jpg,new_whale w_817f022 w_7c7a78c w_fd1cb9d w_3061bdd
8aa62532.jpg,new_whale w_84fcae8 w_6598219 w_18eee6e w_1743d93
8aa9751a.jpg,new_whale w_fe87f0a w_b75f378 w_7a2dfd7 w_6ef68ed
8aad3140.jpg,new_whale w_86cc90f w_7e8b270 w_b14007c w_1eafe46
8aad35fa.jpg,new_whale w_4e7e512 w_b7fe199 w_490b224 w_be20b46
8aadee64.jpg,new_whale w_20da4cf w_3326396 w_0337aa5 w_e4f1fcc
8aaf1a05.jpg,new_whale w_c751211 w_7895123 w_1aea445 w_69185bb
8ab638f3.jpg,new_whale w_c0d494d w_4b7b80b w_ab4cae2 w_988f6b3
8ab9b557.jpg,new_whale w_fea7fe6 w_c71bf0e w_7caa4fe w_861cc1c
8aba05cb.jpg,new_whale w_d037229 w_38e4aae w_1dff010 w_b80a9c5
8abc36ad.jpg,new_whale w_0f92544 w_3bb210a w_ea96346 w_2881995
8abe1548.jpg,new_whale w_e8a6c4b w_de5b417 w_c133ea8 w_932c8cd
8abed657.jpg,new_whale w_92be3ca w_a57351c w_8740039 w_b942708
8ac57503.jpg,new_whale w_d10472d w_f5771d1 w_6dbb861 w_243e33e
8ac63e30.jpg,new_whale w_4791b4c w_156c0db w_7248590 w_0626e4d
8acdc2b1.jpg,new_whale w_3461d6d w_62f804d w_92be3ca w_b9c9129
8ace9432.jpg,new_whale w_94da90b w_3674103 w_20c671c w_98baff9
8ad0a00d.jpg,new_whale w_c95a0ea w_d382236 w_24fda6e w_6547e12
8ad5e305.jpg,new_whale w_afc7d61 w_12c3d3d w_e2920e1 w_88f57d0
8ad7e824.jpg,new_whale w_87050a3 w_7554f44 w_ec87420 w_a4f1419
8ad954eb.jpg,new_whale w_8a31e6c w_143b201 w_2392b4c w_c0d494d
8ada4c15.jpg,new_whale w_da9254f w_8a3449f w_1dd8e68 w_f6411ea
8adb7235.jpg,new_whale w_1f6e1db w_f8e6546 w_c3ff6f2 w_eb0a6ed
8ae6238d.jpg,new_whale w_cb5ea24 w_38e4aae w_8d83172 w_e1431ba
8ae78881.jpg,new_whale w_29d2cec w_48a98d7 w_fba3bde w_01c2cb0
8ae9e51f.jpg,new_whale w_7a3a328 w_87e00c8 w_3411b9f w_0265cb6
8aedb9e4.jpg,new_whale w_026fdf8 w_613723e w_2fe43c7 w_e61dd6d
8af6abe2.jpg,new_whale w_abe383e w_8c1e2e4 w_72e70e5 w_fbcb6e4
8afc5f7b.jpg,new_whale w_fc7cc24 w_fd1cb9d w_98d4838 w_6a3210a
8afe9dd5.jpg,new_whale w_02b775b w_e45bc18 w_18df014 w_392bee3
8b04e9e4.jpg,new_whale w_4b83ce2 w_2863d51 w_1ac4c38 w_a59905f
8b058fe4.jpg,new_whale w_11adaae w_3023ee5 w_9ea2cc3 w_505a141
8b062d45.jpg,new_whale w_d8f0f46 w_a524549 w_d78513b w_d6d502a
8b0ff43a.jpg,new_whale w_f792125 w_e0f6444 w_33fc58d w_fea7fe6
8b148078.jpg,new_whale w_53859b2 w_3674103 w_15f29b7 w_de2ff33
8b15cf18.jpg,new_whale w_99365b3 w_544f7e7 w_91faa95 w_6b851b1
8b188253.jpg,new_whale w_da9f45c w_fd628f1 w_c241e72 w_adeee48
8b19f1ae.jpg,new_whale w_36a4e8b w_6d17527 w_f19faeb w_4b7b80b
8b1d7821.jpg,new_whale w_cbedcb0 w_d6255a4 w_6249f5d w_5d84c65
8b1dbac0.jpg,new_whale w_8244367 w_ee948c6 w_a1350a7 w_2dc2ef2
8b26ca89.jpg,new_whale w_7de72c5 w_1638016 w_1f606cf w_eb9ab29
8b276002.jpg,new_whale w_dfbfe10 w_e158680 w_e0f1df1 w_057c418
8b2adb14.jpg,new_whale w_950b5cf w_a01d903 w_303518a w_5f43cde
8b2b5ad2.jpg,new_whale w_fa32440 w_a2f5cc0 w_6202983 w_c00534d
8b2f2774.jpg,new_whale w_ddbf533 w_214c09a w_8489554 w_116a51f
8b3741f7.jpg,new_whale w_0103030 w_7b442c4 w_8717ef3 w_c45bfc3
8b38ef29.jpg,new_whale w_a25d46c w_ba39ad5 w_45e8ea5 w_a254eb0
8b394737.jpg,new_whale w_8f1aa27 w_5a25156 w_9562910 w_ab2d17a
8b3dfe6b.jpg,new_whale w_d2be6cc w_3664a22 w_fba3bde w_1287fbc
8b417bcc.jpg,new_whale w_b066aa6 w_db474c7 w_4fb3c95 w_b074cdf
8b4357a1.jpg,new_whale w_67de30b w_2d99a0c w_77e1ae3 w_44cccf6
8b444465.jpg,new_whale w_63d10a1 w_d141590 w_76d5723 w_ebf3f26
8b466626.jpg,new_whale w_c06dd6e w_a3abc56 w_79f5620 w_648a9a8
8b4b11b2.jpg,new_whale w_3326396 w_97bc172 w_e0ba9ae w_90201e3
8b4cf458.jpg,new_whale w_6132293 w_076c122 w_7139016 w_3f90907
8b4feea4.jpg,new_whale w_d6a6360 w_601b6d4 w_69a9f72 w_02d7dc8
8b53f15c.jpg,new_whale w_905d41b w_4855bd3 w_0e737d0 w_1e3ce01
8b56246a.jpg,new_whale w_d59cb45 w_a2a1378 w_34801a4 w_8861715
8b56cfca.jpg,new_whale w_4fdaa2a w_fd1cb9d w_e156c87 w_f4e0748
8b571817.jpg,new_whale w_7f6ce8e w_23dce10 w_693c9ee w_b329c00
8b579645.jpg,new_whale w_9caed77 w_56f2b1e w_c3ff6f2 w_f19faeb
8b5908db.jpg,new_whale w_b970272 w_5d6786e w_3af4e73 w_b4369cc
8b67cff6.jpg,new_whale w_c97ece6 w_0e737d0 w_98baff9 w_a526492
8b6c9d7d.jpg,new_whale w_a96d4dc w_d663f4f w_18eee6e w_e94a3b2
8b705744.jpg,new_whale w_8459e39 w_3ce788a w_6e1b161 w_4e7e512
8b757590.jpg,new_whale w_2018f6c w_d36f58c w_4759df3 w_92f705d
8b759309.jpg,new_whale w_cae7677 w_b7d5069 w_7c7a78c w_d5ec83f
8b77bfe3.jpg,new_whale w_87050a3 w_cae7677 w_2d99a0c w_ebe0ad5
8b7d75b2.jpg,new_whale w_53baa9b w_7554f44 w_d9055d1 w_b9f5b8b
8b8109e7.jpg,new_whale w_a91b997 w_6c803bf w_6710cf8 w_b4369cc
8b812d72.jpg,new_whale w_49bbc79 w_2a939eb w_11adaae w_44cccf6
8b943baa.jpg,new_whale w_a254eb0 w_883557a w_ca8bfb4 w_5bc5e63
8b9489d3.jpg,new_whale w_22fa4ad w_c5f9e78 w_c3ff6f2 w_972f231
8b976b8a.jpg,new_whale w_d9055d1 w_97e9f7f w_c61de62 w_fb4d1f1
8b9be5fa.jpg,new_whale w_60eba40 w_b318111 w_3c27f42 w_0dee306
8b9bfa19.jpg,new_whale w_6a2c07f w_f3d98bc w_e57b487 w_a1237e3
8b9e1e49.jpg,new_whale w_3050553 w_a3abc56 w_88b5d47 w_2ac83b0
8ba0ab5a.jpg,new_whale w_bc68c30 w_8a31e6c w_bbad9a2 w_09e0cbf
8ba3c241.jpg,new_whale w_fb7a56b w_31a93e7 w_52a081c w_bc3fd54
8ba6b25d.jpg,new_whale w_8a2e496 w_ed8a846 w_0e737d0 w_98baff9
8ba9536c.jpg,new_whale w_3026ce2 w_89e159a w_33973bf w_62f804d
8baa3f5d.jpg,new_whale w_5d96ba4 w_cbedcb0 w_60c5e7e w_837646b
8bac28e6.jpg,new_whale w_ace8c54 w_cdc21df w_95874a5 w_a524549
8bac9aeb.jpg,new_whale w_987a36f w_899f659 w_7554f44 w_1eafe46
8bb14253.jpg,new_whale w_a1237e3 w_f44277f w_b1c44fe w_8158b1f
8bb496c9.jpg,new_whale w_db3621e w_91c0a1d w_ace8c54 w_f438375
8bb727ef.jpg,new_whale w_c57623d w_045d9fc w_1eafe46 w_9872479
8bb9612c.jpg,new_whale w_c00534d w_b9e00eb w_73d5489 w_c84551d
8bcdb087.jpg,new_whale w_232e5bd w_4659acf w_17370ba w_a5a13d0
8bd50612.jpg,new_whale w_212ad82 w_bb2d34d w_5624f08 w_5cc2285
8bd53dce.jpg,new_whale w_1272a31 w_9cb2dba w_4f217e3 w_0c6dbbe
8bd73bec.jpg,new_whale w_4b7b80b w_2ac83b0 w_4759be5 w_e3c119c
8bdb96f2.jpg,new_whale w_2282bb8 w_dad56c9 w_2870b33 w_b4732ef
8bdba1ae.jpg,new_whale w_d4a27fb w_b074cdf w_a25caa9 w_5619521
8be33a65.jpg,new_whale w_f014da3 w_c6372b8 w_e62680c w_37f17ad
8be6ea94.jpg,new_whale w_e6541e4 w_fa32440 w_09f9fd3 w_80b1c48
8beb7293.jpg,new_whale w_2c75202 w_fd07344 w_a18d0dc w_ab4cae2
8bebd2e7.jpg,new_whale w_05ec84e w_df834bf w_648a9a8 w_2e4fecc
8bec794c.jpg,new_whale w_6547e12 w_b96d4e0 w_c622a3f w_dbda0d6
8bee11e2.jpg,new_whale w_8c1ec28 w_7a95674 w_2e4df76 w_9ec358c
8bf99c9f.jpg,new_whale w_2282bb8 w_dad56c9 w_0e737d0 w_b96d4e0
8c02c522.jpg,new_whale w_9b67e87 w_b4732ef w_8db45b7 w_0dee306
8c0fbdcb.jpg,new_whale w_482c51f w_c0f377b w_fb8ca1e w_8f2fb79
8c10ceb4.jpg,new_whale w_2216a46 w_e64ad53 w_5d96ba4 w_bbad9a2
8c170f31.jpg,new_whale w_ecb9a79 w_ba53619 w_72f25c9 w_1609b19
8c24db82.jpg,new_whale w_8861715 w_20eb13c w_fd1cb9d w_43be268
8c2afea6.jpg,new_whale w_d3f5be3 w_367b996 w_656ef35 w_aeca19c
8c2c2057.jpg,new_whale w_cbedcb0 w_4f0b7d9 w_a2b3d53 w_e4f1fcc
8c302939.jpg,new_whale w_e09e886 w_44cb3ee w_f51b4bc w_df21074
8c3282a1.jpg,new_whale w_f3db3f1 w_d234e6b w_693c9ee w_b0e05b1
8c3a258e.jpg,new_whale w_8ebbe56 w_3745f59 w_71e6583 w_bc9dc37
8c3c37fd.jpg,new_whale w_8d46cef w_b6d09e6 w_1310342 w_e2e56e9
8c3c8d9b.jpg,new_whale w_073f071 w_886257d w_c22307d w_cbedcb0
8c3d3fa0.jpg,new_whale w_c57623d w_b067417 w_fe36b07 w_7f40920
8c411469.jpg,new_whale w_95aad92 w_19aeb9c w_7778174 w_693c9ee
8c4f09d3.jpg,new_whale w_9ae554b w_2039053 w_15b9665 w_e5edb40
8c5253c0.jpg,new_whale w_0de84f0 w_2c55303 w_ab161f7 w_77f3e70
8c56b99d.jpg,new_whale w_d84ed05 w_6a78025 w_9ca943b w_9bcb0f8
8c5a876f.jpg,new_whale w_e4f1fcc w_b1f6e70 w_3bb210a w_dd52cfc
8c5bf6eb.jpg,new_whale w_d1d8f98 w_4d528e4 w_1596a47 w_eb8429c
8c621e46.jpg,new_whale w_0b04c08 w_1c3e5da w_b074cdf w_e826a6f
8c626bb0.jpg,new_whale w_5fda054 w_ec38983 w_91572bb w_c74ab24
8c62708b.jpg,new_whale w_98baff9 w_4b7b80b w_693c9ee w_2941dd2
8c63b7d2.jpg,new_whale w_e826a6f w_02a768d w_d0157fd w_fab0a22
8c6868b9.jpg,new_whale w_83df8d5 w_7918071 w_e41f2fa w_9caed77
8c6dd5a9.jpg,new_whale w_dbda0d6 w_5f82501 w_243e33e w_ab4cae2
8c78306c.jpg,new_whale w_64783fe w_a8bc2bc w_1da7080 w_0bc712b
8c7f2ec4.jpg,new_whale w_fba3bde w_778ee6e w_a59905f w_67de30b
8c8507fe.jpg,new_whale w_17a2610 w_e5c4335 w_18eee6e w_2ac069f
8c858211.jpg,new_whale w_8b15b96 w_b5383b5 w_2f6ad07 w_c6b5519
8c8ffacc.jpg,new_whale w_a524549 w_41ec10a w_fe95ab8 w_0b04c08
8c9b3203.jpg,new_whale w_a14ccaa w_fd1cb9d w_c8d20aa w_46193da
8ca10972.jpg,new_whale w_a51a6d6 w_23e4e61 w_7c7a78c w_c529cf1
8ca7d8b2.jpg,new_whale w_8c1e2e4 w_693c9ee w_c0d494d w_654a5bb
8cab1bbd.jpg,new_whale w_f8e6546 w_7554f44 w_2dc2ef2 w_eb39613
8cac2ac7.jpg,new_whale w_49bbc79 w_f185562 w_3de676c w_1ecfe96
8cae99ed.jpg,new_whale w_3cf3853 w_ab6db0f w_c1b3568 w_d382236
8cb01e6e.jpg,new_whale w_4c4c001 w_5fbef36 w_679f2eb w_8c605d2
8cb76e48.jpg,new_whale w_1eafe46 w_5817e08 w_cf82352 w_1dc6d62
8cc0347b.jpg,new_whale w_d5ec83f w_e61dd6d w_2739d94 w_0e737d0
8cc15aa4.jpg,new_whale w_c58b474 w_993d66c w_93bf889 w_735ce7d
8cc99227.jpg,new_whale w_1596a47 w_eb8429c w_d1d8f98 w_f86488a
8cd03bad.jpg,new_whale w_95874a5 w_bb2d34d w_5c07f42 w_c9e1cdc
8cd920df.jpg,new_whale w_0988bbb w_cae7677 w_f69889f w_7538a4c
8ce45de5.jpg,new_whale w_d7de1ee w_cae7677 w_76d5723 w_8968506
8ce725ae.jpg,new_whale w_637f363 w_9947243 w_3a9ee71 w_80bae3a
8ced8293.jpg,new_whale w_552a16e w_43be268 w_7417ab0 w_9c70a11
8cf10718.jpg,new_whale w_95aad92 w_7778174 w_9947243 w_381c6aa
8cf4ee2f.jpg,new_whale w_83df8d5 w_7918071 w_a1237e3 w_701972b
8cf79f0e.jpg,new_whale w_a524549 w_0b04c08 w_d3ef4b2 w_41ec10a
8cf83882.jpg,new_whale w_fc7cc24 w_e1431ba w_718ce15 w_fd1cb9d
8cfc15cd.jpg,new_whale w_0f92544 w_71bfc77 w_3b483d3 w_c4f3619
8d0244ce.jpg,new_whale w_c39fceb w_1eafe46 w_3326396 w_98baff9
8d0668a7.jpg,new_whale w_242a05d w_9771603 w_89e159a w_34c4927
8d0722b8.jpg,new_whale w_8a31e6c w_e7b1cb3 w_e430ce0 w_cc54cee
8d09b9a6.jpg,new_whale w_56ddb00 w_2658649 w_cf0c062 w_593485f
8d0ff94b.jpg,new_whale w_62c3998 w_dfbfe10 w_abc2eda w_a2633d4
8d12b1a0.jpg,new_whale w_65428d9 w_8ecd3a7 w_cc8241b w_1f0da94
8d13bf14.jpg,new_whale w_9ec358c w_62c3998 w_9ea2cc3 w_c9e1cdc
8d14ca4a.jpg,new_whale w_f986587 w_c0d494d w_491607b w_87050a3
8d18ab03.jpg,new_whale w_48a5b86 w_b074cdf w_7554f44 w_41901e5
8d20f661.jpg,new_whale w_f3248b4 w_2d99a0c w_999275d w_d2ab9c4
8d2c4820.jpg,new_whale w_6e5b022 w_73c9ba2 w_7554f44 w_9dc4181
8d32c82e.jpg,new_whale w_4e68ddc w_ab4cae2 w_70715c1 w_e685c80
8d36cb9a.jpg,new_whale w_7586198 w_ba17206 w_f7bf28d w_62f804d
8d3ee290.jpg,new_whale w_cae7677 w_434ad6a w_eb0a6ed w_23cd105
8d407a4e.jpg,new_whale w_bc68c30 w_a3dbc8f w_bbad9a2 w_4fd48e7
8d46d211.jpg,new_whale w_7bda16b w_6c803bf w_2a939eb w_b05c57f
8d4aaa8f.jpg,new_whale w_7852bd1 w_9d5f5cc w_f8e6546 w_8fab53d
8d51a8f1.jpg,new_whale w_4404247 w_511c464 w_865c2ba w_17ee910
8d51fa10.jpg,new_whale w_7351f46 w_44a6b62 w_1eafe46 w_ba56291
8d5eaba3.jpg,new_whale w_44f0fa2 w_18eee6e w_7b035cc w_1cca86d
8d612134.jpg,new_whale w_286ec5f w_e1431ba w_fc7cc24 w_6a3210a
8d644d67.jpg,new_whale w_6c9a524 w_71f6bc5 w_9e559ff w_7fe3551
8d6a5de9.jpg,new_whale w_302af0a w_73d5489 w_dfbfe10 w_7dc3fae
8d6fd556.jpg,new_whale w_66c1b54 w_a25caa9 w_989fbbb w_f0db0ba
8d8571f5.jpg,new_whale w_3b90f9b w_ed5cdab w_3d8c865 w_c068ed3
8d8843aa.jpg,new_whale w_8c1e2e4 w_4659acf w_bb2d34d w_272259b
8d8af3f0.jpg,new_whale w_89e159a w_2a939eb w_1911cbb w_67de30b
8d96452a.jpg,new_whale w_b942708 w_d9aab0a w_02d5fad w_1000f90
8d99ffca.jpg,new_whale w_e54feba w_71c7322 w_4a1e58b w_0ebd514
8daa6468.jpg,new_whale w_80bae3a w_cc22f68 w_9947243 w_e24a84d
8dab532b.jpg,new_whale w_fce6ab2 w_693c9ee w_8861715 w_9e4a26f
8db1b094.jpg,new_whale w_0f16be3 w_38158d6 w_d7d60f9 w_7f81114
8db26d7c.jpg,new_whale w_56743d6 w_4af3e4e w_7abaf06 w_f22f3e3
8dbb6349.jpg,new_whale w_17ee910 w_6d05f7f w_bb2d34d w_b6689cc
8dbc88ef.jpg,new_whale w_ab9fa59 w_9d48bcf w_f183341 w_7c7a78c
8dbec8d5.jpg,new_whale w_2fe43c7 w_ad370e1 w_9ca943b w_5b08542
8dc7d335.jpg,new_whale w_b678944 w_f6fb689 w_8ba2066 w_de2ff33
8dca9d64.jpg,new_whale w_e69cef0 w_eeb5fa7 w_ace8c54 w_056be75
8dcfbaed.jpg,new_whale w_eb47189 w_29fc831 w_4e52a49 w_3694c7d
8dd05ac5.jpg,new_whale w_44cb3ee w_1eafe46 w_67de30b w_0aae8c1
8dd1d7e5.jpg,new_whale w_b8f8e69 w_48dd419 w_2d99a0c w_6361632
8dd7e97e.jpg,new_whale w_0087fdd w_bc9dc37 w_af06773 w_8e92baa
8ddff553.jpg,new_whale w_ff39e03 w_5f8c5d3 w_6485cd4 w_7885601
8deb5ed3.jpg,new_whale w_85f9040 w_ace8c54 w_6ae1eaf w_f69889f
8debafe2.jpg,new_whale w_654a5bb w_5817e08 w_6202983 w_5b99089
8df8bd4f.jpg,new_whale w_46e45e6 w_b8cba61 w_69a9f72 w_e59294d
8df9b54d.jpg,new_whale w_ce01917 w_8e451d9 w_df15cc8 w_2fe43c7
8dfb0014.jpg,new_whale w_d6a3892 w_6635a97 w_f208155 w_70b9e55
8e00270e.jpg,new_whale w_693c9ee w_86113c4 w_43c0762 w_2071a4c
8e009ad9.jpg,new_whale w_0e737d0 w_5f5ef4e w_e02fe7b w_b7d5069
8e08112f.jpg,new_whale w_9caed77 w_86b3f04 w_f7a0fd7 w_1e7bb93
8e09e3dc.jpg,new_whale w_73d5489 w_0e4f53c w_ed32db9 w_ad1d93b
8e0f3faa.jpg,new_whale w_b4a5677 w_987a36f w_8b1ca89 w_0bd3671
8e0f5e74.jpg,new_whale w_993d66c w_4e52a49 w_654a5bb w_aa16da4
8e135404.jpg,new_whale w_06ff732 w_883557a w_0aae8c1 w_e2e56e9
8e1470d7.jpg,new_whale w_5ba417d w_db5cc79 w_2dc2ef2 w_a646643
8e15164c.jpg,new_whale w_33973bf w_dfbfe10 w_d5ec83f w_bb2d34d
8e1c4a4d.jpg,new_whale w_f3f84d7 w_7554f44 w_e9f85b7 w_e1f55ad
8e1e467b.jpg,new_whale w_6b45921 w_8103039 w_6badfcf w_601b6d4
8e225bf9.jpg,new_whale w_ab4cae2 w_dbda0d6 w_b074cdf w_2f283f3
8e27e838.jpg,new_whale w_5c0e858 w_9771603 w_07a425f w_127f4c6
8e2867b4.jpg,new_whale w_881f3c4 w_ecb9a79 w_5f82501 w_f8e6546
8e29a762.jpg,new_whale w_303518a w_950b5cf w_affc813 w_5919cf7
8e2bda17.jpg,new_whale w_fb89186 w_70a31ce w_6503ccd w_c9dfa13
8e2d52af.jpg,new_whale w_d9fdd15 w_efa1fc7 w_6926f08 w_96b697f
8e2e2d35.jpg,new_whale w_b2ba967 w_e3c119c w_4b7b80b w_9ceb05d
8e30d355.jpg,new_whale w_302af0a w_697c72e w_d2b4956 w_223cebd
8e3714c5.jpg,new_whale w_96c6151 w_61e1076 w_fc76ede w_a1237e3
8e391fc4.jpg,new_whale w_54c00ad w_62f299e w_67de30b w_36eb0b1
8e3ae2ad.jpg,new_whale w_02d5fad w_d9aab0a w_2cdf820 w_3f90907
8e3d8e05.jpg,new_whale w_ca0ec7c w_73c9ba2 w_cbedcb0 w_5d96ba4
8e3edf9f.jpg,new_whale w_1287fbc w_0a2af22 w_dcb1f2a w_b942708
8e3f3621.jpg,new_whale w_4f103de w_55647bd w_9dc4181 w_5f82501
8e4295ab.jpg,new_whale w_d02787f w_21a1bdb w_9621342 w_f178867
8e450a63.jpg,new_whale w_987a36f w_c133ea8 w_a59905f w_f660d7d
8e47069e.jpg,new_whale w_8044362 w_ddb4c8d w_4a9ee0f w_ebff750
8e4b5af3.jpg,new_whale w_c26666e w_ee22376 w_7f45825 w_67de30b
8e506f2f.jpg,new_whale w_ba17206 w_8044362 w_2071a4c w_02d5fad
8e557ca4.jpg,new_whale w_0b0d88d w_73b26b7 w_7b035cc w_3b0894d
8e5ec287.jpg,new_whale w_e3caa40 w_f2eb971 w_d915632 w_1eafe46
8e617483.jpg,new_whale w_6e8486d w_dcd7a1d w_1a70685 w_2901dbf
8e6c2d11.jpg,new_whale w_ef52dd3 w_e6f5e09 w_8c605d2 w_989fbbb
8e6cdd06.jpg,new_whale w_540fd73 w_e61dd6d w_2fe43c7 w_9771603
8e6de44d.jpg,new_whale w_d9055d1 w_656afeb w_f16e220 w_33fc58d
8e72ad20.jpg,new_whale w_fd1cb9d w_4fcfa4d w_7c7a78c w_3061bdd
8e77bdfd.jpg,new_whale w_18eee6e w_a59905f w_7b035cc w_9ceb05d
8e812e28.jpg,new_whale w_d141590 w_cae7677 w_cd01afb w_eb34c4d
8e898f68.jpg,new_whale w_ee17a08 w_6aad777 w_48a98d7 w_d96c946
8e8abf9c.jpg,new_whale w_b4369cc w_a91b997 w_8b56cb1 w_b8dff40
8e8e966e.jpg,new_whale w_309a2b3 w_b6886e5 w_1ecfe96 w_ee94c57
8e915407.jpg,new_whale w_a5deba3 w_d663f4f w_dbda0d6 w_f19faeb
8e9226f1.jpg,new_whale w_4b7b80b w_0e737d0 w_ab4cae2 w_7554f44
8e9b9a54.jpg,new_whale w_64a51a4 w_35063ed w_7d19608 w_76d2cce
8ea04989.jpg,new_whale w_b688397 w_cae7677 w_0e737d0 w_31a93e7
8ea2291f.jpg,new_whale w_82ec5f0 w_4504167 w_8158b1f w_3a9ee71
8eaa8773.jpg,new_whale w_27cf4e2 w_770eb84 w_705e0fb w_338b130
8eb6fba1.jpg,new_whale w_4b7b80b w_b678944 w_2709cfc w_c0cfd5b
8eb7c917.jpg,new_whale w_8bde95b w_9ceb05d w_f4fc8cc w_bc9dc37
8ebaf170.jpg,new_whale w_dfec7a3 w_1dc66b7 w_7e9dc07 w_acff672
8ebbfbf1.jpg,new_whale w_71c7322 w_63db6f9 w_3fffc61 w_96fd936
8ec46622.jpg,new_whale w_3ae3603 w_6202983 w_e02fe7b w_1eafe46
8ec4ada5.jpg,new_whale w_adeee48 w_c241e72 w_ebff750 w_da9f45c
8ec67dd6.jpg,new_whale w_1ac4c38 w_9ec358c w_ccfdb00 w_7b035cc
8ecdbfb9.jpg,new_whale w_0337aa5 w_e09d8cf w_1af5d59 w_e6f746e
8ece1e7f.jpg,new_whale w_b729b1f w_dad23fa w_56bbc91 w_17ee910
8eced17a.jpg,new_whale w_98baff9 w_e3c119c w_35063ed w_ed8a846
8ed1b78a.jpg,new_whale w_7763134 w_222dcb7 w_1287fbc w_0652d70
8ed5920c.jpg,new_whale w_9b3ed01 w_9577f88 w_92d390e w_1698c29
8ed8ef53.jpg,new_whale w_83034c7 w_7e8b270 w_57c14db w_a14d6d8
8ee00009.jpg,new_whale w_d306246 w_c30959a w_987a36f w_d2be6cc
8ee21a2d.jpg,new_whale w_ca13d58 w_7637760 w_56b9dcd w_cece268
8ee6a3bb.jpg,new_whale w_73d5489 w_7885601 w_175536a w_0e4f53c
8eebf8b5.jpg,new_whale w_76c2a95 w_b2d937a w_637f363 w_c6fceea
8eed8fed.jpg,new_whale w_8f2fb79 w_18df014 w_afbc150 w_7763134
8eee1794.jpg,new_whale w_6c803bf w_d915632 w_a91b997 w_17a2610
8efabfdd.jpg,new_whale w_b6d09e6 w_8d46cef w_1310342 w_29cc48b
8f03c722.jpg,new_whale w_18eee6e w_b05f565 w_d32adcd w_419226b
8f047c48.jpg,new_whale w_6ddff9b w_2071a4c w_69e7dab w_7e8b270
8f07b10f.jpg,new_whale w_733f161 w_ac87f37 w_cbd271b w_ef7cdd5
8f0c996b.jpg,new_whale w_3197568 w_17ee910 w_c58b474 w_a837660
8f169741.jpg,new_whale w_4133134 w_4057481 w_ef2f0f0 w_64f3545
8f1810e9.jpg,new_whale w_c241e72 w_fb99d39 w_f7bf28d w_da9f45c
8f1b8cec.jpg,new_whale w_e8c4623 w_fc76ede w_c666071 w_92e7841
8f1fe3b7.jpg,new_whale w_3e75bf3 w_e0efc4f w_27b9e86 w_7e1521a
8f205e31.jpg,new_whale w_98baff9 w_ce9b95e w_91f80eb w_5982299
8f284981.jpg,new_whale w_788b689 w_c263d43 w_71764b4 w_9ceb05d
8f28a9c9.jpg,new_whale w_d2be6cc w_8ba2066 w_f438375 w_8eb63b7
8f2ed5bd.jpg,new_whale w_03f060f w_87050a3 w_bc3fd54 w_989fbbb
8f38405a.jpg,new_whale w_f792125 w_38b1edd w_93dcf76 w_3ca387d
8f3d11dc.jpg,new_whale w_b05c57f w_616ca36 w_fc7cc24 w_8719b04
8f3d12bd.jpg,new_whale w_87050a3 w_0e9f6d9 w_9a1d8e7 w_1287fbc
8f436d6c.jpg,new_whale w_3d0bc7a w_1aea445 w_c751211 w_9ec358c
8f4afe35.jpg,new_whale w_41a79d7 w_a4b6a86 w_e02fe7b w_adc6e1b
8f4ff13e.jpg,new_whale w_f438375 w_b0e05b1 w_0a97a25 w_35063ed
8f500fd0.jpg,new_whale w_17e8554 w_3e4bb3f w_540fd73 w_a59905f
8f56945c.jpg,new_whale w_0c42dba w_c11fce0 w_693c9ee w_2658649
8f573b96.jpg,new_whale w_7049d9f w_7c7a78c w_01687a8 w_d3ce445
8f6380b3.jpg,new_whale w_2669d75 w_e4f1fcc w_39f2064 w_0245a27
8f641913.jpg,new_whale w_e69cef0 w_c0d1701 w_22bcbd6 w_6232813
8f683421.jpg,new_whale w_a59905f w_4ebeafb w_b17f9ea w_b7d5069
8f6a92bd.jpg,new_whale w_d428980 w_8d46cef w_4f94f26 w_fd1cb9d
8f6b7665.jpg,new_whale w_1e68ef5 w_1b224c1 w_3add848 w_4476e55
8f6c0649.jpg,new_whale w_2dc2ef2 w_7885601 w_5f8c5d3 w_b7a832a
8f6cb74d.jpg,new_whale w_6202983 w_1eafe46 w_fd1cb9d w_e4616da
8f6d47fa.jpg,new_whale w_c774326 w_eb0a6ed w_4e52a49 w_03b5e9a
8f7226d9.jpg,new_whale w_5f82501 w_62799b5 w_9b401eb w_693c9ee
8f7a7b21.jpg,new_whale w_5bc5e63 w_44a6b62 w_c3ff6f2 w_cef690d
8f7db5ff.jpg,new_whale w_0e9f6d9 w_56bbc91 w_38e4aae w_b729b1f
8f7f7a88.jpg,new_whale w_18eee6e w_97f5054 w_6e8486d w_bb2d34d
8f7fd078.jpg,new_whale w_8166c79 w_861cc1c w_1d53d9c w_dbda0d6
8f816d5e.jpg,new_whale w_743209a w_9ea2cc3 w_be4d5b8 w_b96d4e0
8f82d3ce.jpg,new_whale w_49bbc79 w_b29214f w_1ecfe96 w_b6886e5
8f84ef9f.jpg,new_whale w_2e4fecc w_19ca2c6 w_7248590 w_f63d8b0
8f861053.jpg,new_whale w_3b483d3 w_dfafffd w_8fd5636 w_972f231
8f8813b8.jpg,new_whale w_693c9ee w_11f6df1 w_d465e44 w_a59905f
8f89836a.jpg,new_whale w_7554f44 w_3f5e7fc w_d663f4f w_e55a554
8f8a9053.jpg,new_whale w_867c363 w_5b8f282 w_97666c8 w_9b67e87
8f8d5dc0.jpg,new_whale w_4b16688 w_0bc712b w_39043c9 w_99ad599
8f8fa59b.jpg,new_whale w_5f82501 w_eb0a6ed w_1f6e1db w_c3ff6f2
8f91cab2.jpg,new_whale w_987a36f w_4e52a49 w_64f3545 w_813c5be
8f9f4da3.jpg,new_whale w_c9e1cdc w_95874a5 w_3d0bc7a w_bb2d34d
8f9f9c2e.jpg,new_whale w_4b83ce2 w_9868b95 w_8b1cd49 w_9d0e84a
8fa35949.jpg,new_whale w_df21074 w_f792125 w_38b1edd w_93dcf76
8fa723c7.jpg,new_whale w_3061bdd w_9ca943b w_4e52a49 w_43be268
8fa84de9.jpg,new_whale w_a965f14 w_cc54cee w_94cd45e w_7311fe4
8faa4f0e.jpg,new_whale w_e8a8d85 w_94bc64e w_ea96346 w_5297ab3
8fabbdfa.jpg,new_whale w_fc15159 w_8c1e2e4 w_286ec5f w_6e8486d
8fadaff5.jpg,new_whale w_6232813 w_aa16da4 w_e2bf793 w_9ca943b
8fae592a.jpg,new_whale w_bf4880a w_eb0a6ed w_60c5e7e w_b0e05b1
8fb07268.jpg,new_whale w_307065e w_c9e1cdc w_2a18a44 w_8c1ec28
8fb323c1.jpg,new_whale w_d1bbde9 w_7185713 w_0e30df6 w_4ebeafb
8fb6197c.jpg,new_whale w_61fbb66 w_24a2923 w_1ec267f w_6e120c4
8fbc4739.jpg,new_whale w_0d60fdd w_c3ff6f2 w_8fd5636 w_ec38983
8fbc4751.jpg,new_whale w_0c42dba w_7f867ec w_c0bb183 w_25fdcfb
8fc07307.jpg,new_whale w_f18af3b w_72e70e5 w_4e68ddc w_1eafe46
8fc285f6.jpg,new_whale w_0265cb6 w_87e00c8 w_ee17a08 w_7427ace
8fc6b01a.jpg,new_whale w_5d06bc3 w_4b7b80b w_1eafe46 w_8716ad9
8fcb0e0e.jpg,new_whale w_e147c40 w_a1350a7 w_cbedcb0 w_5010531
8fccfbc9.jpg,new_whale w_d148982 w_5297ab3 w_2b0fc31 w_36a853c
8fce3ad3.jpg,new_whale w_fd587bc w_7cca153 w_5fc5ea5 w_0e4f53c
8fd44b7e.jpg,new_whale w_d1d8f98 w_1596a47 w_f5a2610 w_12f2352
8fd69d54.jpg,new_whale w_817f022 w_43be268 w_4a7080a w_7b035cc
8fd96961.jpg,new_whale w_cbd271b w_f022f78 w_b678944 w_92585eb
8fe23d9a.jpg,new_whale w_f81c626 w_b34793e w_1e3ce01 w_3cf3853
8fe5dcff.jpg,new_whale w_67599af w_3745f59 w_778ee6e w_98baff9
8fe69fd3.jpg,new_whale w_b96d4e0 w_0e737d0 w_2282bb8 w_ba17206
8fea2bef.jpg,new_whale w_41ed8e8 w_fbcb6e4 w_b6689cc w_813c5be
8ff07b6c.jpg,new_whale w_b6886e5 w_dcf2001 w_3026ce2 w_49bbc79
8ff34baa.jpg,new_whale w_e826a6f w_d224115 w_b074cdf w_c2474a2
8ff3fb62.jpg,new_whale w_0a97a25 w_a14ccaa w_b7d5069 w_17136dc
8ff5b885.jpg,new_whale w_cf00b01 w_715d152 w_a4da0b3 w_cf092f5
8ff7a13e.jpg,new_whale w_44237e0 w_06dbe6b w_826eb44 w_7f867ec
8ff8ba58.jpg,new_whale w_4ebeafb w_fd1cb9d w_0324b97 w_de3cab3
8ffcece6.jpg,new_whale w_19ca2c6 w_06ff732 w_0fa8587 w_bf77b13
9001a0d1.jpg,new_whale w_67de30b w_98baff9 w_a2a1378 w_ead305f
9001e64e.jpg,new_whale w_c0d494d w_73b705e w_abe383e w_97f5054
9005801b.jpg,new_whale w_1a229eb w_eff7e35 w_2d963bb w_8fd5636
90064f45.jpg,new_whale w_0e737d0 w_98baff9 w_693c9ee w_ab4cae2
90073d97.jpg,new_whale w_38e4aae w_56bbc91 w_8d83172 w_8c1e2e4
900885ce.jpg,new_whale w_3d0bc7a w_b05c57f w_616ca36 w_c9e1cdc
900cd3a7.jpg,new_whale w_721d2e9 w_62f299e w_6202983 w_398aa7f
900d78fa.jpg,new_whale w_014a645 w_349fcbc w_8a7b9c8 w_a358522
900d93cc.jpg,new_whale w_64f3545 w_6af9dd7 w_d88328d w_29fc831
9016ae05.jpg,new_whale w_3d8c865 w_c57623d w_5c6215c w_dbda0d6
901d5534.jpg,new_whale w_2fe43c7 w_398aa7f w_f438375 w_9771603
9020da47.jpg,new_whale w_dbda0d6 w_ab4cae2 w_8867074 w_4b7b80b
9020f4bd.jpg,new_whale w_5810973 w_02facde w_efd3f81 w_63d1ea6
902abc5b.jpg,new_whale w_5e04db0 w_1287fbc w_961ba76 w_e826a6f
902bb67a.jpg,new_whale w_a524549 w_fe95ab8 w_693c9ee w_e45bc18
9033234f.jpg,new_whale w_80171b9 w_f4d89bb w_143b201 w_7885601
903c81b3.jpg,new_whale w_19dc50f w_17370ba w_0b3f313 w_a2a1378
904179ee.jpg,new_whale w_3d66298 w_511c464 w_3e1ba5b w_fbcb6e4
90452183.jpg,new_whale w_a26a029 w_dc4c2ba w_5a81425 w_7875b79
9045302f.jpg,new_whale w_8044362 w_4759be5 w_5f9508d w_338b130
904d126f.jpg,new_whale w_3fe1eb9 w_0b0d88d w_7b5a630 w_d5ec83f
905afff8.jpg,new_whale w_94e1ed4 w_fd07344 w_0e737d0 w_f478955
905c6c16.jpg,new_whale w_97f5054 w_4be8a3e w_9875c12 w_414a0d7
90659f33.jpg,new_whale w_a254eb0 w_9c5ed68 w_6b82ccc w_ca8bfb4
9069e8a8.jpg,new_whale w_9771603 w_07616fd w_8bc853a w_4c9d3df
906b576d.jpg,new_whale w_1dff010 w_32a920b w_54c00ad w_aae82f8
9070e0c4.jpg,new_whale w_a59905f w_fe49bc4 w_a2a1378 w_e02fe7b
90710ce0.jpg,new_whale w_bde9c34 w_a24f581 w_fd07344 w_7394d75
90715426.jpg,new_whale w_4e68ddc w_b066aa6 w_d1eab36 w_a254eb0
9075c129.jpg,new_whale w_1dff010 w_b6ed5d2 w_8d83172 w_11adaae
9077eca0.jpg,new_whale w_85755f7 w_4a78bf2 w_837646b w_ed5a7c6
907989b4.jpg,new_whale w_8e451d9 w_94cd45e w_7763134 w_b942708
907a7be9.jpg,new_whale w_c9dd32e w_31d3999 w_9434f0c w_63d1ea6
907eaec0.jpg,new_whale w_44f0fa2 w_18eee6e w_21e178f w_67de30b
908b34a1.jpg,new_whale w_18eee6e w_ea2385d w_63db6f9 w_d382236
908d06cb.jpg,new_whale w_dbda0d6 w_f19faeb w_c57623d w_cd88a48
908d0a1d.jpg,new_whale w_7b442c4 w_0ea659e w_fce6ab2 w_0de84f0
908e7fb1.jpg,new_whale w_a59905f w_6710cf8 w_b820615 w_86b9dfd
90945353.jpg,new_whale w_9875c12 w_efebfe8 w_4fb3c95 w_569c2c7
9094f65e.jpg,new_whale w_c99f5ef w_de3cab3 w_27b9e86 w_aae82f8
909a5336.jpg,new_whale w_eb47189 w_89973e5 w_3f90907 w_34c4927
909de73b.jpg,new_whale w_b6689cc w_0e737d0 w_bb2d34d w_d5ec83f
90a13d7b.jpg,new_whale w_ce9b95e w_98baff9 w_b074cdf w_f7fed13
90a43c34.jpg,new_whale w_d9adb4f w_3c0bbac w_fdc8bf6 w_d3ef4b2
90a6eb2c.jpg,new_whale w_b942708 w_89c65ac w_d9aab0a w_7763134
90a70887.jpg,new_whale w_3af4e73 w_c9e1cdc w_0e9f6d9 w_28ce17c
90a94159.jpg,new_whale w_0beef28 w_9d704ab w_853c1f7 w_a9dd349
90af50ef.jpg,new_whale w_f64658b w_95874a5 w_6c803bf w_2fd21ec
90b47735.jpg,new_whale w_e1f55ad w_6ddbb81 w_9caed77 w_2b0028d
90b59d1b.jpg,new_whale w_bb2d34d w_7554f44 w_7cca153 w_fd1cb9d
90b9ac90.jpg,new_whale w_beab972 w_f3db3f1 w_a526492 w_f19faeb
90c49192.jpg,new_whale w_c8f7bcd w_5a2075e w_95874a5 w_490c8a0
90cec146.jpg,new_whale w_9b67e87 w_87050a3 w_a7d4668 w_d382236
90d1a7b5.jpg,new_whale w_693c9ee w_98baff9 w_10ace22 w_5f9508d
90d3082d.jpg,new_whale w_e6f5e09 w_0b0b7cc w_2111212 w_f0f0dbb
90d3f57a.jpg,new_whale w_1dc6d62 w_02facde w_fea7fe6 w_3fc3d07
90d4602a.jpg,new_whale w_1c32062 w_3c8eab1 w_d51a79f w_f7e6199
90d634e3.jpg,new_whale w_53baa9b w_db3621e w_ab6db0f w_1948625
90d65ce2.jpg,new_whale w_ee17a08 w_d663f4f w_9ca943b w_5b08542
90d9fcee.jpg,new_whale w_4a1e58b w_71c7322 w_8b15b96 w_d6e437d
90e7c771.jpg,new_whale w_b0e05b1 w_0988bbb w_a5a13d0 w_0a97a25
90ee09dd.jpg,new_whale w_303518a w_f1a4389 w_5f43cde w_a01d903
90f59165.jpg,new_whale w_d19a884 w_e3fbc27 w_cbd271b w_73c9ba2
90fb0a58.jpg,new_whale w_5d6786e w_4a81594 w_2a18a44 w_b970272
910069f0.jpg,new_whale w_2d09595 w_c0d494d w_ab4cae2 w_15427c3
9100aaf5.jpg,new_whale w_a7d4668 w_5b672ea w_f0612be w_ace8c54
91075e34.jpg,new_whale w_0beef28 w_4ebeafb w_67de30b w_9d704ab
910870fe.jpg,new_whale w_5982299 w_4b95330 w_8bdd984 w_0f96780
910b4871.jpg,new_whale w_4e68ddc w_dbda0d6 w_d47e2e3 w_2e4fecc
910f995b.jpg,new_whale w_b6ae946 w_4b7b80b w_60c5e7e w_ba53619
912b05cd.jpg,new_whale w_339c8ae w_09558d4 w_feab6f3 w_df834bf
9141f9f8.jpg,new_whale w_853c1f7 w_17ee910 w_7c7a78c w_8c1e2e4
9144be14.jpg,new_whale w_fb72090 w_c708dc7 w_eadf1ec w_03c6d18
914d5111.jpg,new_whale w_be20b46 w_39043c9 w_ddbf533 w_7554f44
914fc077.jpg,new_whale w_73d5489 w_2b939eb w_b04d4f1 w_0e7cb1c
91508021.jpg,new_whale w_9ca943b w_1dff010 w_aae82f8 w_43be268
91545217.jpg,new_whale w_1eafe46 w_1dc6d62 w_fe49bc4 w_e45bc18
915526a2.jpg,new_whale w_3b8b9c7 w_b0e05b1 w_ccfdb00 w_7b1abbf
9159eda5.jpg,new_whale w_9496577 w_5e57e8b w_5436d75 w_5f82501
9160942e.jpg,new_whale w_d2be6cc w_9a1d8e7 w_78999a6 w_0a97a25
91692fe0.jpg,new_whale w_5d96ba4 w_837646b w_5a81425 w_85755f7
916ff949.jpg,new_whale w_6d17527 w_14ba846 w_b96d4e0 w_7554f44
91747759.jpg,new_whale w_0f9166e w_5297ab3 w_1dd8e68 w_2cca6a1
917a3f88.jpg,new_whale w_aa16da4 w_a51b387 w_fe87f0a w_eb47189
917b769e.jpg,new_whale w_7f199c6 w_73d5489 w_1948625 w_40a8760
917dcc72.jpg,new_whale w_3f91e04 w_12c3d3d w_b0e05b1 w_f8e6546
917f54b8.jpg,new_whale w_5612fed w_7db10cc w_bb2501a w_3a9ee71
91817f1d.jpg,new_whale w_8fab53d w_030294d w_e3b2cfa w_3ee3d16
918722b3.jpg,new_whale w_95874a5 w_0e0e856 w_56743d6 w_1eff98a
91905ca9.jpg,new_whale w_33b9360 w_1a70685 w_bb2d34d w_3af4e73
91940d9f.jpg,new_whale w_57c14db w_20f86e1 w_285da1a w_3a78626
919c8617.jpg,new_whale w_5af463d w_7ba4b5a w_fba3bde w_89e159a
919f2eb4.jpg,new_whale w_fc7cc24 w_569c2c7 w_b7d5069 w_8fab53d
91a9a7f5.jpg,new_whale w_c128384 w_a8bc2bc w_1489751 w_b688397
91aa1b8e.jpg,new_whale w_cf7eebd w_bd61ca9 w_8158b1f w_a254eb0
91aa97c3.jpg,new_whale w_8e25bfa w_690fc6b w_cf7eebd w_25871da
91aecc6f.jpg,new_whale w_488cdd8 w_c4f3619 w_b4151b7 w_d3c8520
91b30954.jpg,new_whale w_361e290 w_c58b474 w_540fd73 w_fd07344
91b4fb49.jpg,new_whale w_f792125 w_dbda0d6 w_7d4cb72 w_5be8e63
91b8f1c1.jpg,new_whale w_3b0894d w_1a5e7a2 w_b95307d w_cf00b01
91bae1f4.jpg,new_whale w_3e4bb3f w_b8dff40 w_7c44934 w_d22af00
91bcf1aa.jpg,new_whale w_bc9dc37 w_f81c626 w_77e1d3f w_a59905f
91c3ffd3.jpg,new_whale w_44cb3ee w_1eafe46 w_67de30b w_cb7b682
91c93b91.jpg,new_whale w_b7fe199 w_7649712 w_5297ab3 w_0d48a7d
91cb3c1e.jpg,new_whale w_8459e39 w_d26cc27 w_8bdc211 w_fb7a56b
91d271ff.jpg,new_whale w_47f29cd w_7e8b270 w_ab4cae2 w_9c3db0a
91d68b43.jpg,new_whale w_33032d1 w_c3684ba w_886257d w_29eb3b2
91df94cd.jpg,new_whale w_bf38f05 w_94cd45e w_eb39613 w_b5e3076
91e5f301.jpg,new_whale w_7c7a78c w_8db45b7 w_494dd45 w_dbaa2b1
91ea0f62.jpg,new_whale w_fce6ab2 w_cad1a8d w_98baff9 w_0e737d0
91eb3a58.jpg,new_whale w_030294d w_4378542 w_9ea2cc3 w_4ebeafb
91ee242b.jpg,new_whale w_059ac60 w_693c9ee w_2ac83b0 w_2658649
91f4bde8.jpg,new_whale w_ba302c8 w_67de30b w_d80e1bc w_17964ef
91fa5f08.jpg,new_whale w_8fab53d w_bf4880a w_98baff9 w_b0e05b1
91fae2d5.jpg,new_whale w_3d0bc7a w_c9e1cdc w_97f5054 w_6361632
9204a6c4.jpg,new_whale w_aa16da4 w_41ed8e8 w_91361f0 w_654a5bb
9206e079.jpg,new_whale w_dfbfe10 w_6e8486d w_7e5cc5e w_daf1085
9207d7bb.jpg,new_whale w_6a2c07f w_fab740d w_7759db0 w_4759df3
920a79cc.jpg,new_whale w_8b15b96 w_0e4f53c w_ce29d2a w_83df8d5
920cdee7.jpg,new_whale w_db93738 w_fcfcf68 w_496c4f0 w_adb041c
920da025.jpg,new_whale w_4855bd3 w_7c7a78c w_34fd328 w_b6886e5
92146d85.jpg,new_whale w_059ac60 w_0de84f0 w_8d300c3 w_fce6ab2
921608f8.jpg,new_whale w_41fa033 w_3dd89d0 w_3f904cf w_0ead9d7
922b3afd.jpg,new_whale w_a254eb0 w_98baff9 w_ab4cae2 w_48f649e
922de1ba.jpg,new_whale w_788b689 w_7e4d894 w_c10ffe9 w_b8dff40
923143d5.jpg,new_whale w_5d96ba4 w_da0f481 w_b6301f8 w_ea2385d
92331aaa.jpg,new_whale w_d775542 w_fc15159 w_acff672 w_1596a47
9239619f.jpg,new_whale w_434ad6a w_1e45a47 w_1febbf3 w_0f96780
923a841d.jpg,new_whale w_3bc8a47 w_778ee6e w_e86cf21 w_7538a4c
923c45ec.jpg,new_whale w_cf24f84 w_34c4927 w_49bbc79 w_f21f2ec
923e96fe.jpg,new_whale w_813c5be w_303518a w_851a7f4 w_2071a4c
923ecd7d.jpg,new_whale w_01ab6dc w_73d5489 w_5d4facb w_d9787aa
924035dd.jpg,new_whale w_4e0eaa1 w_b932b22 w_844f032 w_6556c5c
924a66aa.jpg,new_whale w_693c9ee w_98baff9 w_b0e05b1 w_e3c119c
924afbf3.jpg,new_whale w_030294d w_98dcedd w_dcb1f2a w_302af0a
924df66f.jpg,new_whale w_d8f848c w_993d66c w_8f593d4 w_c55c9cd
92513621.jpg,new_whale w_96d9eaf w_5f84b1a w_b96d4e0 w_0d8fb3f
925a6caf.jpg,new_whale w_056be75 w_fea7fe6 w_60d8778 w_1dc6d62
925c6294.jpg,new_whale w_56bbc91 w_0e9f6d9 w_cf092f5 w_1a70685
92657338.jpg,new_whale w_b96d4e0 w_693c9ee w_0471bdf w_5b99089
9266b71c.jpg,new_whale w_01c2cb0 w_cd1f1ed w_7cfaa82 w_6c803bf
92694f78.jpg,new_whale w_20da4cf w_b9ee5ec w_423e872 w_1911cbb
92699546.jpg,new_whale w_f50ee01 w_c128384 w_c11932e w_f0a2e40
9269db0a.jpg,new_whale w_f8e6546 w_49bb827 w_ccb4adc w_3aa2073
926a3fbc.jpg,new_whale w_5021993 w_9236aac w_32475a1 w_1beadba
926c3426.jpg,new_whale w_1c2fb13 w_72f25c9 w_fe87f0a w_703e39b
9275cc18.jpg,new_whale w_029013f w_93bf889 w_89d9c03 w_11b993a
9276562b.jpg,new_whale w_1fb42f1 w_fa32440 w_d3a5075 w_81b402a
9279f56a.jpg,new_whale w_0e4f53c w_518129a w_f0f0dbb w_7918071
9283845a.jpg,new_whale w_c6fceea w_5c62a56 w_9a4bd76 w_c390258
9283969a.jpg,new_whale w_44beff0 w_be4d5b8 w_8f2fb79 w_8740039
928a290b.jpg,new_whale w_d382236 w_fa32440 w_ad370e1 w_dd086b2
928ee350.jpg,new_whale w_4659acf w_721d2e9 w_50eb157 w_6d90f45
9291a2f0.jpg,new_whale w_8507226 w_fdcfcea w_3fc3d07 w_79b42cd
9293d2cc.jpg,new_whale w_b074cdf w_403f92f w_2ac83b0 w_0b04c08
92945af3.jpg,new_whale w_b47a4a1 w_6c803bf w_5c32d2a w_59eb8ae
929ccb6b.jpg,new_whale w_3aa2073 w_4b7b80b w_f8e6546 w_98baff9
92a7ba36.jpg,new_whale w_eb34c4d w_e4971dc w_9205d40 w_a4d41b4
92abd4dc.jpg,new_whale w_2a939eb w_e59a1f0 w_34c4927 w_e61dd6d
92ad7dad.jpg,new_whale w_0beef28 w_07616fd w_4c9d3df w_19f0b15
92bb8c33.jpg,new_whale w_98baff9 w_dbda0d6 w_c0f3e88 w_4b7b80b
92c12700.jpg,new_whale w_0beef28 w_62f299e w_a59905f w_853c1f7
92c227c0.jpg,new_whale w_fd1cb9d w_3411b9f w_7cc620b w_2d99a0c
92c2f1c0.jpg,new_whale w_7763134 w_3f2a05c w_a837660 w_7311fe4
92c52897.jpg,new_whale w_94e1ed4 w_0e737d0 w_ddf0c2c w_ab4cae2
92c5dfbe.jpg,new_whale w_89e159a w_25d7f93 w_73d5489 w_ae07541
92ca24b7.jpg,new_whale w_71c7322 w_8a98ddb w_4a7080a w_54c00ad
92ca4ba3.jpg,new_whale w_f4ac89a w_44beff0 w_cb7b682 w_993d66c
92d68ee3.jpg,new_whale w_a965f14 w_45b90d9 w_1e4e7a4 w_3cbccb7
92d7ae60.jpg,new_whale w_19ca2c6 w_1908442 w_cd65880 w_656ef35
92da531c.jpg,new_whale w_76ebad6 w_87acd5c w_af9a47a w_5c62a56
92db03b2.jpg,new_whale w_f014da3 w_0e4f53c w_667833e w_c551c9d
92e9a58e.jpg,new_whale w_7a3a328 w_0265cb6 w_ee17a08 w_7ed0d17
92eb8189.jpg,new_whale w_ac69cf7 w_03c84ef w_4a4546c w_c0d1701
92f5fc28.jpg,new_whale w_5deefd9 w_83df8d5 w_e6f5e09 w_667833e
92f7bf1d.jpg,new_whale w_ff39e03 w_a18d0dc w_302af0a w_7885601
92f8f129.jpg,new_whale w_c1b3568 w_ab6db0f w_ea2385d w_2963114
92faa8d4.jpg,new_whale w_2cde7c0 w_ea2385d w_8d83172 w_1dff010
93085740.jpg,new_whale w_f18df18 w_30f095d w_ab6db0f w_fba3bde
930acb03.jpg,new_whale w_b7d5069 w_71c7322 w_29cc48b w_da6d50b
930b0276.jpg,new_whale w_a59905f w_1dff010 w_1717a13 w_18eee6e
930dbbc0.jpg,new_whale w_d2be6cc w_c27d036 w_43be268 w_a2b3d53
930f2347.jpg,new_whale w_3e1ba5b w_5817e08 w_64f3545 w_662a132
9313b4af.jpg,new_whale w_9a4bd76 w_f33b12b w_b074cdf w_0d48a7d
931489d0.jpg,new_whale w_9875c12 w_43c0762 w_7c7a78c w_fd1cb9d
9315a9d7.jpg,new_whale w_cddb3f4 w_0103030 w_1161030 w_b4eeae6
9316fbd9.jpg,new_whale w_df092eb w_b9c9129 w_62f804d w_d663f4f
931fee0b.jpg,new_whale w_7c943ab w_9875c12 w_c3aaa3a w_06972d2
9321bc2b.jpg,new_whale w_d142b00 w_7763134 w_367b996 w_7f3a122
93244a0b.jpg,new_whale w_58bca3c w_e59294d w_2eabd5a w_cc1f8bc
9324ef8b.jpg,new_whale w_a335e80 w_516bedb w_c9e1cdc w_6361632
93251902.jpg,new_whale w_e59294d w_4e52a49 w_ab9fa59 w_434ad6a
9325ec9c.jpg,new_whale w_98baff9 w_a1237e3 w_8a00b09 w_29670e2
932a920f.jpg,new_whale w_76c2a95 w_0b04c08 w_9a4bd76 w_c11932e
932db9d6.jpg,new_whale w_414a0d7 w_afc7d61 w_987a36f w_3b0894d
93324381.jpg,new_whale w_f478955 w_43966a3 w_fd1cb9d w_8867074
9341a248.jpg,new_whale w_701972b w_41901e5 w_8c605d2 w_dd52cfc
9342fe8a.jpg,new_whale w_09d7946 w_72d5b6c w_d9aab0a w_c9e1cdc
93498d86.jpg,new_whale w_5c07f42 w_77e1ae3 w_a24f581 w_ab4cae2
93573825.jpg,new_whale w_ba39446 w_44a6b62 w_cdc21df w_414a0d7
9359b34e.jpg,new_whale w_38e4aae w_fc15159 w_44f0fa2 w_3d4900b
935b1151.jpg,new_whale w_48a98d7 w_ffa7427 w_f1177c9 w_c708dc7
935d455f.jpg,new_whale w_a3c6ed0 w_896023f w_1eafe46 w_2e872af
935d82ba.jpg,new_whale w_76048fe w_e09e886 w_b99edea w_44a6b62
9366a2a8.jpg,new_whale w_ecb9a79 w_7e93962 w_ba53619 w_b6410bc
9368ca02.jpg,new_whale w_c87c10b w_d382236 w_d465e44 w_9875c12
9370018c.jpg,new_whale w_790c2aa w_9b3ed01 w_b678944 w_096bc48
9370cfc4.jpg,new_whale w_0c42dba w_37374fa w_25fdcfb w_a67a1bc
93760c33.jpg,new_whale w_bb6afc8 w_e39371c w_48bcad8 w_f6722e7
937937e6.jpg,new_whale w_c167245 w_0ea659e w_6dbb861 w_93dcf76
937a6503.jpg,new_whale w_0f20cbc w_7554f44 w_b074cdf w_f93d780
937e3d3e.jpg,new_whale w_0729511 w_20c671c w_29670e2 w_6ae7a93
9382c9c8.jpg,new_whale w_ce269ec w_24a2923 w_4c2d259 w_7554f44
93835cde.jpg,new_whale w_813c5be w_b0e05b1 w_a38fee3 w_60c5e7e
939088be.jpg,new_whale w_da2efe0 w_43be268 w_1287fbc w_d88328d
9393cdcb.jpg,new_whale w_c0d494d w_a779e16 w_b96d4e0 w_6202983
93987849.jpg,new_whale w_4b18498 w_c622a3f w_d19a884 w_7e8b270
939dd454.jpg,new_whale w_403f92f w_f71bac2 w_b9e00eb w_a3868fb
939decd6.jpg,new_whale w_a51b387 w_001ebbc w_aa16da4 w_5dbe64d
939e15b5.jpg,new_whale w_e548eb7 w_83df8d5 w_102ab59 w_701972b
93a1b5ae.jpg,new_whale w_5e78545 w_acbc912 w_fc76ede w_601b6d4
93a5c9c5.jpg,new_whale w_0f54cdf w_0b3f313 w_c786765 w_d2f081f
93b0a6f9.jpg,new_whale w_9548fcf w_5c23454 w_b0e05b1 w_1cb2134
93b79cd8.jpg,new_whale w_741861e w_9a6cbd9 w_be32bec w_1287fbc
93bbba81.jpg,new_whale w_0d39a68 w_95874a5 w_21e178f w_c9e1cdc
93bbca24.jpg,new_whale w_b648329 w_715d152 w_ee9c4d7 w_f3bd33a
93be6443.jpg,new_whale w_408c5a7 w_966e86e w_bd61ca9 w_cb7b682
93c34261.jpg,new_whale w_7e9e89f w_b1d6681 w_c4f3619 w_c11932e
93c3c602.jpg,new_whale w_efebfe8 w_5be8e63 w_9ca943b w_c58b474
93c602da.jpg,new_whale w_a01d903 w_893e77a w_441bd21 w_56743d6
93d859d2.jpg,new_whale w_c8f7bcd w_2c75202 w_b8dff40 w_17e8554
93e069c9.jpg,new_whale w_8fab53d w_eb0a6ed w_cae7677 w_dbda0d6
93f15f06.jpg,new_whale w_18eee6e w_89ee7c1 w_9ceb05d w_eb44149
93f3be17.jpg,new_whale w_62f804d w_6c803bf w_67de30b w_6710cf8
93f3c60b.jpg,new_whale w_d5ec83f w_2739d94 w_e964ae8 w_69185bb
94037273.jpg,new_whale w_bcf23a8 w_bb2d34d w_9ec358c w_39776da
940d4f6c.jpg,new_whale w_b688397 w_20c671c w_cd01afb w_94da90b
94183a62.jpg,new_whale w_df7485b w_d47e2e3 w_2fd73d9 w_654a5bb
941c20c5.jpg,new_whale w_7158e92 w_d22af00 w_5436d75 w_3fc3d07
94244ece.jpg,new_whale w_aed6a9a w_dfbfe10 w_a2633d4 w_286ec5f
9425df28.jpg,new_whale w_fd218ba w_6df35bf w_23526cb w_54fc5b3
942e30d8.jpg,new_whale w_57c8da9 w_ab1c859 w_a965f14 w_d9aab0a
942f6b23.jpg,new_whale w_073f071 w_c22307d w_97bc172 w_9c5ed68
943b08ad.jpg,new_whale w_32602d9 w_d428980 w_8397970 w_398aa7f
9447bfe4.jpg,new_whale w_0337aa5 w_4f0b7d9 w_a2a1378 w_76387b4
944bffc1.jpg,new_whale w_b6c4efa w_6361632 w_86b9dfd w_12cdfbd
944ceaee.jpg,new_whale w_33fc58d w_dfec7a3 w_d382236 w_18eee6e
944d7f28.jpg,new_whale w_b074cdf w_0b04c08 w_e964ae8 w_ab4cae2
944ea0d8.jpg,new_whale w_530f87b w_b5d8846 w_0dee306 w_18a854b
944f319b.jpg,new_whale w_13550b4 w_e6f5e09 w_7918071 w_5deefd9
9451ea8d.jpg,new_whale w_9b401eb w_9729e1e w_8e3ebeb w_6c3d086
9454154a.jpg,new_whale w_38e4aae w_6c803bf w_711aaa1 w_fc7cc24
9456ab03.jpg,new_whale w_93dcf76 w_8a7b9c8 w_c3ff6f2 w_397e3db
945b88c8.jpg,new_whale w_b5e3076 w_a965f14 w_a837660 w_d9aab0a
946ad667.jpg,new_whale w_53ef628 w_64433af w_15427c3 w_04c1951
94791360.jpg,new_whale w_987a36f w_552a16e w_0a97a25 w_30f095d
9479afc0.jpg,new_whale w_b8f8e69 w_c128384 w_38efc2d w_3bb210a
947cd88d.jpg,new_whale w_53859b2 w_5bc7e7f w_e7f8e67 w_0bc1db0
94897b4d.jpg,new_whale w_67599af w_f478955 w_3745f59 w_e3c0ae5
948db705.jpg,new_whale w_1e7bb93 w_86b3f04 w_102ab59 w_9caed77
949ca0ac.jpg,new_whale w_abe383e w_93bf889 w_89d9c03 w_17ee910
949d19dd.jpg,new_whale w_e6d0696 w_89e159a w_fbcb6e4 w_43be268
949e5dd3.jpg,new_whale w_517a3bc w_3e1a037 w_4da05cc w_b04d4f1
94a18287.jpg,new_whale w_773967d w_f1a4389 w_5cb5fc3 w_eb0a6ed
94a65ef5.jpg,new_whale w_2af3059 w_3d8c865 w_e101deb w_8507226
94ad8b86.jpg,new_whale w_1287fbc w_da2efe0 w_13c6b6b w_33909b8
94adf37d.jpg,new_whale w_07a425f w_505a141 w_773509f w_1a70685
94b0392f.jpg,new_whale w_242a05d w_b6ae946 w_813c5be w_89317b0
94bc8c1f.jpg,new_whale w_9b3ed01 w_790c2aa w_9577f88 w_ace5d0c
94c15ba9.jpg,new_whale w_339c8ae w_a58f64d w_966e86e w_b4eeae6
94c15ca2.jpg,new_whale w_71e6583 w_aa16da4 w_9c70a11 w_94cd45e
94c2e47c.jpg,new_whale w_c9dd32e w_ebff750 w_1894a1c w_cece268
94c5c11d.jpg,new_whale w_af890ad w_493c000 w_a71aa99 w_d175300
94cf4d30.jpg,new_whale w_9ca943b w_1eafe46 w_acc67ea w_46b211d
94d49e64.jpg,new_whale w_0c8a724 w_1632307 w_c053b99 w_c3ff6f2
94dd4893.jpg,new_whale w_bb2d34d w_d2be6cc w_656afeb w_073b15e
94e23e4b.jpg,new_whale w_5d6786e w_b6886e5 w_2863d51 w_35453e0
94e8943d.jpg,new_whale w_5007db3 w_12f2352 w_ff70408 w_656afeb
94eae2fc.jpg,new_whale w_efebfe8 w_e02fe7b w_9ca943b w_dee1df3
94eba20f.jpg,new_whale w_73b705e w_4790f64 w_d8f848c w_813c5be
94f3b93c.jpg,new_whale w_9ab6e50 w_36a4e8b w_98baff9 w_7257028
94f57c22.jpg,new_whale w_a14ccaa w_db2baec w_43eea34 w_9cb529f
94f8f270.jpg,new_whale w_0308405 w_a2564cf w_7cc620b w_19dc50f
94fb496a.jpg,new_whale w_67de30b w_1febbf3 w_6202983 w_5ad2030
94fed69b.jpg,new_whale w_6c803bf w_987a36f w_67de30b w_e2e56e9
950bccf5.jpg,new_whale w_fd1cb9d w_4659acf w_b05f565 w_4e7fc3e
9513eacc.jpg,new_whale w_3026ce2 w_80618a3 w_f70bf4d w_7419e4b
95169209.jpg,new_whale w_a59905f w_9ea2cc3 w_2a18a44 w_4ebeafb
951dde0d.jpg,new_whale w_7c7a78c w_0e737d0 w_2a18a44 w_b4732ef
9523b7c7.jpg,new_whale w_2fdf63b w_ec87420 w_98baff9 w_e73c666
9529f31c.jpg,new_whale w_1310342 w_7c7a78c w_900fab7 w_861cc1c
952a33b9.jpg,new_whale w_7f867ec w_3326396 w_1310342 w_98baff9
952e3072.jpg,new_whale w_c926fc3 w_434ad6a w_8fab53d w_62f299e
952f2681.jpg,new_whale w_49bbc79 w_43be268 w_89e159a w_bf69a19
952f69eb.jpg,new_whale w_02facde w_16ad10e w_17ee910 w_1287fbc
9530f425.jpg,new_whale w_f790728 w_fd1cb9d w_3061bdd w_8d46cef
9531dca0.jpg,new_whale w_cd70e8b w_8db45b7 w_1d05772 w_613723e
95334a4e.jpg,new_whale w_4b7b80b w_98baff9 w_6092d5c w_fce6ab2
953e1487.jpg,new_whale w_eb39613 w_7e8b270 w_f83b1f9 w_6dbb861
954096fe.jpg,new_whale w_9948a99 w_f0d8be1 w_7e8b270 w_bf38f05
9548305c.jpg,new_whale w_7276f4b w_9a5cd8e w_4103f39 w_f4b95e7
954c4001.jpg,new_whale w_d676d44 w_59db39b w_4a7080a w_ab6bb0a
954c85e7.jpg,new_whale w_f8e6546 w_40a8760 w_376a413 w_993dbe8
954e388b.jpg,new_whale w_91b7c58 w_2ac83b0 w_b0e05b1 w_b7fe199
95502f6f.jpg,new_whale w_9b6b87d w_20c671c w_588d5d7 w_493c000
95561b35.jpg,new_whale w_45461e6 w_41ed8e8 w_813c5be w_9e1e278
955c0177.jpg,new_whale w_c9e1cdc w_ab6db0f w_d2be6cc w_95874a5
955e0f92.jpg,new_whale w_cd01afb w_f672e01 w_9caed77 w_07e92ee
95600aae.jpg,new_whale w_62f299e w_9ca943b w_54c00ad w_637f363
9560ac9a.jpg,new_whale w_95874a5 w_a38d1a3 w_9321960 w_aa16da4
9561ffa4.jpg,new_whale w_fc76ede w_96c6151 w_349fcbc w_9287bbb
956664d0.jpg,new_whale w_ab039e2 w_dbda0d6 w_3d187b5 w_98baff9
956b751d.jpg,new_whale w_d915632 w_4855bd3 w_3d0bc7a w_78999a6
956cce68.jpg,new_whale w_49b425b w_1a62e1f w_a93c8f9 w_98ab48e
956de365.jpg,new_whale w_7e8b270 w_a2633d4 w_654a5bb w_b59c523
957039e2.jpg,new_whale w_693c9ee w_a2a1378 w_a59905f w_ab4cae2
9572ae00.jpg,new_whale w_b0362e2 w_fe49bc4 w_7c44934 w_542f8ca
9579fff8.jpg,new_whale w_dd66cf9 w_9ea2cc3 w_9ec358c w_c751211
957f5854.jpg,new_whale w_7a8ce5a w_9577f88 w_d663f4f w_7554f44
958569db.jpg,new_whale w_7f45825 w_d428980 w_7b035cc w_8286350
95895238.jpg,new_whale w_8f1aa27 w_eb34c4d w_19e8a2d w_f774c8b
958a4aca.jpg,new_whale w_03a2ed7 w_3fc3d07 w_244bd92 w_b4732ef
959081ca.jpg,new_whale w_d9aab0a w_7e8b270 w_b942708 w_883b284
9590868e.jpg,new_whale w_1e45a47 w_a837660 w_541b160 w_67fecca
95918efe.jpg,new_whale w_dfd7ee8 w_0a97a25 w_9ca943b w_1287fbc
9595b03a.jpg,new_whale w_6d17527 w_b96d4e0 w_136337c w_2e4fecc
95966d73.jpg,new_whale w_71c7322 w_d915632 w_4195fc3 w_e826a6f
959ed9af.jpg,new_whale w_fb72090 w_d10472d w_e90c89f w_cd38536
95a1e2c6.jpg,new_whale w_c0d494d w_73b705e w_97f5054 w_fa32440
95a28120.jpg,new_whale w_fd1cb9d w_2dcbf82 w_e3caa40 w_43be268
95ac04df.jpg,new_whale w_f546b0a w_b678944 w_b9f5b8b w_1eafe46
95ac4510.jpg,new_whale w_ff1b64c w_efebfe8 w_b066aa6 w_4fb3c95
95ae1167.jpg,new_whale w_e09e886 w_f51b4bc w_7311fe4 w_62f804d
95ae3c8d.jpg,new_whale w_80d95d6 w_03f060f w_989fbbb w_102ab59
95b37710.jpg,new_whale w_0f92544 w_71bfc77 w_3b483d3 w_c4f3619
95b3acd4.jpg,new_whale w_41fa033 w_a254eb0 w_7875b79 w_97493dd
95b60f39.jpg,new_whale w_0a2af22 w_222dcb7 w_df15cc8 w_36ac97f
95c39ab2.jpg,new_whale w_5f82501 w_62f804d w_6c803bf w_2e27b77
95cd730f.jpg,new_whale w_49bbc79 w_0b0d88d w_38e4aae w_987a36f
95d087c9.jpg,new_whale w_b7a832a w_73c9ba2 w_cbedcb0 w_d22af00
95decf23.jpg,new_whale w_6a3210a w_4ec48a9 w_bd6e2dd w_cd1f1ed
95def1fe.jpg,new_whale w_3461d6d w_92be3ca w_813c5be w_3cc4e90
95e18b14.jpg,new_whale w_70b4610 w_d10472d w_3f5e7fc w_883557a
95e408cd.jpg,new_whale w_14c8f15 w_ad6edbe w_dcb4be9 w_2ceab05
95ea12ca.jpg,new_whale w_b17f9ea w_cf3c233 w_3355365 w_6202983
95f20eae.jpg,new_whale w_837646b w_5f9508d w_10ace22 w_cbedcb0
95f2b635.jpg,new_whale w_09e0cbf w_7427ace w_14964c1 w_1717a13
95f991c4.jpg,new_whale w_8d46cef w_32a920b w_54c00ad w_fd1cb9d
95fa67a3.jpg,new_whale w_ea96346 w_5374a4c w_e4f1fcc w_2881995
95faa7a9.jpg,new_whale w_014250a w_15928c6 w_44cccf6 w_993d66c
95faf9bb.jpg,new_whale w_717a293 w_34c4927 w_0d39a68 w_ae07541
95fd9a46.jpg,new_whale w_5e04db0 w_c7f1975 w_dc89c4c w_91a96d8
96070620.jpg,new_whale w_883557a w_83e0203 w_8643ba3 w_fc76ede
9609ac0a.jpg,new_whale w_1489751 w_376a413 w_2f54c3c w_a646643
960b5ab6.jpg,new_whale w_c926fc3 w_98baff9 w_cce0444 w_e4e6f5b
9611828f.jpg,new_whale w_52c8684 w_b1c44fe w_96c6151 w_54fc5b3
9614556c.jpg,new_whale w_b074cdf w_f18df18 w_cd88a48 w_0d48a7d
9615b455.jpg,new_whale w_b05f565 w_4659acf w_0f96780 w_38158d6
96189818.jpg,new_whale w_a25caa9 w_329e594 w_1272a31 w_9434f0c
9619ffde.jpg,new_whale w_4a38a9f w_fe49bc4 w_0e96943 w_e0efc4f
961d5312.jpg,new_whale w_bdbec6c w_83df8d5 w_95c7d1b w_302af0a
9621fd8d.jpg,new_whale w_5ba417d w_a1e017f w_eb39613 w_0e7cb1c
962db6fd.jpg,new_whale w_dcb4be9 w_61e1076 w_fb2c3fb w_cc3a724
962de98e.jpg,new_whale w_0fecdf7 w_717a293 w_eb47189 w_34c4927
962e1dd9.jpg,new_whale w_c4f3619 w_60c5e7e w_376a413 w_87050a3
96307bce.jpg,new_whale w_cda5d6e w_3698eaf w_cc60002 w_cae7677
9631a155.jpg,new_whale w_5cef366 w_d22af00 w_0793503 w_ccf547c
9633586d.jpg,new_whale w_fe5e78b w_b074cdf w_69a9f72 w_35d4d83
9633ef04.jpg,new_whale w_3e0f25d w_a7f847f w_39d2684 w_d642d4e
9634ee9b.jpg,new_whale w_e156c87 w_2850471 w_4285435 w_a22f338
9637f9f0.jpg,new_whale w_9d9913a w_ab1c859 w_d6a6360 w_302af0a
963f6efd.jpg,new_whale w_8e3ebeb w_02facde w_95874a5 w_4d4bd72
964f9752.jpg,new_whale w_8bdc211 w_cbd271b w_6ddbb81 w_851a7f4
9653b680.jpg,new_whale w_afef556 w_38e4aae w_9122e43 w_987a36f
9656fc33.jpg,new_whale w_5b8f282 w_51969d2 w_abc2eda w_7c7a78c
965d976a.jpg,new_whale w_b47a4a1 w_5c32d2a w_073b15e w_6e8486d
96601d3b.jpg,new_whale w_f8e6546 w_03c84ef w_f0f0dbb w_5af7a9c
9664da20.jpg,new_whale w_0e737d0 w_9ea2cc3 w_98baff9 w_4b7b80b
966dc6bb.jpg,new_whale w_b0362e2 w_79b42cd w_050d056 w_d708c5a
966ff541.jpg,new_whale w_da7d77c w_f0612be w_fba3bde w_9ea2cc3
96758426.jpg,new_whale w_d430a78 w_fe96bef w_f3db3f1 w_376a413
967ca9aa.jpg,new_whale w_efe57c7 w_de3cab3 w_cf24f84 w_76d84e2
967d3bd3.jpg,new_whale w_fce6ab2 w_e02fe7b w_2c1dafa w_7e48479
968cb8fe.jpg,new_whale w_667833e w_73d5489 w_ee948c6 w_37f17ad
968ce3e9.jpg,new_whale w_1c6d5f0 w_ada188f w_45aac7a w_4a3032d
968fc6f1.jpg,new_whale w_0fea5a3 w_b9e00eb w_41901e5 w_7f199c6
9692834e.jpg,new_whale w_acc33ca w_35ffe80 w_f3d98bc w_8f1aa27
969456f5.jpg,new_whale w_56bbc91 w_3fe1eb9 w_bc18612 w_5624f08
9695157d.jpg,new_whale w_ebc870d w_2fdee7b w_92c6140 w_43be268
9695882b.jpg,new_whale w_9875c12 w_7c9fd46 w_7c2d27c w_17a0832
96989dfb.jpg,new_whale w_2d29ddd w_badfc4b w_073f071 w_c22307d
96a07930.jpg,new_whale w_3326396 w_98baff9 w_e02fe7b w_96c6151
96a33000.jpg,new_whale w_ccbc782 w_0faef4d w_60eba40 w_70715c1
96a8a869.jpg,new_whale w_9205d40 w_680e011 w_b1d6681 w_e4971dc
96a9a969.jpg,new_whale w_e5250e9 w_97f5054 w_ab4cae2 w_693c9ee
96aaafd8.jpg,new_whale w_db474c7 w_8fab53d w_b329c00 w_98baff9
96ac5be8.jpg,new_whale w_116a51f w_2725793 w_f4d89bb w_8489554
96ae4ce4.jpg,new_whale w_aed6a9a w_0ee4d6d w_dfbfe10 w_df092eb
96afdb14.jpg,new_whale w_19a5685 w_02d5fad w_0d8fb3f w_db2c158
96b23fa3.jpg,new_whale w_a254eb0 w_3674103 w_e4d3ec3 w_73321ab
96b34841.jpg,new_whale w_4659acf w_6d90f45 w_62f299e w_0f96780
96b4d5f4.jpg,new_whale w_43be268 w_987a36f w_ef7755e w_11f6df1
96b536d2.jpg,new_whale w_83714b7 w_ab4cae2 w_efd3f81 w_8c605d2
96b754dd.jpg,new_whale w_41901e5 w_2554558 w_1ec267f w_cae7677
96b891bb.jpg,new_whale w_85cdd9b w_c13b4e6 w_23526cb w_4072313
96c0166d.jpg,new_whale w_78ba632 w_9d704ab w_71c7322 w_62f299e
96c1caa3.jpg,new_whale w_24bdae3 w_80d95d6 w_3572b44 w_102ab59
96c46a9f.jpg,new_whale w_7554f44 w_21e178f w_c622a3f w_fea7fe6
96c83a82.jpg,new_whale w_e5edb40 w_09e0cbf w_7419e4b w_eb0a6ed
96c93025.jpg,new_whale w_da2efe0 w_fba3bde w_ace8c54 w_3add848
96ccf816.jpg,new_whale w_402784d w_e082823 w_8c1ec28 w_1febbf3
96d3ac6f.jpg,new_whale w_efaada7 w_06dbe6b w_6c803bf w_625a6a9
96d85b75.jpg,new_whale w_aef3680 w_77e1d3f w_43be268 w_b0aabf9
96d9ef09.jpg,new_whale w_aa16da4 w_7417ab0 w_2c0af5e w_361e290
96dfb2dd.jpg,new_whale w_1596a47 w_576db5d w_8db45b7 w_61cf42e
96eeef87.jpg,new_whale w_92c7ace w_badfc4b w_63035d1 w_3e1ba5b
96efab13.jpg,new_whale w_e826a6f w_bc3fd54 w_c84551d w_0b04c08
96f6b579.jpg,new_whale w_3326396 w_98baff9 w_7f867ec w_1310342
96f86640.jpg,new_whale w_7d896ac w_cd02407 w_f115d53 w_8376b7e
96f99acc.jpg,new_whale w_7b035cc w_d428980 w_ef2f0f0 w_67de30b
9709be0d.jpg,new_whale w_2658649 w_3136deb w_56ccad1 w_98baff9
9712ddbf.jpg,new_whale w_6635a97 w_daf1085 w_7427ace w_6132293
9714c3d8.jpg,new_whale w_c429c2a w_338b130 w_515838e w_f18df18
971736f7.jpg,new_whale w_4a7080a w_1c22d7e w_569c2c7 w_f022f78
971c929d.jpg,new_whale w_cd70e8b w_97666c8 w_6c8601e w_1dc66b7
97216852.jpg,new_whale w_98baff9 w_0e737d0 w_ba17206 w_ab4cae2
9729a55b.jpg,new_whale w_c9e1cdc w_fb4d1f1 w_6ae1eaf w_6202983
9729d43f.jpg,new_whale w_20c671c w_73d5489 w_7276f4b w_9b6b87d
972d320b.jpg,new_whale w_224000c w_ab4cae2 w_7e48479 w_fcee41d
9731acbb.jpg,new_whale w_0f96780 w_7b035cc w_3061bdd w_9438980
97329d08.jpg,new_whale w_78b325d w_a3cd405 w_263e243 w_a59905f
9735cc02.jpg,new_whale w_dbaa2b1 w_f86488a w_414f402 w_f3bd33a
973a1f69.jpg,new_whale w_9ca943b w_b7d5069 w_eac205a w_dbd28fa
973cf873.jpg,new_whale w_d94db94 w_e594616 w_5a81425 w_a26a029
973d2e21.jpg,new_whale w_2963114 w_1dff010 w_c1b3568 w_32a920b
97497421.jpg,new_whale w_a8e5d39 w_1dc66b7 w_18eee6e w_ad6edbe
974be068.jpg,new_whale w_9ec358c w_96b697f w_18eee6e w_7b035cc
97522a86.jpg,new_whale w_bd5cf0a w_8201aa8 w_19212f0 w_23d3b1c
97540849.jpg,new_whale w_50729c4 w_c7efb86 w_dbda0d6 w_40323ac
97545d3c.jpg,new_whale w_e59294d w_1948625 w_73bed18 w_bb2d34d
9754c67b.jpg,new_whale w_a35191f w_09d7946 w_7234b3d w_1287fbc
9757c04d.jpg,new_whale w_0e4f53c w_0bc712b w_143b201 w_73d5489
9758f1b8.jpg,new_whale w_ace8c54 w_7028d77 w_7e8b270 w_fea7fe6
97669475.jpg,new_whale w_59eb8ae w_d2be6cc w_c9e1cdc w_06972d2
976698f1.jpg,new_whale w_cb7d1b5 w_4855bd3 w_43be268 w_71c7322
976e766e.jpg,new_whale w_02facde w_bb2d34d w_8ba2066 w_fa69bb8
977c4b0b.jpg,new_whale w_12cdfbd w_38e4aae w_6ef68ed w_e61dd6d
977cb613.jpg,new_whale w_c39fceb w_96c6151 w_d4eb9ed w_37374fa
977e8049.jpg,new_whale w_a59905f w_86b9dfd w_bf8c3d2 w_12f2352
97837200.jpg,new_whale w_e282300 w_02c9470 w_ec87420 w_d1bbde9
978733d0.jpg,new_whale w_4a7080a w_f183341 w_01f8a43 w_b41e229
9788a33d.jpg,new_whale w_f7a0fd7 w_0c6d50d w_3aa2073 w_62ca7c8
978e9b80.jpg,new_whale w_ab6bb0a w_3f91e04 w_7f999ff w_42f935c
978ed4cd.jpg,new_whale w_9023f3b w_703e39b w_861cc1c w_89e159a
978f3785.jpg,new_whale w_1eafe46 w_a779e16 w_acc67ea w_cb7b682
978f58c7.jpg,new_whale w_f83b1f9 w_d2e1f2a w_f115d53 w_d22af00
97902762.jpg,new_whale w_c80d300 w_d141590 w_1b1c32f w_1da7080
97922317.jpg,new_whale w_cb32cb8 w_3de676c w_5d96ba4 w_0d39a68
979227f3.jpg,new_whale w_7bda16b w_49bbc79 w_2a939eb w_6c803bf
9796e62f.jpg,new_whale w_9ceb05d w_1eafe46 w_3745f59 w_18a854b
9797e880.jpg,new_whale w_98baff9 w_9de3195 w_9b6b87d w_c8728f4
979bd2b2.jpg,new_whale w_d6e5334 w_f0f56dc w_af890ad w_f746a73
97a919ce.jpg,new_whale w_c02ac49 w_ca54a51 w_da2efe0 w_3166a4d
97aaeea4.jpg,new_whale w_5817e08 w_3698eaf w_b9e00eb w_a26a029
97abd156.jpg,new_whale w_735ce7d w_09f9fd3 w_fd587bc w_bf38f05
97acfdb5.jpg,new_whale w_e147c40 w_a1350a7 w_5010531 w_83034c7
97aea908.jpg,new_whale w_dcb1f2a w_fd07344 w_f022f78 w_dfbfe10
97b0611d.jpg,new_whale w_7e8b270 w_c34afd7 w_b6689cc w_3e5069e
97b3be4a.jpg,new_whale w_7e49f1e w_d4c25b6 w_def715a w_ccbc782
97ba1748.jpg,new_whale w_4c9d3df w_43be268 w_cd1f1ed w_2901dbf
97c08fd4.jpg,new_whale w_ef2f0f0 w_30f095d w_cd88a48 w_5b2bb99
97c4d3d5.jpg,new_whale w_bb2d34d w_c133ea8 w_5624f08 w_6ef68ed
97c664f5.jpg,new_whale w_c9e1cdc w_b96d4e0 w_c0d494d w_97f5054
97ccabdd.jpg,new_whale w_7b442c4 w_31d3999 w_df21074 w_5f82501
97d03954.jpg,new_whale w_8c1dab2 w_b34793e w_2a939eb w_44cccf6
97d0adb4.jpg,new_whale w_fea7fe6 w_fb94a5a w_a837660 w_c00534d
97d419aa.jpg,new_whale w_4b7b80b w_62ca7c8 w_98baff9 w_7f6ce8e
97d67955.jpg,new_whale w_8f1aa27 w_964ce09 w_49a3b14 w_dbf4e7f
97d88540.jpg,new_whale w_084d01c w_d4fa6f3 w_272259b w_987a36f
97da3e63.jpg,new_whale w_fb72090 w_ed5a7c6 w_8044362 w_402784d
97dc8e55.jpg,new_whale w_7108f6d w_17dc953 w_7b5a630 w_ef2f0f0
97dd51fe.jpg,new_whale w_4b95330 w_b0e05b1 w_b170173 w_1cb2134
97e8595f.jpg,new_whale w_86113c4 w_7427ace w_f75302f w_14964c1
97e881fa.jpg,new_whale w_5c62a56 w_f774c8b w_71e6583 w_d148982
97ea82c9.jpg,new_whale w_640f91d w_c92b4f5 w_def505e w_62f299e
97efd070.jpg,new_whale w_c887c63 w_1c32062 w_f5771d1 w_b17f9ea
97f77ebe.jpg,new_whale w_85755f7 w_5d96ba4 w_837646b w_60c5e7e
97f95dd7.jpg,new_whale w_9146eae w_6d90f45 w_4659acf w_6719a5b
97fcbc5d.jpg,new_whale w_655bba3 w_fe49bc4 w_61c1f9c w_853c1f7
9802098b.jpg,new_whale w_57c8da9 w_ab1c859 w_a965f14 w_d9aab0a
98058390.jpg,new_whale w_fba3bde w_f18df18 w_3cf3853 w_db3621e
98068e1b.jpg,new_whale w_53859b2 w_20c671c w_a71aa99 w_5bc7e7f
9807c2a5.jpg,new_whale w_2a51a27 w_b8f8e69 w_6247b2e w_338d945
980f3c8f.jpg,new_whale w_993d66c w_d9aab0a w_15928c6 w_aa7e5f4
981a7046.jpg,new_whale w_e84ca75 w_b55242e w_9434f0c w_83034c7
981b0881.jpg,new_whale w_1c22d7e w_5f82501 w_ca8bfb4 w_c1b685f
9827843e.jpg,new_whale w_7b035cc w_f2e9055 w_18eee6e w_63db6f9
982cba86.jpg,new_whale w_e0f1df1 w_7895123 w_2d99a0c w_98dcedd
982e6a70.jpg,new_whale w_8a31e6c w_898bb9a w_ec38983 w_f83b1f9
9830e6fa.jpg,new_whale w_8f1946f w_4d528e4 w_425da9a w_1a5beb9
9832b7e3.jpg,new_whale w_49bbc79 w_44cccf6 w_c9e1cdc w_38e4aae
9834907a.jpg,new_whale w_8fab53d w_693c9ee w_10ace22 w_c10ffe9
98349c3a.jpg,new_whale w_e21741a w_3fc3d07 w_b70a0c4 w_11b993a
983578e5.jpg,new_whale w_b074cdf w_7523d74 w_2fdf63b w_23cd105
98368950.jpg,new_whale w_511c464 w_aa16da4 w_883b284 w_4e52a49
98370b2d.jpg,new_whale w_3af4e73 w_32a920b w_1596a47 w_6865ccb
983dd7a4.jpg,new_whale w_6163581 w_1ec0481 w_9577f88 w_1e1a051
983e54a7.jpg,new_whale w_cc759cd w_38e4aae w_efe57c7 w_8d83172
98417669.jpg,new_whale w_17ee910 w_fa32440 w_affdf5d w_1287fbc
98490007.jpg,new_whale w_05b2ddd w_ee17a08 w_b08520c w_d88328d
984ab3bb.jpg,new_whale w_c9e1cdc w_95874a5 w_bb2d34d w_1a5e7a2
984d1c43.jpg,new_whale w_219e33c w_8fd5636 w_89154d2 w_08d1ccd
98535c3e.jpg,new_whale w_6202983 w_96fd936 w_a14ccaa w_fd1cb9d
9859d14f.jpg,new_whale w_bd1dbed w_71764b4 w_5b08542 w_17ee910
985a97d0.jpg,new_whale w_648a9a8 w_45b90d9 w_f8aacbd w_4f28a45
985ba221.jpg,new_whale w_5c07f42 w_e73d83c w_affdf5d w_b41e229
985c17d6.jpg,new_whale w_15db29f w_7c7a78c w_2dae424 w_8fab53d
985c7b68.jpg,new_whale w_1ae1386 w_64befc3 w_9ceb05d w_63db6f9
986fddfc.jpg,new_whale w_b6886e5 w_ae07541 w_2957331 w_0d39a68
9875f5f6.jpg,new_whale w_7763134 w_7311fe4 w_fb94a5a w_a837660
987a1613.jpg,new_whale w_31d3999 w_02d5fad w_2071a4c w_36a4e8b
987cf047.jpg,new_whale w_b9e00eb w_63d1ea6 w_c167245 w_bdbec6c
98869ade.jpg,new_whale w_979a6ef w_7af28d7 w_95874a5 w_c5d7c03
98876939.jpg,new_whale w_44cccf6 w_ae07541 w_9741f42 w_f803b29
989aad35.jpg,new_whale w_73d5489 w_6556c5c w_7324cf5 w_b04d4f1
989c6b29.jpg,new_whale w_c26b92a w_2ffed9c w_54a5871 w_c7b05e7
98a2735f.jpg,new_whale w_57c8da9 w_c0d494d w_8c1ec28 w_73b705e
98a350aa.jpg,new_whale w_dbc392b w_3b3b9b2 w_b170173 w_de2c79f
98a4acbf.jpg,new_whale w_04c1951 w_64433af w_8a31e6c w_1917275
98a63945.jpg,new_whale w_5dbe64d w_70b9e55 w_662a132 w_511c464
98a71749.jpg,new_whale w_38158d6 w_4659acf w_e86cf21 w_b48535f
98b457fc.jpg,new_whale w_7de72c5 w_fae3939 w_7b442c4 w_fce6ab2
98beec35.jpg,new_whale w_8b5885d w_b2ba967 w_081dd6e w_73d5489
98c0e02b.jpg,new_whale w_a1350a7 w_3ee8570 w_143b201 w_41d32aa
98c8e8f9.jpg,new_whale w_f3f84d7 w_b074cdf w_096bc48 w_ce269ec
98d60f0d.jpg,new_whale w_b9cfdfe w_5b1fa1d w_7875b79 w_35063ed
98da4be2.jpg,new_whale w_490b224 w_53859b2 w_c9dc73e w_8643ba3
98e43c64.jpg,new_whale w_7632107 w_4c4c001 w_733f161 w_eb0a6ed
98eccb68.jpg,new_whale w_64befc3 w_d9055d1 w_8fab53d w_fba3bde
98f0b45d.jpg,new_whale w_92c7ace w_3694c7d w_0beef28 w_2d99a0c
98fc6ceb.jpg,new_whale w_059df09 w_8ba2066 w_4fb3c95 w_af890ad
98fce14f.jpg,new_whale w_8c23123 w_8968506 w_61e1076 w_6ef68ed
98ffc0ab.jpg,new_whale w_02b775b w_2fdf63b w_70b9e55 w_434ad6a
990b2e17.jpg,new_whale w_4e52a49 w_0a97a25 w_7285eb3 w_7554f44
99118304.jpg,new_whale w_71c7322 w_d1b13bb w_b074cdf w_83accca
99142cb9.jpg,new_whale w_e8ba2d8 w_7649712 w_99c07e8 w_983829b
991b145b.jpg,new_whale w_1c432e7 w_8158b1f w_1ec0481 w_a2a1378
9922d4b2.jpg,new_whale w_23b9dcb w_a9f41fd w_5d0666e w_3050553
9923f3e0.jpg,new_whale w_2fe43c7 w_ef7755e w_fea7fe6 w_4e52a49
99254916.jpg,new_whale w_217e78a w_09c1e0b w_1e674e6 w_0cb6294
992dbad5.jpg,new_whale w_2dc2ef2 w_8a31e6c w_64433af w_feab6f3
992e9787.jpg,new_whale w_fc76ede w_c887c63 w_46a4137 w_4bd8388
992e9c36.jpg,new_whale w_2658649 w_3136deb w_8459e39 w_c068ed3
9931ee1b.jpg,new_whale w_dfec7a3 w_6c803bf w_c9e1cdc w_3d0bc7a
99321867.jpg,new_whale w_515838e w_4b7b80b w_2eabd5a w_693c9ee
99354fc1.jpg,new_whale w_d663f4f w_4142305 w_569c2c7 w_ab4cae2
99357268.jpg,new_whale w_bcf23a8 w_21a1bdb w_307065e w_5cc2285
99385acd.jpg,new_whale w_53baa9b w_8f593d4 w_9ea2cc3 w_11f6df1
9939283b.jpg,new_whale w_97f5054 w_6ef68ed w_3e6a161 w_338b130
993bfc13.jpg,new_whale w_1c432e7 w_ea6651e w_eff7e35 w_349fcbc
99425d0c.jpg,new_whale w_76387b4 w_4a4546c w_ee9c4d7 w_d2f081f
9943d84f.jpg,new_whale w_87050a3 w_ed32db9 w_73d5489 w_a646643
99470ddf.jpg,new_whale w_8a31e6c w_c0d494d w_8d5ede1 w_0475042
994d23cd.jpg,new_whale w_f51b4bc w_62f804d w_97768ee w_98baff9
99535417.jpg,new_whale w_57186e5 w_f0f0dbb w_f663b5e w_37bd99a
9954cfca.jpg,new_whale w_94cd45e w_d9aab0a w_cb7b682 w_987a36f
99569345.jpg,new_whale w_8c3db0a w_a1350a7 w_b8ea509 w_2b939eb
99576b42.jpg,new_whale w_1dc6d62 w_1eafe46 w_238a4ad w_ee94c57
995d36a4.jpg,new_whale w_03b5e9a w_837646b w_60c5e7e w_b688397
9961c79c.jpg,new_whale w_f19faeb w_c57623d w_7311fe4 w_2071a4c
996f51f6.jpg,new_whale w_a2564cf w_c529cf1 w_3d66298 w_2f6a962
9973925c.jpg,new_whale w_0408054 w_bbd9409 w_8867074 w_2fd21ec
9977e3ab.jpg,new_whale w_528e753 w_cf0c062 w_593485f w_2658649
997c9818.jpg,new_whale w_8b1ca89 w_fe19618 w_987a36f w_a59905f
997caf00.jpg,new_whale w_52a081c w_f6fb689 w_9875c12 w_cae7677
997cc007.jpg,new_whale w_660195e w_b9c9129 w_64f3545 w_330f897
997d6a87.jpg,new_whale w_7895123 w_8719b04 w_12cdfbd w_987a36f
99829ed4.jpg,new_whale w_18df014 w_058547a w_2d57dce w_a67a1bc
99838a30.jpg,new_whale w_0a565c5 w_08f1502 w_ca5f17f w_39f2064
9984a2e5.jpg,new_whale w_8cd3036 w_e0efc4f w_e02fe7b w_db2baec
9987d77c.jpg,new_whale w_b9e00eb w_9c5ed68 w_b678944 w_9cb2dba
998d3273.jpg,new_whale w_6710cf8 w_d2be6cc w_a3cd405 w_a59905f
99904659.jpg,new_whale w_612f4a2 w_74adf0b w_7abaf06 w_4fd48e7
999085e9.jpg,new_whale w_49a3a96 w_53baa9b w_771d855 w_3af4e73
99911657.jpg,new_whale w_d9055d1 w_2fe43c7 w_4c9d3df w_43be268
9991a028.jpg,new_whale w_d89b29e w_4855bd3 w_c9e1cdc w_18eee6e
99992231.jpg,new_whale w_b7d5069 w_b0e05b1 w_8fab53d w_ee17a08
999c960e.jpg,new_whale w_7586198 w_515d21d w_7554f44 w_e3c0ae5
999dbb51.jpg,new_whale w_a3dfe32 w_4ebeafb w_9ca943b w_dd90e0a
999e7a42.jpg,new_whale w_3f5e7fc w_7554f44 w_14ba846 w_b074cdf
99a1d365.jpg,new_whale w_f90b695 w_cc3a724 w_a8ec52f w_86a7464
99a818bd.jpg,new_whale w_ba5336c w_55d6c4f w_c39fceb w_6d4dedc
99a952be.jpg,new_whale w_6bbaa92 w_64830fa w_c57623d w_b96d4e0
99aa7f43.jpg,new_whale w_d037229 w_886257d w_c774326 w_ab6bb0a
99ab952a.jpg,new_whale w_e4f1fcc w_0f92544 w_e0ba9ae w_a232f9e
99abde9c.jpg,new_whale w_cf82352 w_2d29ddd w_7a53e0c w_badfc4b
99b3ac87.jpg,new_whale w_3f8f5aa w_38e4aae w_6c803bf w_2d99a0c
99b52499.jpg,new_whale w_0b04c08 w_b9e00eb w_76ebad6 w_7554f44
99c0161f.jpg,new_whale w_06ff732 w_2663598 w_08ddb50 w_cda4b05
99c5e1a4.jpg,new_whale w_147b62b w_17dc953 w_8238d51 w_048f7a9
99c65949.jpg,new_whale w_7cca153 w_9d704ab w_7554f44 w_80e649e
99c69604.jpg,new_whale w_b9e00eb w_290f82b w_5817e08 w_9c5ed68
99cd4177.jpg,new_whale w_d40f276 w_cb9220b w_3af4e73 w_b7d5069
99cfc326.jpg,new_whale w_4e52a49 w_8ba2066 w_6547e12 w_4785de7
99d296f7.jpg,new_whale w_7f6ce8e w_9c4bb3c w_b067417 w_7c7a78c
99dd3bf0.jpg,new_whale w_6a87d0d w_fa32440 w_ff1b64c w_a2f5cc0
99dd7db7.jpg,new_whale w_31d3999 w_b0e05b1 w_1eafe46 w_5817e08
99e0e42c.jpg,new_whale w_d22af00 w_ff7630a w_3fc3d07 w_5436d75
99e21484.jpg,new_whale w_338d945 w_2d99a0c w_cd1f1ed w_2a939eb
99e884c3.jpg,new_whale w_4a3032d w_8bdc211 w_dc97dc3 w_ada188f
99eaecfe.jpg,new_whale w_e3fbc27 w_0467840 w_993d66c w_b067417
99ec9152.jpg,new_whale w_db2baec w_af06773 w_711aaa1 w_10ace22
99f63276.jpg,new_whale w_78a4639 w_aed8c22 w_479e3e5 w_f8aacbd
99fb0cd3.jpg,new_whale w_958b908 w_1d53d9c w_f774c8b w_002b682
99fcb498.jpg,new_whale w_94c6edb w_c80d300 w_def505e w_2669d75
9a00a892.jpg,new_whale w_be4d5b8 w_2db01d5 w_fe49bc4 w_1eafe46
9a030827.jpg,new_whale w_53064a6 w_8963cff w_43be268 w_dbd28fa
9a03ad1a.jpg,new_whale w_9e1e818 w_a30882c w_3197568 w_847088b
9a03b94c.jpg,new_whale w_9122179 w_fd1cb9d w_43be268 w_8d46cef
9a048755.jpg,new_whale w_b4732ef w_f5771d1 w_8c1ec28 w_1000f90
9a0b4fce.jpg,new_whale w_6202983 w_d663f4f w_8867074 w_0e737d0
9a0b9a8e.jpg,new_whale w_6c803bf w_987a36f w_67de30b w_c30959a
9a1aa783.jpg,new_whale w_f6086ac w_3a78626 w_5810973 w_b96d4e0
9a2356a0.jpg,new_whale w_b9e00eb w_3c4062e w_c00534d w_4fb3c95
9a2672fd.jpg,new_whale w_d2be6cc w_18eee6e w_c9e1cdc w_29d2cec
9a2acbb6.jpg,new_whale w_d1917df w_4c049c1 w_b9df6da w_c352046
9a2b1cfb.jpg,new_whale w_41c0098 w_4791b4c w_afe57c6 w_cc5fae7
9a2c5c7c.jpg,new_whale w_6556c5c w_fe6617a w_b0e05b1 w_b942708
9a2eb1a8.jpg,new_whale w_2f283f3 w_0e4f53c w_0b7cc25 w_dbda0d6
9a2fcaad.jpg,new_whale w_73b26b7 w_7895123 w_0d39a68 w_df15cc8
9a336443.jpg,new_whale w_cb5ea24 w_b95307d w_28ce17c w_e4c7fac
9a34cf62.jpg,new_whale w_4fd48e7 w_8148b95 w_3a9ee71 w_fd587bc
9a3b68fd.jpg,new_whale w_2dce318 w_61fbb66 w_719011d w_f104523
9a3bbde7.jpg,new_whale w_6c803bf w_18eee6e w_987a36f w_79b12d8
9a41819b.jpg,new_whale w_e7f8e67 w_53859b2 w_3e26a99 w_5bc7e7f
9a424233.jpg,new_whale w_f30d2bd w_f8cd6b6 w_7e8b270 w_ce425e5
9a427015.jpg,new_whale w_39c7462 w_d47e2e3 w_3fcb80e w_5b99089
9a483d26.jpg,new_whale w_69e1d0a w_c01e25d w_f6fb689 w_7538a4c
9a4ca0b5.jpg,new_whale w_69a9f72 w_fe5e78b w_6c99c53 w_b074cdf
9a5690a8.jpg,new_whale w_e594616 w_db474c7 w_dc4c2ba w_7875b79
9a56f3f2.jpg,new_whale w_5570053 w_38e4aae w_d88328d w_6af9dd7
9a6a3266.jpg,new_whale w_62ca7c8 w_c0f3e88 w_98baff9 w_2941dd2
9a6e906e.jpg,new_whale w_15d7ecf w_7554f44 w_a18d0dc w_b9e00eb
9a73d1dc.jpg,new_whale w_d22af00 w_b074cdf w_c10ffe9 w_6c803bf
9a75cb7c.jpg,new_whale w_2658649 w_0c42dba w_2222ef0 w_2c1634b
9a777fb2.jpg,new_whale w_d8384bf w_3d66298 w_e7a238b w_63035d1
9a79a6e0.jpg,new_whale w_c0c1a30 w_fd1cb9d w_718ce15 w_38de842
9a7c4f79.jpg,new_whale w_25871da w_0f92544 w_24a2923 w_ea96346
9a7d09f0.jpg,new_whale w_f81c626 w_7276f4b w_d1bbde9 w_6202983
9a7eb3bc.jpg,new_whale w_7554f44 w_87782a0 w_f6722e7 w_c0323f5
9a7f8eaa.jpg,new_whale w_d3c8520 w_c1b685f w_e8bce8a w_7554f44
9a80669c.jpg,new_whale w_b0e05b1 w_eb0a6ed w_12c3d3d w_49308df
9a867c9e.jpg,new_whale w_63db6f9 w_4a7080a w_861cc1c w_4e52a49
9a8d4005.jpg,new_whale w_0d2dc7e w_cea99fe w_fec6413 w_1638016
9a91769a.jpg,new_whale w_73d5489 w_66fb697 w_8c3db0a w_845f7ca
9a951f8f.jpg,new_whale w_87050a3 w_ed32db9 w_73d5489 w_a646643
9a99e384.jpg,new_whale w_099ab25 w_02d5fad w_94cd45e w_89d9c03
9a9a24bc.jpg,new_whale w_e0f1df1 w_fd3ce71 w_057c418 w_e62b5d8
9a9deefd.jpg,new_whale w_8e451d9 w_3449e4f w_b5e3076 w_70a31ce
9a9e1e06.jpg,new_whale w_43be268 w_6e8486d w_4fa1bd5 w_e61dd6d
9a9e409c.jpg,new_whale w_45b90d9 w_fae3939 w_648a9a8 w_0de84f0
9aa844d4.jpg,new_whale w_edcb241 w_f8e6546 w_74adf0b w_874cf52
9aaaa81e.jpg,new_whale w_80c692d w_1717a13 w_a59905f w_8201c3f
9aac59f4.jpg,new_whale w_552a16e w_4659acf w_fba3bde w_a59905f
9aaecd4c.jpg,new_whale w_8397970 w_6202983 w_d96a0cd w_aa16da4
9abd148b.jpg,new_whale w_339c8ae w_0793503 w_6f31916 w_feab6f3
9abf40e9.jpg,new_whale w_0ecff13 w_0beef28 w_3c27f42 w_511c464
9ac367e5.jpg,new_whale w_c9e1cdc w_b3cc032 w_bb2d34d w_17ee910
9ac4c8c8.jpg,new_whale w_6e8486d w_c133ea8 w_e61dd6d w_33973bf
9ac5112c.jpg,new_whale w_414a0d7 w_87e8446 w_7c9fd46 w_ed117b3
9ac927e1.jpg,new_whale w_7554f44 w_88d11b1 w_cf669dc w_a58f64d
9ac942a1.jpg,new_whale w_fd1cb9d w_89e159a w_f81c626 w_db2baec
9ad240e6.jpg,new_whale w_b1c44fe w_2c1dafa w_dbc392b w_b952580
9ad550b6.jpg,new_whale w_c9e1cdc w_8c1dab2 w_d5ec83f w_e61dd6d
9ad5a4bc.jpg,new_whale w_2a04ceb w_5c23454 w_ab6bb0a w_42f935c
9ad5fe52.jpg,new_whale w_0a565c5 w_2658649 w_b96d4e0 w_1d17e8c
9ad76d4c.jpg,new_whale w_6232813 w_9291cdf w_24823e2 w_7028d77
9ad9d48f.jpg,new_whale w_b7d5069 w_2f6a962 w_9ca943b w_d3ef4b2
9ae303f3.jpg,new_whale w_9c61d57 w_2669d75 w_35063ed w_8e23e4c
9ae35b42.jpg,new_whale w_d5ec83f w_47d2bc6 w_b6886e5 w_9ea2cc3
9ae3785d.jpg,new_whale w_99ad599 w_4624237 w_56743d6 w_d141590
9aeb7bfb.jpg,new_whale w_b4151b7 w_f8e6546 w_9caed77 w_c774326
9aeecc9b.jpg,new_whale w_1596a47 w_cf00b01 w_acff672 w_735d8a4
9af89b9a.jpg,new_whale w_5bdb7c2 w_7b1686d w_693c9ee w_2fdf63b
9afb9e79.jpg,new_whale w_18eee6e w_6c803bf w_3af4e73 w_895c722
9b005939.jpg,new_whale w_67de30b w_026fdf8 w_4855bd3 w_a4f77bd
9b01c4fe.jpg,new_whale w_8397970 w_b426ff3 w_0f96780 w_9146eae
9b0847b3.jpg,new_whale w_f8e6546 w_5010531 w_6e120c4 w_b688397
9b139d37.jpg,new_whale w_7028d77 w_636638f w_c11932e w_3feb2df
9b166a80.jpg,new_whale w_aa15df6 w_1a70685 w_6c803bf w_ead305f
9b1ac6c8.jpg,new_whale w_44f0fa2 w_9868b95 w_db2baec w_bbc2a14
9b2595fb.jpg,new_whale w_dd52cfc w_87cb6bd w_0bc712b w_dd76ce2
9b28aa11.jpg,new_whale w_540fd73 w_67fecca w_a837660 w_44beff0
9b2bfeeb.jpg,new_whale w_fcfcf68 w_db93738 w_6202983 w_44cb3ee
9b2f5089.jpg,new_whale w_d6e437d w_511c464 w_8db45b7 w_1eafe46
9b301a48.jpg,new_whale w_c666071 w_f672e01 w_c053b99 w_014a645
9b3091f2.jpg,new_whale w_6547e12 w_dbda0d6 w_ab161f7 w_2f283f3
9b343ec6.jpg,new_whale w_1a70685 w_516bedb w_6c803bf w_33b9360
9b34af27.jpg,new_whale w_44a6b62 w_98baff9 w_9605bf1 w_74207f0
9b4561e5.jpg,new_whale w_395d578 w_7248590 w_faf538a w_5bc5e63
9b46ed68.jpg,new_whale w_e55a554 w_0e7cb1c w_9729e1e w_f93d780
9b4b818d.jpg,new_whale w_18eee6e w_4ebeafb w_bb2d34d w_fc433f7
9b4b9bf8.jpg,new_whale w_d430a71 w_b31d830 w_9741f42 w_733fe81
9b4ffb1e.jpg,new_whale w_34c8690 w_53549df w_97f5054 w_21a1bdb
9b5544ee.jpg,new_whale w_c0d494d w_2f283f3 w_1e3ce01 w_68820e8
9b573c6a.jpg,new_whale w_ab6db0f w_1287fbc w_9db9ef5 w_f714476
9b581800.jpg,new_whale w_b96d4e0 w_77f3e70 w_f0bb383 w_9b401eb
9b5c7041.jpg,new_whale w_893ccb4 w_12c3d3d w_9287bbb w_573eb8f
9b5fd4d5.jpg,new_whale w_4b47559 w_4790f64 w_43be268 w_40323ac
9b5fd5c4.jpg,new_whale w_932c8cd w_3061bdd w_6e8486d w_59eb8ae
9b612c7e.jpg,new_whale w_d9055d1 w_71c7322 w_a3dbc8f w_77ee0be
9b63204b.jpg,new_whale w_7b035cc w_d428980 w_6c803bf w_18eee6e
9b70f587.jpg,new_whale w_bbc4e7c w_0bc712b w_3aa1da4 w_a254eb0
9b717db7.jpg,new_whale w_d430a78 w_376a413 w_76ebad6 w_b9417ee
9b757c6c.jpg,new_whale w_abe383e w_5af463d w_8e92baa w_d9fdd15
9b758c82.jpg,new_whale w_8b15b96 w_1969a9d w_f93d780 w_d19a884
9b7a9240.jpg,new_whale w_d465e44 w_491607b w_43be268 w_8867074
9b7b299a.jpg,new_whale w_d20befa w_642bd9e w_6f211a9 w_c663985
9b880530.jpg,new_whale w_0f84bf6 w_37dd956 w_e02fe7b w_1904e8c
9b90007b.jpg,new_whale w_243e33e w_7763134 w_7e8b270 w_48dd419
9b94f730.jpg,new_whale w_0fecdf7 w_db2baec w_89e159a w_3d66298
9ba239e3.jpg,new_whale w_1eafe46 w_96b697f w_d9fdd15 w_efa1fc7
9ba29493.jpg,new_whale w_6361632 w_6c803bf w_8ec2960 w_2a939eb
9bab2705.jpg,new_whale w_e57b3ce w_ca8bfb4 w_f6bd6f8 w_2658649
9bac70c3.jpg,new_whale w_a8bc2bc w_bdfd16e w_73d5489 w_488cdd8
9bb485f9.jpg,new_whale w_b7fe199 w_0e32aa2 w_dd52cfc w_d651356
9bb48fe3.jpg,new_whale w_9ea2cc3 w_026fdf8 w_67de30b w_5af463d
9bb5dd74.jpg,new_whale w_ea4935f w_c58b474 w_4c9d3df w_c0d494d
9bbb47c1.jpg,new_whale w_76ebad6 w_87acd5c w_af9a47a w_5c62a56
9bbfc738.jpg,new_whale w_ef2f0f0 w_05567a9 w_8fab53d w_1743d93
9bc04aee.jpg,new_whale w_050d056 w_e15442c w_79b42cd w_7763134
9bc0a286.jpg,new_whale w_11adaae w_505a141 w_b8dff40 w_4f37147
9bca10bd.jpg,new_whale w_18eee6e w_cae7677 w_f6fb689 w_c3d523d
9bd1c98b.jpg,new_whale w_0b0d88d w_80211fd w_6247b2e w_dfbfe10
9bd67216.jpg,new_whale w_d651356 w_0f92544 w_397e3db w_b7fe199
9bd8bafa.jpg,new_whale w_91361f0 w_afef556 w_b6c4efa w_1e45a47
9bda49d4.jpg,new_whale w_c0d494d w_4b7b80b w_ab4cae2 w_988f6b3
9bdb1a3d.jpg,new_whale w_0b04c08 w_7554f44 w_8ba2066 w_2c3f440
9bde4c53.jpg,new_whale w_0e737d0 w_8ba2066 w_49ae15d w_c0daf38
9be0d546.jpg,new_whale w_8d83172 w_8fab53d w_1743d93 w_9d5f5cc
9be0ecb9.jpg,new_whale w_ed8a846 w_9694b9d w_2486665 w_ab4cae2
9bed101e.jpg,new_whale w_9875c12 w_b6d09e6 w_552a16e w_0e737d0
9bf5593e.jpg,new_whale w_697c72e w_77e1d3f w_afde232 w_3b8b9c7
9bf66e17.jpg,new_whale w_5ae47d9 w_22fa4ad w_797e546 w_87e8446
9bf9c38c.jpg,new_whale w_cae7677 w_f5eb6c6 w_98baff9 w_fe95ab8
9bfb9a0e.jpg,new_whale w_c053b99 w_d141590 w_25871da w_d142b00
9bfc3c83.jpg,new_whale w_3608443 w_313b78a w_96c141f w_1a70685
9bfe809c.jpg,new_whale w_c0d494d w_1e5a146 w_5b99089 w_eb39613
9c04fe62.jpg,new_whale w_ba1befb w_73d5489 w_f6fb689 w_3580734
9c078425.jpg,new_whale w_f8e6546 w_c4f3619 w_3aa2073 w_6f211a9
9c082944.jpg,new_whale w_2709cfc w_71e6583 w_060bdf2 w_b678944
9c0a92c7.jpg,new_whale w_cd88a48 w_861cc1c w_fbcb6e4 w_3694c7d
9c1486d4.jpg,new_whale w_8f50a1f w_4bf5a06 w_7311fe4 w_76b6f7c
9c14b735.jpg,new_whale w_3a7d86d w_fc7cc24 w_2482b4a w_d6815ff
9c1588b8.jpg,new_whale w_c8bf168 w_5cb5e65 w_cf3c233 w_b19c33f
9c165fe1.jpg,new_whale w_2c3f440 w_eb0a6ed w_dbda0d6 w_b066aa6
9c1e25e6.jpg,new_whale w_65428d9 w_1f0da94 w_53549df w_ab4cae2
9c21899a.jpg,new_whale w_6547e12 w_42dd100 w_a254eb0 w_f438375
9c277704.jpg,new_whale w_d9aab0a w_4b47559 w_91572bb w_883b284
9c2e82f6.jpg,new_whale w_c58b474 w_6202983 w_98baff9 w_a4b6a86
9c3178d9.jpg,new_whale w_136ab04 w_03a2ed7 w_b066aa6 w_136337c
9c3af597.jpg,new_whale w_42c631a w_251ee17 w_55b1d69 w_df15cc8
9c3edacd.jpg,new_whale w_b9e00eb w_aa16da4 w_97da401 w_7e8b270
9c40eb0a.jpg,new_whale w_67c1b6f w_f6fb689 w_6d274b2 w_b0e05b1
9c45cd79.jpg,new_whale w_f95ef7c w_a2a1378 w_e02fe7b w_0aae8c1
9c498220.jpg,new_whale w_9b098ea w_2071a4c w_9ca943b w_5f82501
9c4a88bb.jpg,new_whale w_1638016 w_6121036 w_c167245 w_874cf52
9c4aaea4.jpg,new_whale w_7c943ab w_43be268 w_2c3f440 w_a254eb0
9c56af3b.jpg,new_whale w_662a132 w_71764b4 w_d9aab0a w_da63cba
9c5b96ca.jpg,new_whale w_883557a w_8f50a1f w_1eafe46 w_95b6cc3
9c5c5c13.jpg,new_whale w_02facde w_67599af w_18eee6e w_6c803bf
9c5f55b9.jpg,new_whale w_ab039e2 w_5297ab3 w_c80d300 w_1e75406
9c660fc5.jpg,new_whale w_1948625 w_e94a3b2 w_e59294d w_987a36f
9c665c80.jpg,new_whale w_3b99025 w_c786765 w_60759c2 w_3b02089
9c6b8daa.jpg,new_whale w_540fd73 w_dbc4dcc w_4fd48e7 w_78f2e92
9c6fee5b.jpg,new_whale w_2fd73d9 w_3ae3603 w_c2ea3f0 w_0819271
9c700762.jpg,new_whale w_d3c8520 w_99365b3 w_dbf4e7f w_0e4f53c
9c70ede5.jpg,new_whale w_6556c5c w_0fc4835 w_7875b79 w_46594b2
9c741147.jpg,new_whale w_2863d51 w_54c00ad w_9cb529f w_8238d51
9c7810f2.jpg,new_whale w_773967d w_b1d6681 w_ebe0ad5 w_f0a2e40
9c799d3f.jpg,new_whale w_9ae554b w_15b9665 w_19212f0 w_cc759cd
9c7d6b3d.jpg,new_whale w_2f6a962 w_7f45825 w_0f96780 w_7b035cc
9c7e9d9d.jpg,new_whale w_7586198 w_8c1e2e4 w_43be268 w_7554f44
9c814a76.jpg,new_whale w_330f897 w_932c8cd w_2b28681 w_ab6bb0a
9c8491b1.jpg,new_whale w_4b7b80b w_b9e00eb w_7394d75 w_c9e1cdc
9c85341f.jpg,new_whale w_e0818df w_8c1ec28 w_1eafe46 w_9ec358c
9c88ee08.jpg,new_whale w_2fe43c7 w_9771603 w_2c75202 w_778ee6e
9c89af60.jpg,new_whale w_b9f5b8b w_c00534d w_54b0844 w_eac205a
9c8ac48f.jpg,new_whale w_1c2fb13 w_dbbe0d4 w_6132293 w_38efc2d
9c9033d9.jpg,new_whale w_f50ee01 w_0e4f53c w_f9d27ad w_77d2aea
9c9786d3.jpg,new_whale w_987a36f w_5014d6c w_b6886e5 w_693c9ee
9c9afdaf.jpg,new_whale w_7028d77 w_87050a3 w_520d618 w_b329c00
9c9ebc48.jpg,new_whale w_530f87b w_fbce8b4 w_896d91c w_3d8c865
9c9fe1ad.jpg,new_whale w_4a074b8 w_0ea2545 w_f19faeb w_7e8b270
9ca462a7.jpg,new_whale w_7e4d894 w_d89b29e w_4d4bd72 w_4e2652d
9ca6aba0.jpg,new_whale w_2168ae2 w_bb2d34d w_d2be6cc w_18eee6e
9ca83d53.jpg,new_whale w_b7d5069 w_eb0a6ed w_3d66298 w_64f3545
9ca84aef.jpg,new_whale w_62f804d w_12cdfbd w_62c3998 w_b08520c
9caef6e0.jpg,new_whale w_e1f55ad w_df834bf w_02a768d w_3cbccb7
9cb2f3c9.jpg,new_whale w_ab9fa59 w_4785de7 w_4e52a49 w_cae7677
9cb3a7bf.jpg,new_whale w_5919cf7 w_76390b4 w_3dd210a w_21b3754
9cbbf874.jpg,new_whale w_e55a554 w_f93d780 w_77ee0be w_4f28a45
9cc4c460.jpg,new_whale w_837646b w_5d96ba4 w_059e347 w_b1f6e70
9ccecb9c.jpg,new_whale w_8e3ebeb w_422420c w_9a1d8e7 w_e826a6f
9ccee81d.jpg,new_whale w_7394d75 w_bdd0576 w_4be8a3e w_1b67a2e
9cd593ac.jpg,new_whale w_44f66a7 w_c0d1701 w_721d2e9 w_a779e16
9cd5db85.jpg,new_whale w_6c803bf w_3d0bc7a w_b05c57f w_c9e1cdc
9ce20ab4.jpg,new_whale w_17136dc w_0988bbb w_eac205a w_cae7677
9cf4ca9b.jpg,new_whale w_1489751 w_4f248f3 w_693c9ee w_cae7677
9d0000bc.jpg,new_whale w_d6d502a w_eb34c4d w_9205d40 w_cb05f37
9d1a00ed.jpg,new_whale w_b6886e5 w_4176a19 w_2d99a0c w_697c72e
9d2b38b5.jpg,new_whale w_43be268 w_40323ac w_a9dd349 w_33e89be
9d2b9360.jpg,new_whale w_8c1ec28 w_14ba846 w_392bee3 w_1d53d9c
9d2e27af.jpg,new_whale w_31d3999 w_9434f0c w_47f29cd w_ca5abbb
9d45b80a.jpg,new_whale w_d94db94 w_dd52cfc w_1c2fb13 w_3d0bc7a
9d4a134d.jpg,new_whale w_f6411ea w_f0a2e40 w_1dd8e68 w_3d12652
9d4acaaa.jpg,new_whale w_9a6cbd9 w_aae82f8 w_bf69a19 w_77e1d3f
9d4f60ab.jpg,new_whale w_f1396bd w_3aa2073 w_a254eb0 w_73d5489
9d4ff713.jpg,new_whale w_95874a5 w_1287fbc w_7e8b270 w_3f90907
9d536a41.jpg,new_whale w_9205d40 w_cd01afb w_d141590 w_05396d8
9d556cfe.jpg,new_whale w_a31aa30 w_fd1cb9d w_44f0fa2 w_0fce9a3
9d57e859.jpg,new_whale w_817f022 w_43be268 w_4a7080a w_7b035cc
9d5d88ca.jpg,new_whale w_43be268 w_fd1cb9d w_4ebeafb w_6af9dd7
9d5ec98d.jpg,new_whale w_73d5489 w_a6a7dbf w_c390258 w_fe054f3
9d60031b.jpg,new_whale w_3411b9f w_89e159a w_2d99a0c w_19f0b15
9d6080f4.jpg,new_whale w_1652da1 w_e63fbbe w_9db9ef5 w_361e290
9d62666c.jpg,new_whale w_1c32062 w_18a854b w_1eafe46 w_fe49bc4
9d697d15.jpg,new_whale w_6c803bf w_c9e1cdc w_1a70685 w_7bda16b
9d6bca36.jpg,new_whale w_f0d8be1 w_4fd48e7 w_d19a884 w_6547e12
9d70c12e.jpg,new_whale w_d4fa6f3 w_987a36f w_b34793e w_2a939eb
9d71aa5c.jpg,new_whale w_9b3ed01 w_2168906 w_790c2aa w_540fd73
9d79e347.jpg,new_whale w_693c9ee w_589b830 w_1eafe46 w_98baff9
9d7e93ea.jpg,new_whale w_8327e8d w_da6d50b w_dbda0d6 w_aa16da4
9d807b4d.jpg,new_whale w_f0bb383 w_40323ac w_7e8b270 w_552a16e
9d815119.jpg,new_whale w_4fd48e7 w_9db9ef5 w_6af9dd7 w_43be268
9d86813d.jpg,new_whale w_6247b2e w_bb2d34d w_62c3998 w_932c8cd
9d8bc5cc.jpg,new_whale w_0c70bc3 w_bb2c317 w_de3cab3 w_a17d153
9d9bd9ff.jpg,new_whale w_309a2b3 w_67de30b w_fd1cb9d w_20eb13c
9da0f807.jpg,new_whale w_0a565c5 w_f8aacbd w_9ca943b w_08f1502
9da4125a.jpg,new_whale w_8a31e6c w_2392b4c w_5ba417d w_eb39613
9dad8c33.jpg,new_whale w_eb34c4d w_46594b2 w_950b5cf w_8f1aa27
9dadcc6b.jpg,new_whale w_b0e05b1 w_9e22ded w_b7fe199 w_98baff9
9db2b280.jpg,new_whale w_54c00ad w_a54e7c1 w_2863d51 w_a14ccaa
9dbe56ff.jpg,new_whale w_33b9360 w_1a70685 w_9ea2cc3 w_516bedb
9dbead19.jpg,new_whale w_c06dd6e w_43e45b6 w_54b0844 w_243e33e
9dc0f40e.jpg,new_whale w_52c8684 w_3ae3603 w_96c6151 w_1c432e7
9dc30144.jpg,new_whale w_52c8684 w_b1c44fe w_081dd6e w_8a7b9c8
9dc996ac.jpg,new_whale w_b952580 w_0e737d0 w_9d5f5cc w_06dbe6b
9dc9cddd.jpg,new_whale w_cd88a48 w_414f402 w_3694c7d w_fd1cb9d
9dcc4044.jpg,new_whale w_7c44934 w_d22af00 w_25d7f93 w_67599af
9ddab254.jpg,new_whale w_a965f14 w_63d1ea6 w_cc54cee w_0ea2545
9de5484b.jpg,new_whale w_b678944 w_b9f5b8b w_31d3999 w_1eafe46
9de9cadc.jpg,new_whale w_b47a4a1 w_b282692 w_1facad2 w_2f6ad07
9deb9e48.jpg,new_whale w_73d5489 w_3674103 w_8e4abc9 w_2ac83b0
9df09a52.jpg,new_whale w_0f92544 w_94bc64e w_3326396 w_5ea3410
9df35c61.jpg,new_whale w_3d4900b w_4c3cd83 w_6c803bf w_17e8554
9df3b024.jpg,new_whale w_badfc4b w_bbf20b4 w_cc504e7 w_8376b7e
9df47eeb.jpg,new_whale w_516bedb w_11adaae w_33b9360 w_b64126b
9df50f8c.jpg,new_whale w_d9fdd15 w_cd1f1ed w_abe383e w_8fab53d
9dfcae2d.jpg,new_whale w_fb4d1f1 w_77e1d3f w_6092d5c w_4b7b80b
9e0b9be9.jpg,new_whale w_a14ccaa w_8d83172 w_6710cf8 w_0beef28
9e10c349.jpg,new_whale w_7311fe4 w_3e1ba5b w_da2efe0 w_71764b4
9e123364.jpg,new_whale w_26f9f95 w_0f92544 w_dd52cfc w_a3a65b3
9e140b53.jpg,new_whale w_dcb1f2a w_338d945 w_b6886e5 w_1a5e7a2
9e198e84.jpg,new_whale w_53ed912 w_67de30b w_853c1f7 w_d0e5d1d
9e1a2c22.jpg,new_whale w_89e159a w_0771d4b w_8c1e2e4 w_b7d5069
9e1a7124.jpg,new_whale w_17cb04d w_864cc78 w_cd70e8b w_651cbb7
9e1d52f8.jpg,new_whale w_6547e12 w_b0e05b1 w_d52bc74 w_98baff9
9e1f1eac.jpg,new_whale w_430849b w_88f57d0 w_800034f w_73e1d5b
9e210f90.jpg,new_whale w_3f907d6 w_e7aa703 w_13c6b6b w_58c3bf9
9e2467da.jpg,new_whale w_4f217e3 w_2e872af w_3fc0946 w_1272a31
9e2f523b.jpg,new_whale w_03dc41c w_5d8c038 w_2e872af w_76048fe
9e38b1e7.jpg,new_whale w_ff7630a w_5021993 w_5e57e8b w_65efe4d
9e38fbf1.jpg,new_whale w_d915632 w_9ec358c w_8b56cb1 w_3d0bc7a
9e38fee9.jpg,new_whale w_aef3680 w_2554558 w_a526492 w_f460394
9e44bf84.jpg,new_whale w_31fb9f0 w_c10ffe9 w_0175a35 w_b4d182b
9e46d10b.jpg,new_whale w_17e592c w_d708c5a w_29670e2 w_fd587bc
9e471c12.jpg,new_whale w_612f4a2 w_d141590 w_0b18e41 w_07e92ee
9e483373.jpg,new_whale w_434ad6a w_93bf889 w_cae7677 w_7e8b270
9e52f39f.jpg,new_whale w_b942708 w_932c8cd w_330f897 w_c0d494d
9e5a9198.jpg,new_whale w_5d84c65 w_7c943ab w_9e7cada w_b081817
9e5c5fc8.jpg,new_whale w_db2baec w_3d66298 w_ca40961 w_559ce61
9e5c82ac.jpg,new_whale w_7419e4b w_f1b565a w_7b035cc w_de3cab3
9e6582d3.jpg,new_whale w_c9e1cdc w_b942708 w_c0d494d w_2cdf820
9e6d061d.jpg,new_whale w_73d5489 w_3aa2073 w_7028d77 w_c11932e
9e6dd290.jpg,new_whale w_6d4dedc w_44cb3ee w_b426ff3 w_c39fceb
9e6f4dd8.jpg,new_whale w_0fecdf7 w_89973e5 w_7cc620b w_361e290
9e74cca8.jpg,new_whale w_008c602 w_fa8b1ac w_3af4e73 w_853c1f7
9e8843aa.jpg,new_whale w_4a4546c w_330286e w_9ca943b w_2ceab05
9e912090.jpg,new_whale w_8397970 w_9146eae w_4620de1 w_9771603
9e97375e.jpg,new_whale w_0fce9a3 w_559ce61 w_a89920b w_fd1cb9d
9e99c1a5.jpg,new_whale w_da63cba w_847088b w_b39c722 w_3e9d82e
9e9afc1c.jpg,new_whale w_d3ce445 w_dfcf7fe w_adc6e1b w_49c9417
9e9b1acf.jpg,new_whale w_0d39a68 w_b6886e5 w_5624f08 w_3de676c
9e9c328c.jpg,new_whale w_c3ff6f2 w_a25d46c w_d142b00 w_156c0db
9ea603fe.jpg,new_whale w_58a2388 w_0a97a25 w_4785de7 w_b47a4a1
9eac9191.jpg,new_whale w_19e5d10 w_2196938 w_4fd48e7 w_b9f5b8b
9eb1e53c.jpg,new_whale w_88f693b w_681dba6 w_bccfcc1 w_f63d8b0
9eb3127b.jpg,new_whale w_2f81b85 w_170bacc w_00b621b w_5a5c560
9eb55c21.jpg,new_whale w_43be268 w_fd1cb9d w_7db10cc w_434195c
9ebcc162.jpg,new_whale w_8fac7da w_fb2c3fb w_d663f4f w_8fab53d
9ebe7b36.jpg,new_whale w_b9beaf5 w_865c2ba w_43be268 w_aa16da4
9ec107f4.jpg,new_whale w_6598219 w_0b4429c w_8861f65 w_8d83172
9ec2a77d.jpg,new_whale w_eb34c4d w_9205d40 w_d3c8520 w_002b682
9ec4ef1f.jpg,new_whale w_b55242e w_073f071 w_c4c8491 w_1f10750
9ec52b7c.jpg,new_whale w_fc76ede w_52c8684 w_1c432e7 w_349fcbc
9ecb2b23.jpg,new_whale w_6a3ca27 w_65e2424 w_3411b9f w_eec1133
9ecfacae.jpg,new_whale w_3a7d86d w_10ace22 w_0c93f94 w_fd1cb9d
9ed13186.jpg,new_whale w_e93d181 w_9db9ef5 w_2039053 w_7028d77
9ed1c19c.jpg,new_whale w_c27d036 w_026fdf8 w_367b996 w_4fdaa2a
9eec4e80.jpg,new_whale w_60c5e7e w_5d96ba4 w_1cb2134 w_b1f6e70
9ef1f97b.jpg,new_whale w_d635930 w_4bf5a06 w_7b770ec w_70db0f2
9ef6e954.jpg,new_whale w_b47a4a1 w_6d274b2 w_7f0700f w_8ba2066
9ef752c5.jpg,new_whale w_dfbfe10 w_33973bf w_bb2d34d w_dcb1f2a
9f03e12e.jpg,new_whale w_77ee0be w_3d187b5 w_95aad92 w_f19faeb
9f09940c.jpg,new_whale w_c133ea8 w_4e52a49 w_987a36f w_0a97a25
9f0d2f7b.jpg,new_whale w_2085f2e w_fe5e78b w_403f92f w_5384c57
9f0e7c98.jpg,new_whale w_70e49bc w_cb38960 w_dcb4be9 w_55d6c4f
9f0eb0dc.jpg,new_whale w_4659acf w_ab6bb0a w_89317b0 w_79cde72
9f14e0d7.jpg,new_whale w_1eafe46 w_da63cba w_3197568 w_a21cc97
9f180309.jpg,new_whale w_059df09 w_df15cc8 w_1a5e7a2 w_dcb1f2a
9f3a4027.jpg,new_whale w_ea2385d w_4855bd3 w_414f402 w_d89b29e
9f3d75cb.jpg,new_whale w_b4732ef w_54b0844 w_2a18a44 w_89d9c03
9f4781cc.jpg,new_whale w_e0cb9c5 w_71e6583 w_b678944 w_530f87b
9f4a55a5.jpg,new_whale w_f792125 w_c57623d w_63d1ea6 w_2071a4c
9f4d1da5.jpg,new_whale w_7427ace w_4659acf w_fba3bde w_a59905f
9f4f83b6.jpg,new_whale w_693c9ee w_4f248f3 w_4de83f9 w_fdc8bf6
9f55d1b6.jpg,new_whale w_86ff8a6 w_dbda0d6 w_ff7630a w_92585eb
9f578e70.jpg,new_whale w_e126028 w_338b130 w_4a074b8 w_f4224b9
9f5c17d2.jpg,new_whale w_42c631a w_1287fbc w_544f7e7 w_518129a
9f5c828f.jpg,new_whale w_7918071 w_8c605d2 w_41901e5 w_b074cdf
9f5e95f8.jpg,new_whale w_4fd48e7 w_96fd936 w_78f2e92 w_6c899ff
9f6ae8ba.jpg,new_whale w_987a36f w_0beef28 w_a9dd349 w_67de30b
9f6e7fc3.jpg,new_whale w_06972d2 w_e826a6f w_77e1d3f w_fb4d1f1
9f6eac93.jpg,new_whale w_1310342 w_8d46cef w_b6d09e6 w_d428980
9f7b4846.jpg,new_whale w_f188f95 w_8717ef3 w_ad512ec w_67de30b
9f7d8070.jpg,new_whale w_61cf42e w_40cc259 w_1d05772 w_1596a47
9f828354.jpg,new_whale w_ff7630a w_4fb3c95 w_b9e00eb w_4e68ddc
9f83f6cb.jpg,new_whale w_bf77b13 w_18df014 w_f19faeb w_c053b99
9f8b69a1.jpg,new_whale w_1274a11 w_2386a5a w_eb47189 w_3f90907
9f8e72a7.jpg,new_whale w_777f59a w_997582c w_fd587bc w_8148b95
9f912110.jpg,new_whale w_1addcc2 w_73e5530 w_3f91e04 w_987a36f
9f91ec81.jpg,new_whale w_ae07541 w_e61dd6d w_dcf2001 w_2730966
9f925716.jpg,new_whale w_ea2385d w_fba3bde w_4ebeafb w_18eee6e
9f92b98d.jpg,new_whale w_711aaa1 w_1596a47 w_3db53dc w_1743d93
9f95173f.jpg,new_whale w_2f97ce6 w_62f299e w_a0838d1 w_96b697f
9f9a60c9.jpg,new_whale w_7885601 w_f115d53 w_b7a832a w_d6df554
9fa66755.jpg,new_whale w_2c3f440 w_b066aa6 w_4fb3c95 w_7554f44
9fa6e369.jpg,new_whale w_648a9a8 w_693c9ee w_528e753 w_8fab53d
9fa72c86.jpg,new_whale w_41fa033 w_ff39e03 w_989fbbb w_d148982
9fa96a1a.jpg,new_whale w_ea6651e w_52c8684 w_1894a1c w_fc76ede
9faa7c8a.jpg,new_whale w_243e33e w_883557a w_71764b4 w_fea7fe6
9fab5a94.jpg,new_whale w_1eafe46 w_d66572d w_a22afc6 w_e61dd6d
9fadad32.jpg,new_whale w_4285435 w_4659acf w_a59905f w_a9dd349
9fb0ccd9.jpg,new_whale w_3e4bb3f w_c8f7bcd w_2c75202 w_6c803bf
9fb1ca1b.jpg,new_whale w_38e4aae w_dfbfe10 w_e0f1df1 w_f208155
9fb3db6b.jpg,new_whale w_bf4880a w_5010531 w_c0d494d w_898bb9a
9fb5fcb1.jpg,new_whale w_e158680 w_238bbbf w_945aefe w_a2633d4
9fb6483e.jpg,new_whale w_f19faeb w_e826a6f w_bde9c34 w_ab4cae2
9fba7fac.jpg,new_whale w_8dddd45 w_372ae75 w_5e0e662 w_4cc3219
9fbbaada.jpg,new_whale w_ce269ec w_42f935c w_4c2d259 w_b9e00eb
9fc33eb7.jpg,new_whale w_a5a13d0 w_3d66298 w_64f3545 w_01b2250
9fc43aa0.jpg,new_whale w_7b3f9d1 w_5f43cde w_d9adb4f w_0e737d0
9fc4a952.jpg,new_whale w_7ba4b5a w_bb2d34d w_9ea2cc3 w_9875c12
9fcbbc6c.jpg,new_whale w_edcb241 w_4759be5 w_874cf52 w_7c979d9
9fcd7550.jpg,new_whale w_8c1ec28 w_8a66718 w_3f12226 w_402784d
9fcffa56.jpg,new_whale w_1287fbc w_da2efe0 w_e73d83c w_57c8da9
9fd19350.jpg,new_whale w_a8ec52f w_c17a537 w_bc76fde w_2dce318
9fd60873.jpg,new_whale w_a59905f w_44f0fa2 w_b34793e w_f75302f
9fd8ba99.jpg,new_whale w_b2f1afa w_f7a0fd7 w_ea96346 w_797e546
9fe02171.jpg,new_whale w_c0d494d w_2018f6c w_7311fe4 w_3c2ec7a
9fe1c025.jpg,new_whale w_8c605d2 w_29670e2 w_a526492 w_b0e05b1
9fe738b5.jpg,new_whale w_1287fbc w_08ddb50 w_e3fbc27 w_bdbec6c
9fe8da79.jpg,new_whale w_6cb31c8 w_2c6fe6f w_b96d4e0 w_0e737d0
9fea3808.jpg,new_whale w_3cc4e90 w_ae07541 w_a5431ca w_813c5be
9fed0822.jpg,new_whale w_65efe4d w_5f8b9b9 w_2b1e2f5 w_883557a
9ff07cd7.jpg,new_whale w_d9fdd15 w_3039e7a w_f4e0748 w_4fdaa2a
9ff10941.jpg,new_whale w_9875c12 w_def505e w_12cdfbd w_36d665c
9ff79622.jpg,new_whale w_e0f1df1 w_3694c7d w_5dbe64d w_aa16da4
a0004e5f.jpg,new_whale w_cad1a8d w_693c9ee w_1f0da94 w_62ca7c8
a009828c.jpg,new_whale w_5e04db0 w_6dbb861 w_1287fbc w_a2f5cc0
a00d8913.jpg,new_whale w_338d945 w_62c3998 w_778ee6e w_35453e0
a0115eb9.jpg,new_whale w_8b15b96 w_2f6ad07 w_7778174 w_6c2d7ea
a0185167.jpg,new_whale w_3d8c865 w_cb7b682 w_56b9dcd w_e3f7187
a0195c1d.jpg,new_whale w_e38b2c7 w_8044362 w_de5b417 w_b6301f8
a01a6792.jpg,new_whale w_5dc1c2d w_2f54c3c w_0d48a7d w_5010531
a02183de.jpg,new_whale w_4659acf w_b7d5069 w_d663f4f w_4a7080a
a02233be.jpg,new_whale w_4ae9b0a w_d49402a w_8a2793e w_f774c8b
a02f4cdf.jpg,new_whale w_96c141f w_813c5be w_a2633d4 w_1a70685
a02fc77c.jpg,new_whale w_7e8b270 w_b942708 w_97982cf w_ab6bb0a
a036c009.jpg,new_whale w_38efce7 w_598b8ab w_e0efc4f w_056be75
a039deec.jpg,new_whale w_87acd5c w_831f124 w_488cdd8 w_009dc00
a03b624d.jpg,new_whale w_076c122 w_6132293 w_35453e0 w_34c4927
a041f387.jpg,new_whale w_60c5e7e w_cae7677 w_b0e05b1 w_9875c12
a0497b3e.jpg,new_whale w_79d4855 w_61b87f9 w_0a97a25 w_9ea2cc3
a04a793c.jpg,new_whale w_8db45b7 w_40cc259 w_43be268 w_8eb63b7
a04bf3d6.jpg,new_whale w_fd587bc w_02c2248 w_5fc5ea5 w_d0157fd
a050415a.jpg,new_whale w_4bf5a06 w_67c1b6f w_25db560 w_2f89dfe
a0509e2d.jpg,new_whale w_c241e72 w_2952678 w_7586198 w_ab4cae2
a053c9f6.jpg,new_whale w_a7f847f w_ca8bfb4 w_31d3999 w_09f9fd3
a0675a5a.jpg,new_whale w_dbda0d6 w_f19faeb w_31fb9f0 w_72c15c4
a06c4352.jpg,new_whale w_e00a916 w_7c18f3c w_ed07d84 w_a18d0dc
a06f1681.jpg,new_whale w_d2be6cc w_ef89416 w_d382236 w_71c7322
a070c6c6.jpg,new_whale w_86113c4 w_e594616 w_09d7946 w_9ac8b97
a075c784.jpg,new_whale w_cae7677 w_338d945 w_ce29d2a w_27da7aa
a078e729.jpg,new_whale w_b0e05b1 w_67de30b w_9ea2cc3 w_0a97a25
a07c519a.jpg,new_whale w_1904e8c w_0d39a68 w_fa32440 w_bf38f05
a07c5ba7.jpg,new_whale w_ddbf533 w_71e851f w_60c5e7e w_1489751
a0808f82.jpg,new_whale w_b08520c w_62f804d w_654a5bb w_4ebeafb
a0819639.jpg,new_whale w_01687a8 w_01f211f w_8044362 w_1deadd7
a082e603.jpg,new_whale w_d6255a4 w_3ee8570 w_c3684ba w_23dce10
a0833d35.jpg,new_whale w_4b7b80b w_b6886e5 w_d5ec83f w_532fb22
a084a4da.jpg,new_whale w_b688397 w_02c9470 w_ec853f1 w_5d96ba4
a084c1e8.jpg,new_whale w_15eae33 w_813c5be w_773967d w_1272a31
a087409b.jpg,new_whale w_0988bbb w_5abb7d5 w_d9adb4f w_42addf7
a0880493.jpg,new_whale w_693c9ee w_53ed912 w_a59905f w_c87b956
a0885c94.jpg,new_whale w_2850471 w_17a3581 w_35453e0 w_9ca943b
a08db27b.jpg,new_whale w_491607b w_540fd73 w_cb7b682 w_43be268
a08e5721.jpg,new_whale w_badfc4b w_660629d w_4e7fc3e w_3d66298
a08ed709.jpg,new_whale w_872a86c w_7257028 w_f8e6546 w_d141590
a090a8fe.jpg,new_whale w_aeca19c w_3fc3d07 w_2fd73d9 w_883557a
a09834a5.jpg,new_whale w_ccca0db w_cd70e8b w_1a5beb9 w_1dc66b7
a09ee0ec.jpg,new_whale w_026fdf8 w_bf8c3d2 w_c30959a w_2fe43c7
a0a4a646.jpg,new_whale w_62799b5 w_ab4cae2 w_4c8e7ae w_febafc1
a0aea5c6.jpg,new_whale w_6e8486d w_95874a5 w_bb2d34d w_b6886e5
a0b24883.jpg,new_whale w_1dd8e68 w_64783fe w_872a86c w_c07f119
a0be8255.jpg,new_whale w_f86488a w_e156c87 w_89e159a w_38e4aae
a0c0dbb8.jpg,new_whale w_0beef28 w_9d704ab w_d428980 w_853c1f7
a0c83ea5.jpg,new_whale w_8b9672e w_dfacbe7 w_490b224 w_de3cab3
a0ce5272.jpg,new_whale w_0899118 w_1da7080 w_ebf3f26 w_9205d40
a0d1c79e.jpg,new_whale w_3d66298 w_f4e0748 w_3e1ba5b w_511c464
a0d2c757.jpg,new_whale w_b942708 w_d9aab0a w_cb7b682 w_57e8a80
a0d985c6.jpg,new_whale w_40323ac w_18eee6e w_53859b2 w_0bc1db0
a0db0a37.jpg,new_whale w_f6bd6f8 w_4bd8388 w_a3a65b3 w_ca8bfb4
a0dbf223.jpg,new_whale w_5cc2285 w_1274a11 w_cd1f1ed w_abe383e
a0e504bc.jpg,new_whale w_9c61d57 w_7faebe3 w_2663598 w_54cd8e0
a0e55c4e.jpg,new_whale w_096bc48 w_c84551d w_f3f84d7 w_0c6dbbe
a0e66d8c.jpg,new_whale w_18a854b w_5cc2285 w_bc9dc37 w_76d2cce
a0ecd72c.jpg,new_whale w_1904e8c w_0d39a68 w_e73d83c w_fc433f7
a0f10fb3.jpg,new_whale w_e4d3ec3 w_0bc712b w_0e40867 w_ec87420
a0f22fba.jpg,new_whale w_3ed4763 w_8dddd45 w_b96d4e0 w_e5250e9
a0f43be1.jpg,new_whale w_5010531 w_73d5489 w_36b6904 w_b1a4f29
a0fbe57a.jpg,new_whale w_b6d09e6 w_7c7a78c w_67de30b w_fd1cb9d
a0fdeee7.jpg,new_whale w_82ec5f0 w_61d516e w_fe49bc4 w_1eafe46
a1065c57.jpg,new_whale w_b688397 w_1dd8e68 w_76ebad6 w_b7a832a
a115eb8f.jpg,new_whale w_2071a4c w_e64c9a6 w_5f82501 w_a646643
a11a0497.jpg,new_whale w_71764b4 w_c0d494d w_73b705e w_b96d4e0
a11a9b6e.jpg,new_whale w_60eba40 w_aa3d7b8 w_395d578 w_0e737d0
a11bc05c.jpg,new_whale w_bc76fde w_a254eb0 w_da0372d w_9e7cada
a11f1a67.jpg,new_whale w_b6689cc w_7419e4b w_b1acbb9 w_63db6f9
a11f9514.jpg,new_whale w_a7d4668 w_c263d43 w_788b689 w_c00534d
a120437a.jpg,new_whale w_49bbc79 w_7bda16b w_1a70685 w_6dc88a6
a12267e5.jpg,new_whale w_8e23e4c w_656ef35 w_3e25a26 w_403f92f
a123b013.jpg,new_whale w_9875c12 w_a93c8f9 w_fd1cb9d w_9d5f5cc
a12af729.jpg,new_whale w_a20c1e5 w_93dcf76 w_fd9264d w_3ca387d
a132df72.jpg,new_whale w_bb2d34d w_d9adb4f w_63db6f9 w_a59905f
a135cc96.jpg,new_whale w_6f211a9 w_fa473e6 w_b8bfaf1 w_64783fe
a13a19f8.jpg,new_whale w_4432150 w_0ee4d6d w_ffbd74c w_dfbfe10
a146e7a4.jpg,new_whale w_1743d93 w_e86cf21 w_0f96780 w_0a97a25
a146fa81.jpg,new_whale w_302af0a w_175536a w_d148982 w_76ebad6
a14e7234.jpg,new_whale w_43be268 w_8fab53d w_b7d5069 w_dbda0d6
a15046fb.jpg,new_whale w_2c46a73 w_9df0865 w_4a78bf2 w_242a05d
a15681a9.jpg,new_whale w_d141590 w_156c0db w_cf7eebd w_a254eb0
a15694f4.jpg,new_whale w_b6689cc w_97f5054 w_e61dd6d w_98baff9
a1593f60.jpg,new_whale w_3af4e73 w_5e43abb w_6202983 w_8a4b8ef
a15b8ec8.jpg,new_whale w_aa16da4 w_2641733 w_9ca943b w_1eafe46
a15d8ce2.jpg,new_whale w_648a9a8 w_516bedb w_6863829 w_f64658b
a165b3c3.jpg,new_whale w_97768ee w_1eafe46 w_5c32d2a w_883557a
a16727d3.jpg,new_whale w_b0e05b1 w_42f935c w_1eafe46 w_b9e00eb
a16b4bab.jpg,new_whale w_559ce61 w_6e8486d w_38e4aae w_0e9f6d9
a16e2052.jpg,new_whale w_b08520c w_d9aab0a w_0475042 w_014250a
a1726635.jpg,new_whale w_62f804d w_62c3998 w_932c8cd w_33973bf
a17400c8.jpg,new_whale w_2071a4c w_fe922c3 w_b6a95e0 w_aeca19c
a1743c92.jpg,new_whale w_1f10750 w_49b425b w_2b443f8 w_6257bdf
a178d020.jpg,new_whale w_8c1dab2 w_c9e1cdc w_6c803bf w_3fe1eb9
a17d0d2c.jpg,new_whale w_6e7262e w_94e1ed4 w_da64f8d w_1875b28
a1844d96.jpg,new_whale w_2fe43c7 w_2cde7c0 w_b890652 w_e74980b
a189d206.jpg,new_whale w_59eb8ae w_046634b w_6e8486d w_d2be6cc
a18ad6c8.jpg,new_whale w_e3c119c w_89e159a w_9ca943b w_64f3545
a18bd494.jpg,new_whale w_6ec850b w_901363f w_7763134 w_aeca19c
a190d9ca.jpg,new_whale w_b066aa6 w_2c3f440 w_2dae424 w_4fb3c95
a1928504.jpg,new_whale w_3b5403b w_5a8e397 w_62f804d w_8d46cef
a19409ef.jpg,new_whale w_c027e4e w_3d66298 w_9ca943b w_ee17a08
a1971868.jpg,new_whale w_4659acf w_17e8554 w_b7d5069 w_41ed8e8
a197b926.jpg,new_whale w_7f867ec w_98baff9 w_3326396 w_2c1dafa
a1986dd0.jpg,new_whale w_f183341 w_dbda0d6 w_ee17a08 w_e59294d
a19f1c42.jpg,new_whale w_db3621e w_4855bd3 w_bb2d34d w_18eee6e
a1a07ee3.jpg,new_whale w_b942708 w_794effc w_7e8b270 w_2cdf820
a1a280af.jpg,new_whale w_2658649 w_e57b3ce w_c26f6db w_9ea2cc3
a1a51940.jpg,new_whale w_41ec10a w_c0a4c9d w_f478955 w_2730966
a1a83205.jpg,new_whale w_afd55ad w_29670e2 w_2e4fecc w_6dbb861
a1ae5cb5.jpg,new_whale w_a17d153 w_ddbf533 w_cf3a12e w_dfbfe10
a1b4320a.jpg,new_whale w_cd88a48 w_30f095d w_f18df18 w_d434526
a1b9cae2.jpg,new_whale w_1596a47 w_1c69443 w_67de30b w_6c803bf
a1c42179.jpg,new_whale w_551f5ca w_abe383e w_813c5be w_3e1ba5b
a1c561f0.jpg,new_whale w_21e178f w_7b035cc w_4ebeafb w_3026ce2
a1c70c69.jpg,new_whale w_52a8436 w_38e4aae w_e8a6c4b w_6132293
a1c8d582.jpg,new_whale w_0d48a7d w_0e737d0 w_515838e w_62ca7c8
a1cf81c3.jpg,new_whale w_b4732ef w_d663f4f w_08f1502 w_569c2c7
a1d0abdf.jpg,new_whale w_243e33e w_330f897 w_b4732ef w_0e81e60
a1d3509a.jpg,new_whale w_7a2dfd7 w_9562910 w_bc76fde w_e594616
a1d99705.jpg,new_whale w_bbf20b4 w_18a854b w_4fd48e7 w_96fd936
a1e20d8d.jpg,new_whale w_414f402 w_17a3581 w_11adaae w_4a78bf2
a1e32bb0.jpg,new_whale w_c90feaa w_8c1ec28 w_e826a6f w_6202983
a1ed01c0.jpg,new_whale w_0beef28 w_3694c7d w_3c27f42 w_fbcb6e4
a1edca5a.jpg,new_whale w_1a4f16e w_c352046 w_41fa033 w_76390b4
a1eec872.jpg,new_whale w_656ef35 w_7637760 w_cd65880 w_8397970
a1f0e298.jpg,new_whale w_ca8bfb4 w_4a074b8 w_0ea2545 w_9c5ed68
a1f793f9.jpg,new_whale w_8968506 w_3aa2073 w_899f659 w_cae7677
a1fee991.jpg,new_whale w_a950d1c w_361e290 w_7e8b270 w_aa16da4
a2078b2f.jpg,new_whale w_3a94311 w_2356a6d w_279b255 w_cece268
a20b8804.jpg,new_whale w_b729b1f w_075aa6e w_e73d83c w_5a0d250
a20f4451.jpg,new_whale w_0d39a68 w_f4e0748 w_3c304db w_1ecfe96
a211033e.jpg,new_whale w_654a5bb w_40323ac w_6c803bf w_3d0bc7a
a21a99a9.jpg,new_whale w_4d98ef7 w_e02fe7b w_0e737d0 w_9ceb05d
a21c5007.jpg,new_whale w_f3bd33a w_6ddbb81 w_25871da w_3b0894d
a21cb55b.jpg,new_whale w_c01beb7 w_e4f1fcc w_73e1d5b w_ead305f
a21d7f3e.jpg,new_whale w_741861e w_fd1cb9d w_4f6fabd w_65c80dd
a21e2c40.jpg,new_whale w_02facde w_dfbfe10 w_9875c12 w_62c3998
a2223bcc.jpg,new_whale w_fce6ab2 w_0626e4d w_c102ec3 w_b440303
a2397c06.jpg,new_whale w_0324b97 w_4659acf w_20eb13c w_b7d5069
a23d15c1.jpg,new_whale w_df092eb w_aa16da4 w_a13ada3 w_0caa554
a23eec91.jpg,new_whale w_6485cd4 w_2cca6a1 w_5c62a56 w_ff39e03
a24215d4.jpg,new_whale w_1c32062 w_3745f59 w_67599af w_7c943ab
a24368ee.jpg,new_whale w_2658649 w_1d17e8c w_0a565c5 w_56ccad1
a246df7d.jpg,new_whale w_eb7c39f w_7554f44 w_ee24bac w_87050a3
a248760c.jpg,new_whale w_71764b4 w_0cb6294 w_0e737d0 w_fe49bc4
a2494e7a.jpg,new_whale w_dfbfe10 w_89e159a w_6c803bf w_2bea4c4
a24a25e8.jpg,new_whale w_0a97a25 w_dd90e0a w_f81c626 w_796eebc
a24c91e3.jpg,new_whale w_73b705e w_1274a11 w_97f5054 w_c0d494d
a24efa8d.jpg,new_whale w_4b8d0c9 w_6315bc6 w_9caed77 w_102ab59
a257a5ff.jpg,new_whale w_9ec358c w_3d0bc7a w_89317b0 w_bb2d34d
a259e908.jpg,new_whale w_f6c23d5 w_28ce17c w_0d39a68 w_600faae
a25a6f84.jpg,new_whale w_8fab53d w_de3cab3 w_3d45268 w_12c3d3d
a25ae909.jpg,new_whale w_8a7b9c8 w_52c8684 w_09be3ad w_0f92544
a25ff0e1.jpg,new_whale w_662a132 w_eb47189 w_c9e1cdc w_2cdf820
a261a7a2.jpg,new_whale w_5c32d2a w_11f6df1 w_7f40920 w_e0e5c9e
a267f4b5.jpg,new_whale w_98d4838 w_fc7cc24 w_f5b8faf w_44cccf6
a26a71a1.jpg,new_whale w_ebe0ad5 w_b3e6069 w_c11932e w_15eae33
a26c504c.jpg,new_whale w_6d274b2 w_f6fb689 w_dcb1f2a w_0e737d0
a26fad4d.jpg,new_whale w_72d5b6c w_5d96ba4 w_307065e w_7e8b270
a27eeace.jpg,new_whale w_1eafe46 w_9ca943b w_b4732ef w_fe49bc4
a27f0150.jpg,new_whale w_e86cf21 w_9b00e07 w_41ed8e8 w_aa64cc1
a27fdae2.jpg,new_whale w_64f3545 w_5f7c402 w_89e159a w_fd1cb9d
a2824700.jpg,new_whale w_2d2de1d w_ee22376 w_c4c8491 w_4f0b7d9
a2874c74.jpg,new_whale w_7104905 w_fd1cb9d w_8575984 w_43966a3
a2892438.jpg,new_whale w_402784d w_6cb31c8 w_898eb3b w_7faebe3
a2923094.jpg,new_whale w_392bee3 w_193b7e3 w_7b1686d w_f44277f
a2929d0f.jpg,new_whale w_4759be5 w_11c504f w_0fa8587 w_fc76ede
a298fb8d.jpg,new_whale w_503ff17 w_0771d4b w_3de676c w_6d05f7f
a29c7619.jpg,new_whale w_ff7630a w_4fb3c95 w_aa16da4 w_cd01afb
a29df56d.jpg,new_whale w_c9ba30c w_7285eb3 w_e826a6f w_b074cdf
a2a6ebdb.jpg,new_whale w_1310342 w_e700deb w_ccbc782 w_9d5f5cc
a2adf3b8.jpg,new_whale w_ca813c2 w_da0b8b5 w_67de30b w_987a36f
a2b18209.jpg,new_whale w_27fc5d3 w_4a17405 w_d22af00 w_73d5489
a2c77a82.jpg,new_whale w_0e737d0 w_3e1ccc9 w_905d41b w_569c2c7
a2c9c2a0.jpg,new_whale w_9caed77 w_c128384 w_1a229eb w_a646643
a2c9d7c1.jpg,new_whale w_9771603 w_71c7322 w_8b15b96 w_2fe43c7
a2ce86fe.jpg,new_whale w_ae07541 w_0771d4b w_1ecfe96 w_cf00b01
a2e54dcb.jpg,new_whale w_56f2b1e w_c3ff6f2 w_2d963bb w_0ea2545
a2e8fb05.jpg,new_whale w_22b8a16 w_41c0098 w_a7f847f w_ca8bfb4
a2f06439.jpg,new_whale w_997582c w_6b45921 w_2cadad2 w_5126776
a30c66d1.jpg,new_whale w_941581c w_e5250e9 w_0de84f0 w_c7efb86
a30c8443.jpg,new_whale w_667833e w_c6f1bff w_99365b3 w_1127c35
a311523d.jpg,new_whale w_cce0444 w_b96d4e0 w_8044362 w_f2c9e07
a313c1e8.jpg,new_whale w_8ba2066 w_3af4e73 w_31fb9f0 w_6e8486d
a31bd078.jpg,new_whale w_6c803bf w_33b9360 w_9ec358c w_e61dd6d
a329ba88.jpg,new_whale w_c11932e w_73d5489 w_ed32db9 w_3aa2073
a32ea825.jpg,new_whale w_7edcfa5 w_9bf57f8 w_74adf0b w_acbc912
a32ee767.jpg,new_whale w_8e4abc9 w_0988bbb w_b0e05b1 w_87050a3
a32fc078.jpg,new_whale w_a54e7c1 w_9ea2cc3 w_a59905f w_1e3ce01
a333492c.jpg,new_whale w_73b705e w_ab6bb0a w_42f935c w_02d5fad
a337e50f.jpg,new_whale w_f64658b w_11138db w_2c75202 w_9771603
a33bca03.jpg,new_whale w_12c3d3d w_8fab53d w_09be3ad w_96c6151
a33bdc7b.jpg,new_whale w_0899118 w_dd52cfc w_1da7080 w_64783fe
a33ed56e.jpg,new_whale w_6f211a9 w_7c7a78c w_c4f3619 w_d037229
a33ffe36.jpg,new_whale w_096bc48 w_bf69a19 w_76d2cce w_e0efc4f
a3463095.jpg,new_whale w_db2baec w_38954da w_3061bdd w_fd1cb9d
a349011b.jpg,new_whale w_6c99c53 w_ab4cae2 w_410fb0a w_c11fce0
a349d259.jpg,new_whale w_1facad2 w_fba3bde w_68fb716 w_db3621e
a34f4aba.jpg,new_whale w_bf3449f w_b5e3076 w_73c9ba2 w_1eafe46
a3505e31.jpg,new_whale w_307065e w_bb2d34d w_3d0bc7a w_3fe1eb9
a35126bc.jpg,new_whale w_3694c7d w_fd1cb9d w_c390258 w_4e03f66
a3545f19.jpg,new_whale w_7554f44 w_243e33e w_3a9ee71 w_f19faeb
a35545dd.jpg,new_whale w_3fffc61 w_41afa58 w_7c7a78c w_4855bd3
a3558854.jpg,new_whale w_008c602 w_33e89be w_5d6786e w_af67683
a356fb37.jpg,new_whale w_3b483d3 w_22fa4ad w_7e8b270 w_a58f64d
a359807f.jpg,new_whale w_66c1b54 w_326e389 w_becdfdc w_b3e6069
a35c1b20.jpg,new_whale w_ee22376 w_8397970 w_badfc4b w_703e39b
a3601ee4.jpg,new_whale w_f178867 w_e3c0ae5 w_f83b1f9 w_91572bb
a3643b80.jpg,new_whale w_45e8ea5 w_1f6e1db w_ed0c4cc w_7248590
a3687182.jpg,new_whale w_f64658b w_f81c626 w_ec02248 w_77e1d3f
a372d6ea.jpg,new_whale w_3331656 w_c0d494d w_5b99089 w_2071a4c
a37e0552.jpg,new_whale w_511c464 w_4fd48e7 w_6232813 w_9db9ef5
a37e4182.jpg,new_whale w_89e159a w_0ac6a0a w_38e4aae w_b33e728
a38151be.jpg,new_whale w_17ee910 w_dfbfe10 w_9ceb05d w_bb2d34d
a3816647.jpg,new_whale w_9771603 w_fd1cb9d w_43be268 w_8c1dab2
a383d0e2.jpg,new_whale w_3061bdd w_817f022 w_2dcbf82 w_7c7a78c
a386d5a5.jpg,new_whale w_df834bf w_1717a13 w_524f51e w_e1f55ad
a388218e.jpg,new_whale w_39c7462 w_d66572d w_d47e2e3 w_67fecca
a38d0ee5.jpg,new_whale w_2832e90 w_0e40867 w_799556e w_a524549
a38d2ec5.jpg,new_whale w_35c8057 w_0f2f6e6 w_1eafe46 w_7763134
a39e6068.jpg,new_whale w_96c6151 w_c39fceb w_826eb44 w_d3ce445
a3a15c8c.jpg,new_whale w_4659acf w_7049d9f w_20eb13c w_54c00ad
a3a1d9a8.jpg,new_whale w_6c803bf w_98baff9 w_37374fa w_10ace22
a3a8b8a0.jpg,new_whale w_f6fb689 w_7f6ce8e w_b329c00 w_8fab53d
a3b1a6ce.jpg,new_whale w_46a4137 w_403f92f w_54fc5b3 w_b170173
a3bf7e2c.jpg,new_whale w_7c7a78c w_73d5489 w_2730966 w_6e20206
a3c0ff00.jpg,new_whale w_743209a w_c0cfd5b w_4b7b80b w_0e737d0
a3c4a5d3.jpg,new_whale w_853c1f7 w_fba3bde w_d9fdd15 w_7049d9f
a3c563ad.jpg,new_whale w_6092d5c w_6c803bf w_ef30115 w_d1bbde9
a3c7a13f.jpg,new_whale w_fd1cb9d w_2d29ddd w_fc7cc24 w_ca27f31
a3d19de4.jpg,new_whale w_1d0e29a w_fae3939 w_70715c1 w_0fa8587
a3dcdcb9.jpg,new_whale w_4855bd3 w_0e737d0 w_778ee6e w_c30959a
a3dd88cb.jpg,new_whale w_5a2075e w_f478955 w_02facde w_7c7a78c
a3de7ee0.jpg,new_whale w_d663f4f w_c493795 w_43be268 w_790c2aa
a3def700.jpg,new_whale w_4848a3c w_fa32440 w_9bcb0f8 w_d382236
a3e32d7b.jpg,new_whale w_8d5ede1 w_1a5e7a2 w_0d39a68 w_5d96ba4
a3ebecea.jpg,new_whale w_6710cf8 w_6c803bf w_987a36f w_3af4e73
a3ec9135.jpg,new_whale w_b08520c w_7419e4b w_813c5be w_b33e728
a3f15bda.jpg,new_whale w_1ec267f w_73d5489 w_3b483d3 w_25d7f93
a3f19c55.jpg,new_whale w_06c470d w_ab4cae2 w_d7de1ee w_c0d494d
a3f4bc74.jpg,new_whale w_cae7677 w_ebe0ad5 w_daec6d3 w_9205d40
a3fa4943.jpg,new_whale w_9ceb05d w_7276f4b w_f6fb689 w_5be8e63
a40d8ad7.jpg,new_whale w_372ae75 w_932c8cd w_acff672 w_71764b4
a411ba3f.jpg,new_whale w_0fa8587 w_3f2a05c w_1f6e1db w_6dbb861
a413f34c.jpg,new_whale w_d2be6cc w_bb2d34d w_18eee6e w_59eb8ae
a41588e2.jpg,new_whale w_f8e6546 w_8b15b96 w_0b7cc25 w_9151503
a416833b.jpg,new_whale w_449a34e w_85b0d73 w_abe383e w_64f3545
a4179176.jpg,new_whale w_0103030 w_b4eeae6 w_7b442c4 w_b678944
a4191fde.jpg,new_whale w_a18d0dc w_8c1ec28 w_217e78a w_fea7fe6
a41a20b0.jpg,new_whale w_9ceb05d w_1ae1386 w_71e6583 w_9ea2cc3
a4258dd1.jpg,new_whale w_dd52cfc w_09f825c w_18a1bf2 w_1dd8e68
a427bed3.jpg,new_whale w_864cc78 w_acff672 w_a3cd405 w_d88328d
a42ef787.jpg,new_whale w_7e8b270 w_0a2af22 w_7632107 w_e3fbc27
a44325fd.jpg,new_whale w_2963114 w_fd1cb9d w_8d46cef w_32a920b
a44511fb.jpg,new_whale w_4855bd3 w_e8bce8a w_693c9ee w_0ead9d7
a4451411.jpg,new_whale w_c8728f4 w_15f29b7 w_6aa5e66 w_5c62a56
a44ce39a.jpg,new_whale w_7459706 w_44a6b62 w_569c2c7 w_eb0a6ed
a44f1fd8.jpg,new_whale w_65428d9 w_2071a4c w_60cc444 w_e685c80
a45103fe.jpg,new_whale w_895c722 w_532fb22 w_6c803bf w_3061bdd
a4525b48.jpg,new_whale w_98baff9 w_8464638 w_1e3ce01 w_e5250e9
a457eefe.jpg,new_whale w_7c7a78c w_3ae3603 w_e02fe7b w_36eb0b1
a4617797.jpg,new_whale w_08f1502 w_70715c1 w_e3c119c w_b7d5069
a4663cce.jpg,new_whale w_2658649 w_648a9a8 w_60eba40 w_98baff9
a4732007.jpg,new_whale w_49a3b14 w_99365b3 w_dbf4e7f w_cc3a724
a47407d8.jpg,new_whale w_491607b w_8867074 w_8c1ec28 w_0ad6137
a47436f9.jpg,new_whale w_1606afc w_b6d09e6 w_e08089e w_2811cea
a47eabb2.jpg,new_whale w_95874a5 w_3f12226 w_ab4cae2 w_0b04c08
a4804381.jpg,new_whale w_1b5989e w_b6886e5 w_85f9040 w_ace8c54
a4899b85.jpg,new_whale w_9771603 w_826eb44 w_db93738 w_c39fceb
a48be472.jpg,new_whale w_7e1eb95 w_b9d27c6 w_d663f4f w_c27d036
a497b8c3.jpg,new_whale w_b6886e5 w_d3ef4b2 w_fe49bc4 w_9a2d56b
a4998c6f.jpg,new_whale w_b4732ef w_7c91fa7 w_54b0844 w_8867074
a499da9d.jpg,new_whale w_6710cf8 w_8d83172 w_d428980 w_8d46cef
a49ecbfd.jpg,new_whale w_e73d83c w_9b401eb w_b001dbe w_3e75bf3
a4a10299.jpg,new_whale w_92f705d w_0beef28 w_e2e56e9 w_d428980
a4a1b8b9.jpg,new_whale w_f7fed13 w_0de84f0 w_0f96780 w_fe054f3
a4a41051.jpg,new_whale w_71764b4 w_9ea2cc3 w_42cc88d w_d88328d
a4a5c27a.jpg,new_whale w_f314558 w_28cd742 w_5be8e63 w_e430ce0
a4b0bc63.jpg,new_whale w_d9aab0a w_a2b8172 w_7311fe4 w_993d66c
a4b45094.jpg,new_whale w_8d46cef w_e2e56e9 w_1310342 w_296749b
a4b52499.jpg,new_whale w_b678944 w_c0d494d w_c0d1701 w_f83b1f9
a4ba9817.jpg,new_whale w_f229b69 w_71c7322 w_625a6a9 w_dd90e0a
a4c01a24.jpg,new_whale w_8861715 w_711aaa1 w_67de30b w_7c7a78c
a4c4c6f7.jpg,new_whale w_5c07f42 w_8c1e2e4 w_c0d494d w_2071a4c
a4cd3f2c.jpg,new_whale w_0dee306 w_367b996 w_b96d4e0 w_fe49bc4
a4d7afb5.jpg,new_whale w_5af7a9c w_bf4880a w_fd1cb9d w_6b3402d
a4e22701.jpg,new_whale w_fe6617a w_98baff9 w_f4224b9 w_7554f44
a4e582ce.jpg,new_whale w_7586198 w_faf538a w_2952678 w_ff2ca5c
a4e8bf04.jpg,new_whale w_fd1cb9d w_ff2c4a4 w_2fe43c7 w_3d66298
a4ecb5d4.jpg,new_whale w_4d4bd72 w_73d5489 w_a524549 w_cae7677
a4f173e3.jpg,new_whale w_aa16da4 w_b939998 w_693c9ee w_cae7677
a4fabafa.jpg,new_whale w_0ea2545 w_4f103de w_0d60fdd w_9c5ed68
a5009305.jpg,new_whale w_b6410bc w_15427c3 w_b9f5b8b w_5436d75
a50847eb.jpg,new_whale w_d80e1bc w_7b0fb1d w_a7f847f w_8717ef3
a50e0a66.jpg,new_whale w_59461a4 w_0771d4b w_6c803bf w_076c122
a51033df.jpg,new_whale w_3af4e73 w_bb2d34d w_ab6db0f w_33b9360
a515c8bc.jpg,new_whale w_1f09cdd w_95874a5 w_9ea2cc3 w_bcf23a8
a51658a6.jpg,new_whale w_d0b237f w_6c803bf w_90ec71a w_d2be6cc
a51a9046.jpg,new_whale w_1c2fb13 w_9ec358c w_fba3bde w_d5ec83f
a52115f7.jpg,new_whale w_164cfff w_adb041c w_4504167 w_73185e4
a5223de0.jpg,new_whale w_62c3998 w_2d99a0c w_aa15df6 w_6c803bf
a52b0a4c.jpg,new_whale w_87c4190 w_338d945 w_33973bf w_b6886e5
a534486c.jpg,new_whale w_e61dd6d w_dcf2001 w_49bbc79 w_3026ce2
a53809dd.jpg,new_whale w_cbedcb0 w_837646b w_5f50b5e w_57c14db
a53a80ec.jpg,new_whale w_7158e92 w_d22af00 w_5436d75 w_3fc3d07
a53cdda5.jpg,new_whale w_dd52cfc w_d6a6360 w_26f9f95 w_0f92544
a5448737.jpg,new_whale w_cae7677 w_a254eb0 w_b0e05b1 w_f6722e7
a54ab59d.jpg,new_whale w_693c9ee w_02c9470 w_e282300 w_b329c00
a550b02b.jpg,new_whale w_330f897 w_b942708 w_3331656 w_f6fb689
a55b99c3.jpg,new_whale w_4c9d3df w_dbb315c w_38e4aae w_4dfe7cb
a55be915.jpg,new_whale w_776ba6e w_4b7b80b w_1eafe46 w_7554f44
a5641d3b.jpg,new_whale w_4cba6b2 w_42c631a w_f478955 w_5cef366
a5675e92.jpg,new_whale w_38e4aae w_89e159a w_8d83172 w_fc7cc24
a5677906.jpg,new_whale w_6202983 w_330286e w_c3d523d w_861cc1c
a568b0e3.jpg,new_whale w_a837660 w_f19faeb w_b074cdf w_540fd73
a56acaa2.jpg,new_whale w_015c991 w_23e5a4c w_0793503 w_4f217e3
a56fe84f.jpg,new_whale w_462a117 w_0740d28 w_fd1cb9d w_2cb8996
a570749f.jpg,new_whale w_7e8b270 w_5be8e63 w_7c7a78c w_7554f44
a573ef96.jpg,new_whale w_86b3f04 w_15427c3 w_eb0a6ed w_9caed77
a575bd91.jpg,new_whale w_d6255a4 w_5d96ba4 w_f5eb6c6 w_85755f7
a577a8b5.jpg,new_whale w_4b7b80b w_ace8c54 w_2e4fecc w_b96d4e0
a57e3a82.jpg,new_whale w_85f9040 w_86b9dfd w_de5b417 w_516bedb
a57fdb7f.jpg,new_whale w_45b90d9 w_e53334f w_74adf0b w_648a9a8
a581fa68.jpg,new_whale w_ac851eb w_eaeb1f0 w_1a9f141 w_a24f581
a5872e02.jpg,new_whale w_fdf60bb w_06ff732 w_0fa8587 w_df21074
a588b8c4.jpg,new_whale w_9ca943b w_b729b1f w_654a5bb w_abe383e
a58c0629.jpg,new_whale w_73bed18 w_57186e5 w_9e1e818 w_4057481
a5924a2a.jpg,new_whale w_9e7cada w_da0372d w_c17a537 w_f0db0ba
a59431af.jpg,new_whale w_fd1cb9d w_19f0b15 w_3d66298 w_3411b9f
a5966bb8.jpg,new_whale w_efe57c7 w_2901dbf w_4fdaa2a w_8d83172
a59a75f9.jpg,new_whale w_badfc4b w_92c7ace w_fd1cb9d w_718ce15
a59e740b.jpg,new_whale w_3d0bc7a w_3fe1eb9 w_6361632 w_bb2d34d
a59eef9f.jpg,new_whale w_a526492 w_8c605d2 w_ab4cae2 w_b939998
a5a0530c.jpg,new_whale w_c0d494d w_73b705e w_fa32440 w_1e5a146
a5a6671f.jpg,new_whale w_2fe43c7 w_987a36f w_3c0bbac w_9ea2cc3
a5a6a930.jpg,new_whale w_ebff750 w_8148b95 w_3e0f25d w_777f59a
a5a7424a.jpg,new_whale w_8d46cef w_6710cf8 w_54c00ad w_67de30b
a5b42e60.jpg,new_whale w_0aae8c1 w_e02fe7b w_861cc1c w_98baff9
a5b4df06.jpg,new_whale w_8b15b96 w_675e8e9 w_53859b2 w_8691e58
a5b5718f.jpg,new_whale w_73d5489 w_fe6c1f3 w_e3c119c w_d234e6b
a5c447af.jpg,new_whale w_02a768d w_ed0c4cc w_6163581 w_7586198
a5cd8e30.jpg,new_whale w_0f84bf6 w_2832e90 w_f96592f w_e0bbddc
a5d90e7d.jpg,new_whale w_d3ab153 w_7e1521a w_e0efc4f w_0e4f53c
a5d9e849.jpg,new_whale w_56f9abb w_898bb9a w_e3c0ae5 w_9989964
a5db454f.jpg,new_whale w_ff70408 w_1596a47 w_651cbb7 w_12f2352
a5e509cd.jpg,new_whale w_4bf5a06 w_b4eeae6 w_d642d4e w_93dcf76
a5ef0974.jpg,new_whale w_c4c8491 w_e4f1fcc w_7028d77 w_23dce10
a5f29d35.jpg,new_whale w_6e8486d w_c133ea8 w_e61dd6d w_33973bf
a5f7946e.jpg,new_whale w_97666c8 w_7b5a630 w_d1bbde9 w_3278f8c
a60e8c91.jpg,new_whale w_7759db0 w_987a36f w_b0e05b1 w_0729511
a61360ae.jpg,new_whale w_7d4cb72 w_19ca2c6 w_aeca19c w_0793503
a6178dbc.jpg,new_whale w_073b15e w_dcd7a1d w_b3cc032 w_1a70685
a61847fb.jpg,new_whale w_1632307 w_1dd8e68 w_3bb210a w_74adf0b
a61a9701.jpg,new_whale w_2f54c3c w_22bcbd6 w_7049d9f w_2f283f3
a61b3ffe.jpg,new_whale w_52c8684 w_5982299 w_1c432e7 w_fdf60bb
a6242b39.jpg,new_whale w_69f4311 w_bb2d34d w_5a6bf1f w_dbd2cff
a626ea32.jpg,new_whale w_6202983 w_db3621e w_e62a48d w_a59905f
a6277174.jpg,new_whale w_70a31ce w_9b401eb w_1287fbc w_222dcb7
a62d24a4.jpg,new_whale w_3326396 w_0337aa5 w_7f867ec w_e0ba9ae
a62d5896.jpg,new_whale w_0103030 w_8717ef3 w_6202983 w_31d3999
a62f3d83.jpg,new_whale w_4095207 w_a91600a w_bf3449f w_b5e3076
a62fa6f5.jpg,new_whale w_ea96346 w_9378098 w_a232f9e w_0f92544
a6339a23.jpg,new_whale w_7ed3719 w_966e86e w_57c14db w_57e8a80
a6340ac8.jpg,new_whale w_218b25e w_09d7946 w_a38d1a3 w_86113c4
a634fa7b.jpg,new_whale w_38e4aae w_64f3545 w_ee9c4d7 w_0beef28
a638f511.jpg,new_whale w_3fdab94 w_a59905f w_1dff010 w_d663f4f
a6396b4c.jpg,new_whale w_48f649e w_5bc5fc1 w_5b3f55f w_392bee3
a63aa92c.jpg,new_whale w_7c44934 w_c10ffe9 w_72dfe51 w_17e8554
a63aafb5.jpg,new_whale w_b1c44fe w_ea6651e w_93a4f60 w_52c8684
a6421ec5.jpg,new_whale w_3dd210a w_b5dd5bc w_680e011 w_9205d40
a6428a04.jpg,new_whale w_47d2bc6 w_e826a6f w_f986587 w_2282bb8
a646423c.jpg,new_whale w_fc7cc24 w_cd1f1ed w_6a3210a w_bd6e2dd
a6534a2c.jpg,new_whale w_1e4e7a4 w_c167245 w_02a768d w_b4732ef
a657f08f.jpg,new_whale w_77607b5 w_c02ac49 w_9ec358c w_fba3bde
a6588230.jpg,new_whale w_eb0a6ed w_8044362 w_dbda0d6 w_3674103
a6643f68.jpg,new_whale w_21a1bdb w_3674103 w_3061bdd w_243e33e
a66915d1.jpg,new_whale w_1a4f16e w_77ee0be w_1287fbc w_cc1f8bc
a66bee0e.jpg,new_whale w_cfe35d4 w_d32adcd w_44237e0 w_7caa4fe
a670abfa.jpg,new_whale w_f4c78e5 w_3f91e04 w_74adf0b w_f8e6546
a67f98f4.jpg,new_whale w_c8126db w_e156c87 w_a14ccaa w_c30959a
a6831472.jpg,new_whale w_1af5d59 w_4e03f66 w_dee1df3 w_2a9727c
a68653eb.jpg,new_whale w_987a36f w_89e159a w_7bda16b w_49bbc79
a68b4b07.jpg,new_whale w_1a70685 w_33b9360 w_8e92baa w_b80a9c5
a693b34f.jpg,new_whale w_d59cb45 w_a2a1378 w_34801a4 w_8861715
a6981b6e.jpg,new_whale w_e700deb w_0a97a25 w_7049d9f w_36eb0b1
a69bcd92.jpg,new_whale w_6d274b2 w_40323ac w_98baff9 w_075aa6e
a69fb66e.jpg,new_whale w_82c9c67 w_5c62a56 w_0fea5a3 w_493c000
a69fc6a4.jpg,new_whale w_b7d5069 w_3af4e73 w_0e737d0 w_5d6786e
a6a374ab.jpg,new_whale w_02bb4cf w_eb47189 w_aa16da4 w_ae07541
a6a67d7b.jpg,new_whale w_b6d09e6 w_8d46cef w_1310342 w_29cc48b
a6a83418.jpg,new_whale w_af6c7e2 w_09d654f w_cae7677 w_a58f64d
a6b0ffa0.jpg,new_whale w_6865ccb w_559ce61 w_32a920b w_987a36f
a6bcb7e1.jpg,new_whale w_f8e6546 w_3aa2073 w_987a36f w_ccb4adc
a6c892c2.jpg,new_whale w_a59905f w_db3621e w_c94f464 w_18eee6e
a6ce33e9.jpg,new_whale w_92585eb w_86ff8a6 w_d19a884 w_02c2248
a6ddb6d9.jpg,new_whale w_dba0cd8 w_fce6ab2 w_70715c1 w_477ccf5
a6df0c06.jpg,new_whale w_95aad92 w_19aeb9c w_7778174 w_693c9ee
a6dfb02d.jpg,new_whale w_3af4e73 w_1539fee w_40e3ee7 w_bb2d34d
a6ef25ec.jpg,new_whale w_fd1cb9d w_3411b9f w_313b78a w_987a36f
a6f2dd37.jpg,new_whale w_2f6a962 w_987a36f w_34c4927 w_82e0d98
a6f978c2.jpg,new_whale w_0ea659e w_7b442c4 w_b0a5c8d w_2e4fecc
a6faf940.jpg,new_whale w_53549df w_2282bb8 w_941581c w_b70a0c4
a6fd5ff9.jpg,new_whale w_874cf52 w_8044362 w_d7de1ee w_82ec5f0
a702024b.jpg,new_whale w_063d82f w_c80d300 w_d053be5 w_2725793
a70214af.jpg,new_whale w_e8c35dc w_1eafe46 w_b067417 w_aeca19c
a702c2a8.jpg,new_whale w_886257d w_cae7677 w_73d5489 w_2730966
a708f869.jpg,new_whale w_3026ce2 w_12cdfbd w_330f897 w_813c5be
a70b0304.jpg,new_whale w_2fe43c7 w_49bbc79 w_43be268 w_9875c12
a70b4a04.jpg,new_whale w_89e159a w_0ac6a0a w_38e4aae w_b33e728
a70d6446.jpg,new_whale w_2282bb8 w_31d3999 w_62f804d w_02d5fad
a7106c29.jpg,new_whale w_b074cdf w_e826a6f w_98baff9 w_3674103
a7123b49.jpg,new_whale w_db0ad01 w_cece268 w_f7bf28d w_3172910
a71482a9.jpg,new_whale w_e5250e9 w_98baff9 w_0e737d0 w_cd88a48
a71ebb26.jpg,new_whale w_fce6ab2 w_dba0cd8 w_395d578 w_4cff2f8
a72bcc1c.jpg,new_whale w_18fbec1 w_a59905f w_77607b5 w_18eee6e
a72ebfd0.jpg,new_whale w_4a3032d w_be20b46 w_fb7a56b w_11c2836
a74d6380.jpg,new_whale w_f19faeb w_d9adb4f w_e4616da w_4b7b80b
a7525b3e.jpg,new_whale w_80245ee w_9d0e84a w_dcb1f2a w_987a36f
a75469aa.jpg,new_whale w_e02fe7b w_1a70685 w_cd70e8b w_1596a47
a758f834.jpg,new_whale w_02cf46c w_a074c7e w_8044362 w_9ceb05d
a76610fb.jpg,new_whale w_8d46cef w_3039e7a w_999275d w_2d99a0c
a7762731.jpg,new_whale w_d037229 w_0771d4b w_3580734 w_43be268
a776985f.jpg,new_whale w_fbb485b w_b074cdf w_2466659 w_53549df
a779821d.jpg,new_whale w_c6372b8 w_dd0c2e0 w_a8ec52f w_104cc93
a77ad1c3.jpg,new_whale w_62c3998 w_bb2d34d w_4114553 w_dfbfe10
a77b60c4.jpg,new_whale w_05567a9 w_243e33e w_dbda0d6 w_f19faeb
a77e5660.jpg,new_whale w_9122179 w_c9e1cdc w_da2efe0 w_9ec358c
a77ead10.jpg,new_whale w_c9111ac w_373c114 w_fba3bde w_8867074
a78cdd78.jpg,new_whale w_77d2aea w_ba56291 w_b9e0ae0 w_e59294d
a78e525f.jpg,new_whale w_2ce5ce2 w_addcafa w_40cc259 w_6f580eb
a7a1e5da.jpg,new_whale w_699be3a w_2d29ddd w_c22307d w_073f071
a7a77733.jpg,new_whale w_fd1cb9d w_19f0b15 w_c027e4e w_f6b952e
a7aab7c0.jpg,new_whale w_851a7f4 w_0793503 w_cc54cee w_f19faeb
a7ab889e.jpg,new_whale w_e8c4623 w_fc76ede w_c666071 w_92e7841
a7ae360b.jpg,new_whale w_e3c119c w_87050a3 w_4b7b80b w_dbda0d6
a7aface1.jpg,new_whale w_dcb1f2a w_d676d44 w_8b5885d w_1c3e5da
a7b31d8b.jpg,new_whale w_ba39446 w_44a6b62 w_cdc21df w_414a0d7
a7b40cb0.jpg,new_whale w_f0fc693 w_9146eae w_601b6d4 w_75e6bf3
a7b5dc4f.jpg,new_whale w_affdf5d w_e3c0ae5 w_361e290 w_d9adb4f
a7b716d4.jpg,new_whale w_0aae8c1 w_98baff9 w_efebfe8 w_06ff732
a7b749cb.jpg,new_whale w_1dff010 w_0f54cdf w_3a7d86d w_e964ae8
a7bb7be8.jpg,new_whale w_d37b55b w_b14007c w_6202983 w_c58b474
a7beb983.jpg,new_whale w_4378542 w_97f5054 w_4b7b80b w_515838e
a7c139f4.jpg,new_whale w_fbcb6e4 w_242a05d w_abe383e w_813c5be
a7c2febc.jpg,new_whale w_243e33e w_330f897 w_bd43538 w_0e81e60
a7c44a15.jpg,new_whale w_778ee6e w_8697f5f w_d1eab36 w_3745f59
a7c76e24.jpg,new_whale w_8c1ec28 w_e826a6f w_b074cdf w_7554f44
a7d607c6.jpg,new_whale w_d037229 w_af98182 w_010a1fa w_9d9913a
a7db40a5.jpg,new_whale w_97982cf w_62c3998 w_7c18f3c w_92be3ca
a7de7c2a.jpg,new_whale w_2c3f440 w_3745f59 w_c9dfa13 w_b066aa6
a7debad9.jpg,new_whale w_09d7946 w_4be8a3e w_db9e932 w_f6fb689
a7e138c7.jpg,new_whale w_f460394 w_701972b w_2111212 w_ab39440
a7e179fd.jpg,new_whale w_fd07344 w_1924883 w_b41e229 w_a59905f
a7e3138c.jpg,new_whale w_c6be61e w_fa96a3d w_7763134 w_222dcb7
a7e4edd4.jpg,new_whale w_18a854b w_5f5ef4e w_286ec5f w_cb9220b
a7ee31c0.jpg,new_whale w_37374fa w_25871da w_681dba6 w_5e78545
a7f324bf.jpg,new_whale w_a22f338 w_7b035cc w_71c7322 w_43be268
a7f8f16f.jpg,new_whale w_613f90d w_fe49bc4 w_e02fe7b w_987a36f
a7fcd4c6.jpg,new_whale w_d9adb4f w_fe49bc4 w_c00534d w_d3ef4b2
a7fe275e.jpg,new_whale w_8db45b7 w_cd70e8b w_1d05772 w_2f6a962
a7ff8d49.jpg,new_whale w_63db6f9 w_fba3bde w_7b035cc w_67de30b
a8020970.jpg,new_whale w_bb2d34d w_0a58a06 w_abe383e w_97f5054
a8092805.jpg,new_whale w_76b6f7c w_0fa8587 w_4fd48e7 w_ad8bc47
a80c5fae.jpg,new_whale w_cbedcb0 w_7e8b270 w_bd61ca9 w_57c14db
a80d6a80.jpg,new_whale w_32475a1 w_612f4a2 w_8971f1d w_4f28a45
a80e27da.jpg,new_whale w_ee17a08 w_4e52a49 w_29fc831 w_3694c7d
a80f1735.jpg,new_whale w_8c1ec28 w_ea9b531 w_434ad6a w_dbda0d6
a812fc7b.jpg,new_whale w_60c5e7e w_9e1e278 w_686408a w_488cdd8
a8177336.jpg,new_whale w_09d7946 w_551f5ca w_fa32440 w_ace8c54
a8177c86.jpg,new_whale w_5ae47d9 w_e449d3a w_471cca4 w_4be373e
a819d0d9.jpg,new_whale w_2f6a962 w_7f45825 w_0f96780 w_7b035cc
a820b90f.jpg,new_whale w_6e7262e w_aa9b995 w_7b5a630 w_77607b5
a8274765.jpg,new_whale w_b6886e5 w_dfbfe10 w_77e1d3f w_c133ea8
a829f98e.jpg,new_whale w_d775542 w_4d528e4 w_2963114 w_479e3e5
a82a30ab.jpg,new_whale w_932c8cd w_c9e1cdc w_77e1d3f w_3af4e73
a82dcc46.jpg,new_whale w_a14ccaa w_db2baec w_43eea34 w_9cb529f
a8312051.jpg,new_whale w_d47e2e3 w_7c7a78c w_fba3bde w_22bcbd6
a832cd3c.jpg,new_whale w_f8e6546 w_f4c78e5 w_c926fc3 w_759b647
a83651ad.jpg,new_whale w_f87b77b w_e156c87 w_1dff010 w_fd1cb9d
a83f0f04.jpg,new_whale w_e62b5d8 w_3de676c w_5624f08 w_49bbc79
a840133b.jpg,new_whale w_18eee6e w_6e8486d w_4b7b80b w_9ea2cc3
a8470689.jpg,new_whale w_6c99c53 w_fcfcf68 w_058547a w_6c23fcc
a849ecc6.jpg,new_whale w_0bc712b w_0674604 w_f9083fe w_b5ea8a0
a84cc358.jpg,new_whale w_1a5e7a2 w_d382236 w_b942708 w_3b0894d
a85149fd.jpg,new_whale w_9ea2cc3 w_8f593d4 w_c133ea8 w_ef2f0f0
a8591dcd.jpg,new_whale w_3bc8a47 w_778ee6e w_e86cf21 w_7538a4c
a859fafd.jpg,new_whale w_2663598 w_06ff732 w_4bf5a06 w_7faebe3
a85cba14.jpg,new_whale w_d8eae88 w_29eb3b2 w_42dd100 w_2d29ddd
a85d50e9.jpg,new_whale w_7e1521a w_7dee51b w_d52bc74 w_b0e05b1
a861fa2f.jpg,new_whale w_62f804d w_3af4e73 w_dad56c9 w_fd1cb9d
a86c5a7e.jpg,new_whale w_7234b3d w_0b04c08 w_47d2bc6 w_98baff9
a873fe98.jpg,new_whale w_87cb6bd w_0e4f53c w_6257bdf w_a524549
a879c1fc.jpg,new_whale w_0337aa5 w_462a117 w_76387b4 w_2cb8996
a87f83f3.jpg,new_whale w_19e8a2d w_dcb1f2a w_009dc00 w_1127c35
a880a4ce.jpg,new_whale w_9ba06bb w_35c8057 w_eac205a w_af04ba6
a8830473.jpg,new_whale w_89e159a w_72a1cd8 w_67de30b w_fd1cb9d
a883cf78.jpg,new_whale w_569c2c7 w_a62f211 w_b0e05b1 w_3674103
a88cbfab.jpg,new_whale w_f83b1f9 w_392bee3 w_22bb9b3 w_d9adb4f
a890a3f9.jpg,new_whale w_18eee6e w_a87ac93 w_43be268 w_9ea2cc3
a8927f0d.jpg,new_whale w_c2c4f43 w_3326396 w_721d2e9 w_98baff9
a89d11f7.jpg,new_whale w_cfe35d4 w_1eafe46 w_754c69f w_6202983
a8a08d4e.jpg,new_whale w_701972b w_449e238 w_41901e5 w_c6372b8
a8a1965c.jpg,new_whale w_8f593d4 w_d428980 w_778ee6e w_9ea2cc3
a8a1e200.jpg,new_whale w_38e4aae w_56bbc91 w_8d83172 w_8c1e2e4
a8a4b68b.jpg,new_whale w_4c8244d w_5f7c402 w_9ae554b w_0ebd514
a8acdfdf.jpg,new_whale w_43be268 w_dbd28fa w_7ba4b5a w_dcb1f2a
a8af5748.jpg,new_whale w_7c7a78c w_d47e2e3 w_e02fe7b w_e0f6444
a8b692b6.jpg,new_whale w_b34793e w_d4fa6f3 w_987a36f w_cf092f5
a8b77580.jpg,new_whale w_bdbec6c w_7cca153 w_06ff732 w_7586198
a8b913f7.jpg,new_whale w_35063ed w_1b224c1 w_10ace22 w_059e347
a8bbd643.jpg,new_whale w_70b4610 w_98baff9 w_6202983 w_3674103
a8c28035.jpg,new_whale w_4b7b80b w_9aeb18f w_f19faeb w_93bf5f4
a8c47d2e.jpg,new_whale w_bb2d34d w_0a58a06 w_abe383e w_97f5054
a8c4a993.jpg,new_whale w_67de30b w_cf82352 w_9c5ed68 w_fe5e78b
a8c81619.jpg,new_whale w_d11c53b w_2f6a962 w_06ff732 w_0869575
a8cb7a3b.jpg,new_whale w_1ec267f w_b688397 w_b0e05b1 w_376a413
a8d43b8a.jpg,new_whale w_d9fdd15 w_18eee6e w_6361632 w_80211fd
a8d5ecf6.jpg,new_whale w_a16b600 w_514c62c w_f51b4bc w_8b1d546
a8d670e4.jpg,new_whale w_41901e5 w_c0323f5 w_7554f44 w_8c605d2
a8dbeaa7.jpg,new_whale w_29fc831 w_d88328d w_ee17a08 w_3694c7d
a8e0ffb7.jpg,new_whale w_7108f6d w_17dc953 w_7b5a630 w_ef2f0f0
a8e334e1.jpg,new_whale w_1ae1386 w_d89b29e w_ebe0ad5 w_58bca3c
a8e77d35.jpg,new_whale w_02a768d w_8044362 w_db0ad01 w_4ebeafb
a8e9b9d1.jpg,new_whale w_9ceb05d w_776ba6e w_1eafe46 w_6202983
a8f490ad.jpg,new_whale w_733fe81 w_e0e5c9e w_048f7a9 w_fd1cb9d
a8f8aa13.jpg,new_whale w_a646643 w_c128384 w_143b201 w_03b5e9a
a904ccbe.jpg,new_whale w_db3621e w_c9e1cdc w_fba3bde w_6202983
a90c74f4.jpg,new_whale w_1d53d9c w_d7ddf9c w_b4732ef w_0175a35
a91049b9.jpg,new_whale w_83714b7 w_7554f44 w_fc61767 w_93bf5f4
a91316ac.jpg,new_whale w_7f40920 w_37bd99a w_fd1cb9d w_434ad6a
a91820c3.jpg,new_whale w_34c4927 w_e3bb130 w_eb47189 w_662a132
a91b980b.jpg,new_whale w_17ee910 w_1facad2 w_e101deb w_2dd15d3
a9260b03.jpg,new_whale w_1ec267f w_15eae33 w_b0e05b1 w_376a413
a92cb363.jpg,new_whale w_b9c9129 w_3026ce2 w_43340c5 w_7c18f3c
a9351bc8.jpg,new_whale w_fce6ab2 w_dba0cd8 w_395d578 w_4cff2f8
a9386336.jpg,new_whale w_98baff9 w_338b130 w_8968506 w_4b7b80b
a93dad1b.jpg,new_whale w_0e4f53c w_f115d53 w_f178867 w_56f2b1e
a93f54af.jpg,new_whale w_33973bf w_6247b2e w_932c8cd w_dfbfe10
a93faaf6.jpg,new_whale w_3d0bc7a w_0824736 w_e4c7fac w_435ee6d
a940cf21.jpg,new_whale w_5ba417d w_5d96ba4 w_015c991 w_e3c0ae5
a949386e.jpg,new_whale w_7049d9f w_ec02248 w_d663f4f w_4659acf
a94fe986.jpg,new_whale w_fba3bde w_9ec358c w_77e1d3f w_cd88a48
a954819b.jpg,new_whale w_7b69289 w_31d3999 w_2f07b15 w_55647bd
a9559c84.jpg,new_whale w_b6d09e6 w_ccbc782 w_6c803bf w_c87b956
a957c867.jpg,new_whale w_e826a6f w_7554f44 w_0b04c08 w_490c8a0
a95e69c6.jpg,new_whale w_2fe43c7 w_d9055d1 w_8201aa8 w_cd88a48
a96131aa.jpg,new_whale w_fd1cb9d w_f2e9055 w_7c7a78c w_6af9dd7
a969006a.jpg,new_whale w_0e737d0 w_c30959a w_98baff9 w_4d98ef7
a969fe85.jpg,new_whale w_778ee6e w_62c3998 w_4114553 w_2d99a0c
a972c1d5.jpg,new_whale w_98baff9 w_693c9ee w_e5250e9 w_ab4cae2
a97b95c4.jpg,new_whale w_f83b1f9 w_48bcad8 w_71764b4 w_94cd45e
a97cce35.jpg,new_whale w_eb47189 w_4e52a49 w_d663f4f w_813c5be
a98a6656.jpg,new_whale w_5624f08 w_008c602 w_33e89be w_1539fee
a98bfd97.jpg,new_whale w_7028d77 w_f6bca7a w_00cb685 w_376a413
a9932023.jpg,new_whale w_c57623d w_dbda0d6 w_024358d w_fe49bc4
a993e8e6.jpg,new_whale w_dff77b6 w_e9cacbf w_c34afd7 w_38e4aae
a9a1f861.jpg,new_whale w_8b56cb1 w_6710cf8 w_1dff010 w_a14ccaa
a9a297b2.jpg,new_whale w_3db53dc w_599d0df w_1c69443 w_084d01c
a9a401e5.jpg,new_whale w_c4e71b6 w_67fecca w_6d7c852 w_656ef35
a9a970b7.jpg,new_whale w_408c5a7 w_511c464 w_4e52a49 w_d9aab0a
a9ae4b24.jpg,new_whale w_4b47559 w_64f3545 w_a21cc97 w_6635a97
a9aeec0a.jpg,new_whale w_434ad6a w_bda2856 w_3650949 w_ddbf533
a9b941b8.jpg,new_whale w_480b2d4 w_48f649e w_fea7fe6 w_3fc3d07
a9be28ad.jpg,new_whale w_d8f0f46 w_b9e00eb w_8e25bfa w_c352046
a9c167ff.jpg,new_whale w_1948625 w_2c55303 w_fba3bde w_11adaae
a9c37f80.jpg,new_whale w_1fc14e9 w_bdd0576 w_441bd21 w_1deadd7
a9c7e8cf.jpg,new_whale w_bfe749f w_e4f1fcc w_2d29ddd w_9d5f5cc
a9c94a1f.jpg,new_whale w_00fbb4e w_6202983 w_41ed8e8 w_1eafe46
a9cf407a.jpg,new_whale w_42f935c w_e7f03cf w_3694c7d w_0c6dbbe
a9d6e486.jpg,new_whale w_5e04db0 w_73cbacd w_367b996 w_a01d903
a9d728b4.jpg,new_whale w_d6255a4 w_3a78626 w_e98432b w_23dce10
a9da8310.jpg,new_whale w_8a816b1 w_156c0db w_5ae47d9 w_23dce10
a9e477ac.jpg,new_whale w_cd88a48 w_5c07f42 w_bf69a19 w_0fe48f3
a9eafb7a.jpg,new_whale w_db3621e w_18eee6e w_9ec358c w_a7d4668
a9ed0b0d.jpg,new_whale w_ab4cae2 w_c58b474 w_98baff9 w_b074cdf
a9ef1734.jpg,new_whale w_8c1e2e4 w_c1b3568 w_18eee6e w_3cf3853
a9f5473f.jpg,new_whale w_0729511 w_9b6b87d w_b0e05b1 w_fe95ab8
a9f75f9f.jpg,new_whale w_73cbacd w_1127c35 w_7028d77 w_c4f3619
aa03d77e.jpg,new_whale w_61b87f9 w_87050a3 w_d2be6cc w_4855bd3
aa045ac3.jpg,new_whale w_e63fbbe w_c0d1701 w_73b705e w_98baff9
aa0b98c8.jpg,new_whale w_10ace22 w_6c803bf w_67de30b w_77e1ae3
aa0c61bd.jpg,new_whale w_12f2352 w_89e159a w_3f8f5aa w_1911cbb
aa0f878d.jpg,new_whale w_54cd8e0 w_e826a6f w_fab0a22 w_5c6215c
aa181165.jpg,new_whale w_c98f439 w_dab1fb4 w_43be268 w_c8f7bcd
aa1c9cc1.jpg,new_whale w_5810973 w_02facde w_efd3f81 w_63d1ea6
aa29e604.jpg,new_whale w_a8ec52f w_38efce7 w_f19faeb w_ab4cae2
aa2d4af1.jpg,new_whale w_44a6b62 w_2dea395 w_f008d2b w_8397970
aa33c78f.jpg,new_whale w_67de30b w_8861715 w_d428980 w_7f45825
aa352590.jpg,new_whale w_d708c5a w_156c0db w_7311fe4 w_966e86e
aa398fa6.jpg,new_whale w_219e33c w_5a81425 w_3039e7a w_e863419
aa3a794e.jpg,new_whale w_d8384bf w_4e52a49 w_6c899ff w_fd1cb9d
aa3d8358.jpg,new_whale w_26f9f95 w_372909c w_dd52cfc w_837646b
aa414994.jpg,new_whale w_b4732ef w_f5771d1 w_2282bb8 w_ba17206
aa4280b7.jpg,new_whale w_bbc2a14 w_29eb3b2 w_d8eae88 w_e8ca955
aa445217.jpg,new_whale w_143b201 w_82c9c67 w_2270691 w_3c4062e
aa459de8.jpg,new_whale w_7ed0d17 w_daeb296 w_36ac97f w_217e78a
aa469d85.jpg,new_whale w_037955e w_ba5336c w_db93738 w_55d6c4f
aa4aa2c6.jpg,new_whale w_f21f2ec w_932c8cd w_7b035cc w_17ee910
aa4f4f99.jpg,new_whale w_6e5b022 w_a7f847f w_4f103de w_b9e00eb
aa5052d4.jpg,new_whale w_3aa2073 w_0c6d50d w_f8e6546 w_c90c37a
aa52deae.jpg,new_whale w_fd1cb9d w_4fcfa4d w_1dff010 w_6710cf8
aa5f4a9e.jpg,new_whale w_7bda16b w_12f2352 w_3cf3853 w_1ac4c38
aa61e224.jpg,new_whale w_e02fe7b w_aa16da4 w_e73d83c w_045d9fc
aa6c9470.jpg,new_whale w_5b8f282 w_0600ecf w_6c803bf w_ea2385d
aa6ca61d.jpg,new_whale w_2c3f440 w_4c4c001 w_efd3f81 w_b9e00eb
aa6d67ce.jpg,new_whale w_71bfc77 w_fe49bc4 w_305ed07 w_a422d00
aa71fed3.jpg,new_whale w_157ba16 w_0a91f24 w_7b1abbf w_b074cdf
aa745bf2.jpg,new_whale w_434ad6a w_67de30b w_e09e886 w_7f40920
aa78ee20.jpg,new_whale w_3e5069e w_2d99a0c w_238bbbf w_3349c9d
aa7b5e58.jpg,new_whale w_0f96780 w_4b7b80b w_c84551d w_41ed8e8
aa7dcf20.jpg,new_whale w_a8e5d39 w_3db53dc w_acff672 w_651cbb7
aa8416d0.jpg,new_whale w_be20b46 w_3ce788a w_edcb241 w_2085f2e
aa86c176.jpg,new_whale w_569c2c7 w_c57623d w_2dae424 w_0e737d0
aa88a3be.jpg,new_whale w_eac205a w_35c8057 w_b96d4e0 w_be4d5b8
aa8c1196.jpg,new_whale w_c9e1cdc w_95874a5 w_516bedb w_3d0bc7a
aa8dd1ce.jpg,new_whale w_98dcedd w_b9e116f w_12c3d3d w_302af0a
aa8deafc.jpg,new_whale w_2d2d7fe w_38e088a w_dfd7ee8 w_9cb529f
aa92e238.jpg,new_whale w_76ebad6 w_d148982 w_b329c00 w_989fbbb
aa982f69.jpg,new_whale w_4408e45 w_9122e43 w_c95a0ea w_8397970
aa9b5150.jpg,new_whale w_9989964 w_7554f44 w_5f50b5e w_e3c0ae5
aa9d679b.jpg,new_whale w_837646b w_872a86c w_c13a4e3 w_1dff010
aa9fd0ea.jpg,new_whale w_62f804d w_c3d523d w_b7d5069 w_43be268
aaa2a3b1.jpg,new_whale w_d47e2e3 w_f19faeb w_b9e00eb w_f83b1f9
aaa3150d.jpg,new_whale w_701972b w_4772747 w_9291cdf w_35063ed
aaa6345c.jpg,new_whale w_90f5d3b w_0e25cf2 w_553bb6e w_bbd9409
aaa7c48e.jpg,new_whale w_60c5e7e w_cae7677 w_b7d5069 w_43be268
aab13404.jpg,new_whale w_f93d780 w_65efe4d w_81ff1c5 w_2b1e2f5
aabaca48.jpg,new_whale w_9ea2cc3 w_625a6a9 w_dd90e0a w_f229b69
aabb8a25.jpg,new_whale w_893e77a w_7386509 w_0bc712b w_2eabd5a
aabbaf8a.jpg,new_whale w_6865ccb w_559ce61 w_32a920b w_987a36f
aac25c4c.jpg,new_whale w_12cdfbd w_9ea2cc3 w_62c3998 w_a25caa9
aac4fde2.jpg,new_whale w_ffb4e3d w_1287fbc w_222dcb7 w_70a31ce
aac8c836.jpg,new_whale w_aa16da4 w_1489751 w_ebe0ad5 w_7459706
aace0266.jpg,new_whale w_693c9ee w_4759be5 w_8fab53d w_8044362
aad60fd7.jpg,new_whale w_1911cbb w_5c0e858 w_c9111ac w_2d99a0c
aadb6fbd.jpg,new_whale w_b638c8f w_e826a6f w_9ea2cc3 w_62ca7c8
aadc8a2c.jpg,new_whale w_02a768d w_db0ad01 w_ca8bfb4 w_826eb44
aae1326d.jpg,new_whale w_2963114 w_ea2385d w_bb2d34d w_9ea2cc3
aae3c1e3.jpg,new_whale w_0bc712b w_fe96bef w_9c8e377 w_0e4f53c
aae703e2.jpg,new_whale w_3026ce2 w_3d0bc7a w_1dff010 w_b729b1f
aae8d79f.jpg,new_whale w_d676d44 w_59db39b w_4a7080a w_ab6bb0a
aaec71d7.jpg,new_whale w_02c9470 w_cae7677 w_09d654f w_2fdf63b
aaed6b1c.jpg,new_whale w_3326396 w_b0e05b1 w_f932abc w_721d2e9
aaf3442d.jpg,new_whale w_a7f847f w_4f103de w_b9e00eb w_6a2328a
aaf64f42.jpg,new_whale w_8ba2066 w_8325a79 w_c8bf168 w_2f89dfe
aafb2ed9.jpg,new_whale w_9ff699b w_883557a w_70b4610 w_c124d29
aafda838.jpg,new_whale w_66c1b54 w_77e1d3f w_c0d494d w_02cf46c
ab028c30.jpg,new_whale w_fbb485b w_2870b33 w_2e4fecc w_b074cdf
ab096689.jpg,new_whale w_fc7cc24 w_cae7677 w_c3d523d w_9d704ab
ab0b71c2.jpg,new_whale w_4855bd3 w_9875c12 w_6c803bf w_8c1ec28
ab0bd9f1.jpg,new_whale w_80245ee w_73d5489 w_0e40867 w_813c5be
ab0cc768.jpg,new_whale w_41ed8e8 w_d663f4f w_9577f88 w_4659acf
ab0debd5.jpg,new_whale w_9c3db0a w_222dcb7 w_b678944 w_1eafe46
ab0e458a.jpg,new_whale w_ed8a846 w_1fd0d0e w_6547e12 w_b0e05b1
ab136b0e.jpg,new_whale w_ab1c859 w_5f82501 w_98baff9 w_ab4cae2
ab1cfa56.jpg,new_whale w_4195fc3 w_a1a8680 w_43be268 w_8fab53d
ab1d7b73.jpg,new_whale w_03a2ed7 w_7417ab0 w_8507226 w_c00534d
ab1f9940.jpg,new_whale w_96ba432 w_0b04c08 w_ed117b3 w_76ebad6
ab229b50.jpg,new_whale w_64f3545 w_be0fefb w_813c5be w_3694c7d
ab232afd.jpg,new_whale w_0aae8c1 w_fd1cb9d w_43be268 w_6232813
ab2fc604.jpg,new_whale w_e3f51ec w_7554f44 w_4b7b80b w_eac205a
ab329f64.jpg,new_whale w_e158680 w_ccb4adc w_42ab867 w_b6301f8
ab3682d8.jpg,new_whale w_3580734 w_796eebc w_c3d523d w_7538a4c
ab3cbda7.jpg,new_whale w_19f0b15 w_127f4c6 w_67de30b w_331df94
ab3e8ffe.jpg,new_whale w_d19a884 w_7b770ec w_7e8b270 w_a8335f2
ab3fa5b4.jpg,new_whale w_97666c8 w_32a920b w_7e49f1e w_4a78bf2
ab428c2b.jpg,new_whale w_7554f44 w_def505e w_48dd419 w_1287fbc
ab4af098.jpg,new_whale w_6202983 w_8f593d4 w_4b7b80b w_b9f5b8b
ab6133d3.jpg,new_whale w_12f2352 w_5c0e858 w_ff70408 w_656afeb
ab613eb7.jpg,new_whale w_e4e6f5b w_406331a w_a58f64d w_1dd8e68
ab6435f4.jpg,new_whale w_a254eb0 w_14ba846 w_fe95ab8 w_3674103
ab711d81.jpg,new_whale w_6c9a524 w_b8dff40 w_ab6db0f w_3cf3853
ab75241a.jpg,new_whale w_6e8486d w_4fdaa2a w_11adaae w_d0b237f
ab76c325.jpg,new_whale w_1917275 w_813c5be w_b5ea8a0 w_7e8b270
ab79e7d6.jpg,new_whale w_ff1b64c w_9948a99 w_7233641 w_5b99089
ab7c2378.jpg,new_whale w_1f00cb7 w_b074cdf w_d0157fd w_5fc5ea5
ab801e79.jpg,new_whale w_f932abc w_1ec0481 w_12c3d3d w_29670e2
ab80fe26.jpg,new_whale w_414a0d7 w_dcb1f2a w_2832e90 w_d2be6cc
ab827770.jpg,new_whale w_c0323f5 w_0e32aa2 w_e41f2fa w_99ad599
ab82b9f8.jpg,new_whale w_62f299e w_a866824 w_67fecca w_21e178f
ab8a0fa5.jpg,new_whale w_1090920 w_651cbb7 w_eb8429c w_3411b9f
ab910f4a.jpg,new_whale w_91faa95 w_12d9132 w_a8ec52f w_c6372b8
ab9121e0.jpg,new_whale w_222dcb7 w_d5ec83f w_3745f59 w_9ea2cc3
ab9146be.jpg,new_whale w_18df014 w_743209a w_06f0fd3 w_46b211d
ab9d96f1.jpg,new_whale w_1e68ef5 w_d224115 w_3e1a037 w_3d187b5
ab9e199a.jpg,new_whale w_826eb44 w_0d0ecfb w_38b1edd w_85cdd9b
ab9e7d4b.jpg,new_whale w_7554f44 w_3674103 w_f6fb689 w_1d53d9c
aba0c873.jpg,new_whale w_f188f95 w_fd628f1 w_7586198 w_45e8ea5
aba16389.jpg,new_whale w_bf38f05 w_883b284 w_654a5bb w_eb39613
aba3d7d1.jpg,new_whale w_fa32440 w_b96d4e0 w_caf4286 w_dbda0d6
abaabc98.jpg,new_whale w_e0f6444 w_b939998 w_d62128e w_b19c33f
ababd221.jpg,new_whale w_7895123 w_8719b04 w_12cdfbd w_987a36f
abb17c4b.jpg,new_whale w_4dfe7cb w_d6df554 w_ae07541 w_7885601
abb322b4.jpg,new_whale w_6be343c w_8fab53d w_35063ed w_338b130
abb73251.jpg,new_whale w_1a70685 w_1596a47 w_656afeb w_3dc5e74
abb753ee.jpg,new_whale w_b6689cc w_bc9dc37 w_778ee6e w_286ec5f
abb8b76e.jpg,new_whale w_b074f5e w_03c6d18 w_dd086b2 w_9c3db0a
abb917af.jpg,new_whale w_414f402 w_0c70bc3 w_8fab53d w_68fb716
abbace78.jpg,new_whale w_fc15159 w_8d83172 w_59eb8ae w_1dff010
abbe379c.jpg,new_whale w_338d945 w_4114553 w_dcb1f2a w_3c304db
abbf7619.jpg,new_whale w_06dbe6b w_aa64cc1 w_6202983 w_06ff732
abc26443.jpg,new_whale w_5ba417d w_eb39613 w_9dc4181 w_86cc90f
abc40beb.jpg,new_whale w_93dcf76 w_7c7a78c w_1632307 w_8044362
abc41eef.jpg,new_whale w_773967d w_0f16be3 w_73d5489 w_eb0a6ed
abc89d4d.jpg,new_whale w_3af4e73 w_6c803bf w_987a36f w_62f804d
abcdb655.jpg,new_whale w_3c8eab1 w_6438b7d w_d51a79f w_1e6559e
abd36ed1.jpg,new_whale w_b0aed4a w_73d5489 w_7324cf5 w_6556c5c
abd3b01e.jpg,new_whale w_f3b63ba w_0de84f0 w_9577f88 w_7637760
abd74d0a.jpg,new_whale w_c0f377b w_6a78025 w_7a336b4 w_cd22b23
abddaea6.jpg,new_whale w_06ff732 w_7faebe3 w_243e33e w_48bcad8
abe9b2c1.jpg,new_whale w_73b705e w_bb2d34d w_fa32440 w_97f5054
abec0cb6.jpg,new_whale w_ba1befb w_84a13d3 w_73d5489 w_77e1d3f
abf126c3.jpg,new_whale w_c9dd32e w_ca8bfb4 w_1eafe46 w_36a4e8b
abf17212.jpg,new_whale w_bc68c30 w_89e159a w_451f507 w_5f0960c
abf934fd.jpg,new_whale w_18a1bf2 w_dd52cfc w_f7a0fd7 w_b2f1afa
abfde6fc.jpg,new_whale w_d9fdd15 w_d037229 w_1a70685 w_0771d4b
ac024dc9.jpg,new_whale w_33c3ce1 w_eb0a6ed w_86b3f04 w_c4f3619
ac02a9d2.jpg,new_whale w_b6410bc w_6a6b3b3 w_153645e w_095f58d
ac078754.jpg,new_whale w_ca0ec7c w_15ebbda w_e6d89c0 w_7028d77
ac08d7f9.jpg,new_whale w_c8d20aa w_4e52a49 w_718ce15 w_f5b8faf
ac0ef79e.jpg,new_whale w_1febbf3 w_0f96780 w_1dff010 w_419226b
ac13cf72.jpg,new_whale w_6132293 w_3f90907 w_7cc620b w_12f2352
ac1408aa.jpg,new_whale w_6598219 w_826eb44 w_477ccf5 w_8861f65
ac1f9783.jpg,new_whale w_8a3449f w_8f7b653 w_a71aa99 w_6e26345
ac2496fd.jpg,new_whale w_64830fa w_2282bb8 w_ffa7427 w_4a7080a
ac2acede.jpg,new_whale w_3e6a161 w_14c8f15 w_5d96ba4 w_338b130
ac2c488d.jpg,new_whale w_99ad599 w_ecbf9fa w_1dd8e68 w_2b969fe
ac2ca50a.jpg,new_whale w_64433af w_e1f55ad w_feab6f3 w_2b0028d
ac333d7d.jpg,new_whale w_c0d494d w_a779e16 w_b96d4e0 w_6202983
ac355f87.jpg,new_whale w_23526cb w_373593e w_7554f44 w_2e4fecc
ac36b3e2.jpg,new_whale w_80e649e w_d22af00 w_243e33e w_3197568
ac380a28.jpg,new_whale w_8166c79 w_861cc1c w_aa16da4 w_4f248f3
ac3db79a.jpg,new_whale w_97f5054 w_3d0bc7a w_a074c7e w_987a36f
ac4618b8.jpg,new_whale w_816d344 w_4ebeafb w_a59905f w_6de53d1
ac478859.jpg,new_whale w_fa32440 w_c00534d w_ff1b64c w_c0d494d
ac490a72.jpg,new_whale w_c90c37a w_f7a0fd7 w_d3c8520 w_2b443f8
ac4c8eee.jpg,new_whale w_a26a029 w_87e8446 w_797e546 w_d80e1bc
ac4fb427.jpg,new_whale w_98baff9 w_ab4cae2 w_77e1ae3 w_60cc444
ac522301.jpg,new_whale w_0c6d50d w_fb72090 w_d8e752e w_98baff9
ac56ad95.jpg,new_whale w_43be268 w_cd88a48 w_2fe43c7 w_778ee6e
ac5abffc.jpg,new_whale w_693c9ee w_62f804d w_a2a1378 w_59eb8ae
ac5ac692.jpg,new_whale w_c3ff6f2 w_df21074 w_367b996 w_91b7c58
ac5adaca.jpg,new_whale w_bc5f0f5 w_b4732ef w_eac205a w_c00534d
ac60b59a.jpg,new_whale w_43be268 w_9a967cb w_4b47559 w_4659acf
ac634ac7.jpg,new_whale w_ec95acb w_c887c63 w_0ea659e w_93dcf76
ac63bfc1.jpg,new_whale w_18a854b w_8ba2066 w_59eb8ae w_4b1fad6
ac650322.jpg,new_whale w_b29214f w_2d99a0c w_d5ec83f w_19dc50f
ac6d6b2d.jpg,new_whale w_dcb4be9 w_193b7e3 w_de3cab3 w_38b1edd
ac7190ad.jpg,new_whale w_e3c119c w_89e159a w_9ca943b w_64f3545
ac729429.jpg,new_whale w_ec95acb w_93dcf76 w_adb041c w_f44277f
ac78117d.jpg,new_whale w_b0e05b1 w_886257d w_dd52cfc w_99ad599
ac79732c.jpg,new_whale w_5919cf7 w_cae7677 w_6f2de72 w_98baff9
ac7af1a8.jpg,new_whale w_49bbc79 w_64f3545 w_4e52a49 w_62f804d
ac859813.jpg,new_whale w_d663f4f w_3bc8a47 w_a24f581 w_8b1ca89
ac8dccd0.jpg,new_whale w_49bbc79 w_64f3545 w_4e52a49 w_62f804d
ac9826ea.jpg,new_whale w_3d66298 w_db2baec w_9771603 w_6af9dd7
ac9bfefa.jpg,new_whale w_084d01c w_18eee6e w_9ea2cc3 w_6719a5b
ac9c7d44.jpg,new_whale w_70b4610 w_ff1b64c w_9ff699b w_c57623d
aca065a7.jpg,new_whale w_026fdf8 w_bf8c3d2 w_c30959a w_2fe43c7
aca6852f.jpg,new_whale w_62f804d w_6c803bf w_6e7262e w_a3cd405
acab1ee6.jpg,new_whale w_64f3545 w_3d0bc7a w_6635a97 w_b081817
accbb977.jpg,new_whale w_ca6a771 w_e826a6f w_7554f44 w_b074cdf
acd00f09.jpg,new_whale w_813c5be w_242a05d w_34c4927 w_41ed8e8
acdaab55.jpg,new_whale w_aa16da4 w_89d9c03 w_c0d494d w_97f5054
acdc9b3d.jpg,new_whale w_6f211a9 w_d141590 w_a7c6cf3 w_488cdd8
ace282dc.jpg,new_whale w_5d335c3 w_2cdf820 w_ba39446 w_976a54b
ace5b41d.jpg,new_whale w_cf7eebd w_ca8bfb4 w_6d17527 w_8158b1f
ace63b9d.jpg,new_whale w_72dfe51 w_010a1fa w_a524549 w_9e862ac
acecf08a.jpg,new_whale w_2071a4c w_7586198 w_62d76c2 w_434ad6a
acf29216.jpg,new_whale w_eec1133 w_6c803bf w_3061bdd w_67de30b
acf455cc.jpg,new_whale w_d49402a w_ace8c54 w_cdc21df w_5cb5fc3
acf5847c.jpg,new_whale w_4659acf w_38158d6 w_6d90f45 w_434195c
acf7badc.jpg,new_whale w_e0f6444 w_8c1ec28 w_0fe48f3 w_aa7e5f4
ad01763b.jpg,new_whale w_5f82501 w_7240516 w_c167245 w_1c22d7e
ad08588d.jpg,new_whale w_2eabd5a w_5570053 w_1e4c0ec w_fb270f3
ad0ccc41.jpg,new_whale w_7554f44 w_c915956 w_47d2bc6 w_6545984
ad10f81b.jpg,new_whale w_98baff9 w_e02fe7b w_a2f02c0 w_0aae8c1
ad1a0f96.jpg,new_whale w_cd88a48 w_2e4fecc w_2c6fe6f w_0e737d0
ad1ec9df.jpg,new_whale w_c27d036 w_4b7b80b w_552a16e w_414a0d7
ad2965b3.jpg,new_whale w_97f5054 w_c0d494d w_bb2d34d w_98baff9
ad2aef72.jpg,new_whale w_18eee6e w_40323ac w_eb0a6ed w_9b3ed01
ad2b3e83.jpg,new_whale w_57c8da9 w_4b7b80b w_44a6b62 w_c9dc73e
ad2cb7f7.jpg,new_whale w_40323ac w_3674103 w_f81e77a w_c708dc7
ad2d8cf5.jpg,new_whale w_528e753 w_403f92f w_0d48a7d w_b1c44fe
ad2e9328.jpg,new_whale w_fa32440 w_a18d0dc w_c5d7c03 w_0d39a68
ad365622.jpg,new_whale w_0e9f6d9 w_38e4aae w_56bbc91 w_8d83172
ad3d480c.jpg,new_whale w_fba3bde w_389c788 w_16ea0b2 w_d6e437d
ad3f5790.jpg,new_whale w_9874f0d w_ed5a7c6 w_93bf889 w_693c9ee
ad422025.jpg,new_whale w_0466071 w_a524549 w_9923d21 w_1ec267f
ad46f5c5.jpg,new_whale w_fd6f24f w_430766d w_ef99fe9 w_f3db3f1
ad4d541c.jpg,new_whale w_53859b2 w_88083bc w_b1a1d43 w_8691e58
ad5145b5.jpg,new_whale w_8044362 w_41a79d7 w_60cc444 w_4a9ee0f
ad576616.jpg,new_whale w_d2be6cc w_6c803bf w_9ec358c w_9ea2cc3
ad5dfd0d.jpg,new_whale w_5d96ba4 w_2d29ddd w_886257d w_5ba417d
ad60a163.jpg,new_whale w_93dcf76 w_b4eeae6 w_d642d4e w_339c8ae
ad6f8813.jpg,new_whale w_010a1fa w_b5dd5bc w_72dfe51 w_52a081c
ad7075ab.jpg,new_whale w_db474c7 w_1dff010 w_ad87135 w_6485cd4
ad762454.jpg,new_whale w_7049d9f w_25d7f93 w_ab4cae2 w_67de30b
ad86a43d.jpg,new_whale w_4427216 w_5ba417d w_6a87d0d w_b9e00eb
ad8c718f.jpg,new_whale w_a074c7e w_bb2d34d w_f7e6199 w_49b425b
ad93399c.jpg,new_whale w_648a9a8 w_6f31916 w_fae3939 w_7649712
ad9ec93c.jpg,new_whale w_fd218ba w_31446aa w_a9f41fd w_5966fff
ad9fe7ee.jpg,new_whale w_ca3bb23 w_4759be5 w_06dbe6b w_2dae424
ada05681.jpg,new_whale w_0cb6294 w_0e737d0 w_ab4cae2 w_6202983
ada14748.jpg,new_whale w_14c8f15 w_ddf14ae w_0a97a25 w_987a36f
ada7f21a.jpg,new_whale w_3694c7d w_2f6a962 w_0f96780 w_0beef28
ada9a221.jpg,new_whale w_c6be61e w_8867074 w_b4732ef w_fba3bde
adae58f4.jpg,new_whale w_18eee6e w_3af4e73 w_b6886e5 w_a59905f
adaf65b2.jpg,new_whale w_67fecca w_a21cc97 w_94cd45e w_cbd49f8
adb05093.jpg,new_whale w_2901dbf w_4fdaa2a w_3bc8a47 w_fc15159
adb2a13f.jpg,new_whale w_5054c6a w_b3e6069 w_fe5e78b w_f93d780
adb37cab.jpg,new_whale w_1287fbc w_dcb1f2a w_976a54b w_307065e
adb45a19.jpg,new_whale w_d1d8f98 w_8c1e2e4 w_bc9dc37 w_1c69443
adb5c60a.jpg,new_whale w_09dd18c w_6232813 w_6202983 w_3e1ccc9
adbb1f93.jpg,new_whale w_50db782 w_b282692 w_59786da w_93bf889
adbcc6e7.jpg,new_whale w_2d99a0c w_fe2742d w_b6886e5 w_49bbc79
adbd023b.jpg,new_whale w_9b098ea w_813c5be w_e3c119c w_d47e2e3
adc49937.jpg,new_whale w_9e22ded w_f5eb6c6 w_fe95ab8 w_98baff9
add12ebc.jpg,new_whale w_8201aa8 w_2fe43c7 w_9ca943b w_026fdf8
addb54f2.jpg,new_whale w_5cc2285 w_06a6351 w_549fbeb w_759b647
addce260.jpg,new_whale w_7311fe4 w_fd587bc w_09558d4 w_7763134
ade0d70c.jpg,new_whale w_6710cf8 w_18eee6e w_3af4e73 w_a59905f
ade41c73.jpg,new_whale w_b688397 w_699be3a w_837646b w_ecb9a79
adebf421.jpg,new_whale w_ace34dc w_80618a3 w_0e96943 w_4b47559
adef3e1a.jpg,new_whale w_6202983 w_1dff010 w_44a6b62 w_77e1d3f
adf01620.jpg,new_whale w_3dd210a w_97493dd w_af9a47a w_20c671c
adf20129.jpg,new_whale w_f2d87b0 w_f78c287 w_9ca943b w_5ad2030
adf60592.jpg,new_whale w_57c14db w_964c1b3 w_1489751 w_eb0a6ed
adf7c4ea.jpg,new_whale w_62ca7c8 w_0d48a7d w_987a36f w_ee24bac
ae06ee89.jpg,new_whale w_002dc11 w_010a1fa w_87050a3 w_73d5489
ae06f945.jpg,new_whale w_1772ed2 w_559ce61 w_8e92baa w_49bbc79
ae07327f.jpg,new_whale w_8c66a16 w_d47e2e3 w_d02787f w_398aa7f
ae11a5f7.jpg,new_whale w_1287fbc w_ce01917 w_8867074 w_b4732ef
ae195116.jpg,new_whale w_8103039 w_6c9aa21 w_8fab53d w_44a137d
ae1d0d88.jpg,new_whale w_44f66a7 w_a33e1c3 w_4072313 w_8cd7651
ae200794.jpg,new_whale w_6a78025 w_e214820 w_c887c63 w_91b7c58
ae23b37f.jpg,new_whale w_c00534d w_d3ef4b2 w_fe49bc4 w_015e3cf
ae245530.jpg,new_whale w_f792125 w_bf38f05 w_b38374a w_b942708
ae259656.jpg,new_whale w_a9dd349 w_559ce61 w_4285435 w_853c1f7
ae2b10ab.jpg,new_whale w_cad1a8d w_367b996 w_a524549 w_29670e2
ae2b5c9e.jpg,new_whale w_773967d w_79f7d21 w_99c07e8 w_733f161
ae336a3e.jpg,new_whale w_eb47189 w_34c4927 w_89e159a w_076c122
ae3a4ee0.jpg,new_whale w_43be268 w_232e5bd w_733fe81 w_3d66298
ae417ffa.jpg,new_whale w_3061bdd w_895c722 w_67de30b w_6c803bf
ae4e3b17.jpg,new_whale w_dbda0d6 w_4fd48e7 w_1eafe46 w_09d7946
ae54b8fc.jpg,new_whale w_f53deac w_8e25bfa w_ab2d17a w_03c6d18
ae57a00c.jpg,new_whale w_406331a w_24ac53d w_87e8446 w_b9cfdfe
ae5d1973.jpg,new_whale w_bcf23a8 w_c9e1cdc w_90ec71a w_2fd21ec
ae610f33.jpg,new_whale w_96c6151 w_12c3d3d w_1b6d34d w_7f867ec
ae61a002.jpg,new_whale w_515838e w_e826a6f w_a254eb0 w_9151503
ae680187.jpg,new_whale w_8b5885d w_0c70bc3 w_43be268 w_76d2cce
ae694d76.jpg,new_whale w_38158d6 w_4659acf w_1310342 w_e86cf21
ae6e9dbb.jpg,new_whale w_c71bf0e w_d635930 w_41901e5 w_6047e81
ae6f5140.jpg,new_whale w_4fd48e7 w_7aaa569 w_d3861a1 w_36a4e8b
ae7179c7.jpg,new_whale w_e7aa703 w_318e1d2 w_2fd73d9 w_993d66c
ae7383a9.jpg,new_whale w_d19a884 w_b074cdf w_788b689 w_b8dff40
ae74aa16.jpg,new_whale w_2cdf820 w_15928c6 w_3c2ec7a w_c9e1cdc
ae7614b4.jpg,new_whale w_0ead9d7 w_8209e5c w_2cca6a1 w_8a3449f
ae776bb4.jpg,new_whale w_cd70e8b w_97666c8 w_1596a47 w_084d01c
ae7b9654.jpg,new_whale w_932c8cd w_813c5be w_f21f2ec w_fd3ce71
ae7c8685.jpg,new_whale w_cfe35d4 w_44cb3ee w_1306632 w_9434f0c
ae7fb1f6.jpg,new_whale w_fce6ab2 w_b440303 w_c0bb183 w_cdda58e
ae8827fb.jpg,new_whale w_5b8f282 w_0600ecf w_599d0df w_ff70408
ae8964ac.jpg,new_whale w_b0e05b1 w_ecb9a79 w_60c5e7e w_153645e
ae89a970.jpg,new_whale w_c128384 w_c4f3619 w_0e4f53c w_9caed77
ae8a3d4a.jpg,new_whale w_ab161f7 w_88cb2dd w_17ee910 w_3172910
ae8ce7d7.jpg,new_whale w_c9dc73e w_a7f3698 w_1969a9d w_f19faeb
ae90f4dc.jpg,new_whale w_d234e6b w_18eee6e w_39f2064 w_7c943ab
ae96e8ee.jpg,new_whale w_9ceb05d w_f81c626 w_d0cecd5 w_1e3ce01
ae9c9c23.jpg,new_whale w_e61dd6d w_29fc08a w_3d0bc7a w_212b985
aea761ae.jpg,new_whale w_41ed8e8 w_00fbb4e w_4b95330 w_c2c4f43
aeac1c97.jpg,new_whale w_2dcbf82 w_c30959a w_c8126db w_d428980
aead6d86.jpg,new_whale w_98baff9 w_5f50b5e w_693c9ee w_837646b
aeae3b76.jpg,new_whale w_853c1f7 w_17ee910 w_7c7a78c w_8c1e2e4
aeb120dd.jpg,new_whale w_0e737d0 w_f178867 w_9e1e818 w_e3c0ae5
aeb7db42.jpg,new_whale w_950b5cf w_d49402a w_288e40b w_326e389
aebf04cb.jpg,new_whale w_d22af00 w_b074cdf w_4e68ddc w_7ed55c4
aecda44f.jpg,new_whale w_54fc5b3 w_9b3ed01 w_9a0c14d w_7de72c5
aed3a88b.jpg,new_whale w_f81c626 w_9875c12 w_a22f338 w_b7f2cde
aed6fbb5.jpg,new_whale w_6c9a524 w_3cf3853 w_97e9f7f w_54c00ad
aedcdfc5.jpg,new_whale w_db2baec w_3d66298 w_fd1cb9d w_5f7c402
aedd4703.jpg,new_whale w_2111212 w_f460394 w_a1b985a w_f0f0dbb
aee09049.jpg,new_whale w_60eba40 w_0dee306 w_2af3059 w_ae0ab55
aee68659.jpg,new_whale w_5f50b5e w_f8e6546 w_c0d494d w_c774326
aee76d8f.jpg,new_whale w_93bf5f4 w_d3c8520 w_cae7677 w_2b969fe
aeeb3faf.jpg,new_whale w_05567a9 w_4b7b80b w_f19faeb w_9c70a11
aefa59b0.jpg,new_whale w_1dd8e68 w_7f1f728 w_af76f1e w_32915fe
aefd2ba9.jpg,new_whale w_e156c87 w_8c957e0 w_38e4aae w_2ce9f0c
aefe5ac7.jpg,new_whale w_0a565c5 w_c622a3f w_b9f5b8b w_ef89b72
af094fe0.jpg,new_whale w_55132a6 w_0869575 w_d96a0cd w_01c2cb0
af0a1765.jpg,new_whale w_0b04c08 w_1c3e5da w_b074cdf w_e826a6f
af0c90a0.jpg,new_whale w_bda2856 w_cea99fe w_0c6d50d w_e59294d
af2264cb.jpg,new_whale w_881f3c4 w_8044362 w_b688397 w_837646b
af27a1cf.jpg,new_whale w_99c07e8 w_f18df18 w_bc68c30 w_0c6dbbe
af2d80cb.jpg,new_whale w_c241e72 w_bccfcc1 w_fab0b50 w_7dee51b
af2dd8fa.jpg,new_whale w_9ca943b w_1dff010 w_aae82f8 w_43be268
af351489.jpg,new_whale w_1904e8c w_7af28d7 w_3e1ba5b w_da63cba
af3516d3.jpg,new_whale w_c80d300 w_1da7080 w_73cbacd w_d141590
af3d3a07.jpg,new_whale w_55647bd w_f4224b9 w_4f103de w_5f82501
af3d8a0c.jpg,new_whale w_b8dff40 w_40e3ee7 w_78999a6 w_6c803bf
af45382c.jpg,new_whale w_86b3f04 w_9caed77 w_ecbf9fa w_4b95330
af45eca5.jpg,new_whale w_2870b33 w_c0f3e88 w_0dee306 w_fb4d1f1
af4f8a82.jpg,new_whale w_d430a78 w_39a31a8 w_a524549 w_73d5489
af4fbc44.jpg,new_whale w_656afeb w_e02fe7b w_43be268 w_987a36f
af564303.jpg,new_whale w_cae7677 w_36d665c w_9875c12 w_759b647
af5ebad8.jpg,new_whale w_693c9ee w_19aeb9c w_86113c4 w_4fb3c95
af625c2f.jpg,new_whale w_9434f0c w_44cb3ee w_ead305f w_97bc172
af68e602.jpg,new_whale w_7e728d8 w_408c5a7 w_735ce7d w_91572bb
af701b5b.jpg,new_whale w_c708776 w_c0bb183 w_6710cf8 w_6598219
af788a81.jpg,new_whale w_dee6441 w_f19faeb w_4fb3c95 w_fdc8bf6
af7893f8.jpg,new_whale w_50cd600 w_20548a7 w_18df014 w_ab1c859
af7c8415.jpg,new_whale w_992c775 w_73b26b7 w_c0560ac w_715d152
af90926d.jpg,new_whale w_cff28c4 w_44f0fa2 w_be4d5b8 w_0f84bf6
af949b72.jpg,new_whale w_fd07344 w_7c943ab w_18eee6e w_6dc88a6
af9931aa.jpg,new_whale w_95874a5 w_1ecfe96 w_dfbfe10 w_62c3998
af9c0177.jpg,new_whale w_4fd48e7 w_19e5d10 w_18df014 w_24a2923
afa0ceaf.jpg,new_whale w_e6d0696 w_1b1c4f1 w_0156f27 w_dbd2cff
afa90634.jpg,new_whale w_78a4639 w_ca5f17f w_002222a w_04c841c
afb865da.jpg,new_whale w_0cd401c w_f0a4a2a w_eab49b7 w_7324cf5
afbdde7b.jpg,new_whale w_666b072 w_d4b90bf w_daf1085 w_5f68f56
afbe35e6.jpg,new_whale w_6c23fcc w_19aeb9c w_f60c7e8 w_0dee306
afbe5800.jpg,new_whale w_1924883 w_a59905f w_92c6140 w_c133ea8
afc131f7.jpg,new_whale w_ee948c6 w_ff39e03 w_82c9c67 w_4c049c1
afc258a7.jpg,new_whale w_d1bbde9 w_7185713 w_9688819 w_711aaa1
afc70c06.jpg,new_whale w_eb9ab29 w_56ddb00 w_e101deb w_01a4234
afcb9bb2.jpg,new_whale w_ce9b95e w_8fab53d w_83e0203 w_0fa8587
afcc4728.jpg,new_whale w_d2f7b3c w_0740d28 w_7edcfa5 w_97bc172
afccacb7.jpg,new_whale w_637f363 w_096bc48 w_7b035cc w_fe36b07
afcd05e4.jpg,new_whale w_0466071 w_14964c1 w_8643ba3 w_98baff9
afd0fc3b.jpg,new_whale w_6d274b2 w_b47a4a1 w_7f0700f w_8ba2066
afe38832.jpg,new_whale w_8db45b7 w_fd1cb9d w_5f7c402 w_9cb529f
afe95440.jpg,new_whale w_a59905f w_3fdab94 w_7a2dfd7 w_4ebeafb
afeb83d2.jpg,new_whale w_d428980 w_0ffc383 w_cd88a48 w_b8dff40
afec0623.jpg,new_whale w_ff1b64c w_a155149 w_993d66c w_c57623d
afed4b16.jpg,new_whale w_f8cd6b6 w_fa32440 w_fec1fb5 w_143b201
aff0bb63.jpg,new_whale w_43eea34 w_651cbb7 w_ad6edbe w_d89b29e
aff1076a.jpg,new_whale w_01b2250 w_26edeb8 w_8bc853a w_6c899ff
aff1b0f9.jpg,new_whale w_1dff010 w_5eda687 w_773509f w_32a920b
aff44fe7.jpg,new_whale w_12c3d3d w_91f80eb w_de3cab3 w_e90c89f
aff5ee31.jpg,new_whale w_edcb241 w_874cf52 w_ba53619 w_5a6d315
affe6807.jpg,new_whale w_6c803bf w_18eee6e w_67de30b w_bb2d34d
afff48fc.jpg,new_whale w_afe953f w_4e68ddc w_f19faeb w_3674103
afffc778.jpg,new_whale w_c30959a w_8cd6d46 w_2fe43c7 w_43be268
b0072321.jpg,new_whale w_2dbb0fe w_0103030 w_8717ef3 w_9c5ed68
b008b47d.jpg,new_whale w_2039053 w_15b9665 w_c0d494d w_8c1e2e4
b00ced9c.jpg,new_whale w_5e0e662 w_17ee910 w_48a98d7 w_741861e
b011f681.jpg,new_whale w_39043c9 w_e41f2fa w_0bc712b w_1da7080
b017b20d.jpg,new_whale w_3d187b5 w_ef89b72 w_7e8b270 w_b9f5b8b
b01afefe.jpg,new_whale w_1489751 w_73d5489 w_5cb5fc3 w_8e4abc9
b0251917.jpg,new_whale w_dfbfe10 w_b8f8e69 w_49bbc79 w_057c418
b02582d2.jpg,new_whale w_9dab60c w_29d2cec w_4a1e58b w_b283b00
b027b2dc.jpg,new_whale w_c0f3e88 w_7b5a630 w_2901dbf w_40323ac
b0312a2c.jpg,new_whale w_50db782 w_de3cab3 w_f563449 w_3d45268
b0340ffa.jpg,new_whale w_dff2982 w_7538a4c w_d382236 w_f438375
b0342a1d.jpg,new_whale w_c95a0ea w_6c803bf w_0f96780 w_67de30b
b0393962.jpg,new_whale w_cfe35d4 w_a74742c w_8397970 w_861cc1c
b0416857.jpg,new_whale w_3ce788a w_8c605d2 w_23b9dcb w_8c1ec28
b046bb8a.jpg,new_whale w_3326396 w_96c6151 w_861cc1c w_98baff9
b0473b2b.jpg,new_whale w_286ec5f w_05b2ddd w_b478c13 w_e62b5d8
b048c5cc.jpg,new_whale w_fc76ede w_823fcbb w_db0ad01 w_193b7e3
b04b86f1.jpg,new_whale w_4d528e4 w_17cb04d w_1a5beb9 w_d775542
b04c9100.jpg,new_whale w_d19a884 w_217e78a w_5be8e63 w_7b770ec
b04cad14.jpg,new_whale w_d2be6cc w_f81c626 w_6ef68ed w_987a36f
b0501d09.jpg,new_whale w_93bf5f4 w_686408a w_73d5489 w_41901e5
b0546066.jpg,new_whale w_acff672 w_864cc78 w_1596a47 w_5f7c402
b0565732.jpg,new_whale w_d382236 w_8d5ede1 w_7e8b270 w_cb32cb8
b05b5085.jpg,new_whale w_b729b1f w_dad23fa w_56bbc91 w_17ee910
b0607baa.jpg,new_whale w_8cd3036 w_1eafe46 w_66c1b54 w_6232813
b0635ebb.jpg,new_whale w_e3c119c w_e55a554 w_693c9ee w_4e68ddc
b06726a5.jpg,new_whale w_cff28c4 w_7db10cc w_62c3998 w_be4d5b8
b0679b0f.jpg,new_whale w_8740039 w_9ea2cc3 w_429e9ad w_dad23fa
b06ceed3.jpg,new_whale w_da6d50b w_156c0db w_7554f44 w_b9e00eb
b071f16b.jpg,new_whale w_73d5489 w_0f9166e w_52a081c w_39043c9
b07525c6.jpg,new_whale w_63035d1 w_351a1e1 w_4e52a49 w_12f2352
b0754edd.jpg,new_whale w_da63cba w_8c1e2e4 w_17ee910 w_dbda0d6
b0760a80.jpg,new_whale w_8a00b09 w_b074cdf w_0fa8587 w_fc76ede
b077b4bb.jpg,new_whale w_6202983 w_1eafe46 w_3ae3603 w_44a6b62
b083474b.jpg,new_whale w_f022f78 w_ba39446 w_b678944 w_13c6b6b
b0879f5e.jpg,new_whale w_7028d77 w_a8335f2 w_6047e81 w_67de30b
b08a1329.jpg,new_whale w_41ed8e8 w_0f96780 w_fba3bde w_b618751
b0a6d9e9.jpg,new_whale w_29670e2 w_601b6d4 w_6dbb861 w_cad1a8d
b0a6eba6.jpg,new_whale w_599d0df w_ff70408 w_5007db3 w_4d528e4
b0aab1da.jpg,new_whale w_5f50b5e w_98baff9 w_f8c3a63 w_62ca7c8
b0ac8e45.jpg,new_whale w_ee22376 w_efa1fc7 w_9d5f5cc w_e8778ce
b0b41ab5.jpg,new_whale w_afc7d61 w_d382236 w_423e872 w_f3bd33a
b0c13887.jpg,new_whale w_efe57c7 w_1917275 w_80e649e w_7e8b270
b0c608b8.jpg,new_whale w_e0bbddc w_67fecca w_a18d0dc w_fdc8bf6
b0ca3d66.jpg,new_whale w_eb47189 w_600faae w_076c122 w_4e52a49
b0cd70ff.jpg,new_whale w_d1bbde9 w_b4369cc w_6092d5c w_9875c12
b0cddd9e.jpg,new_whale w_e2bf793 w_79d4855 w_9875c12 w_8c1ec28
b0d00ec5.jpg,new_whale w_3172910 w_a21cc97 w_a837660 w_1eafe46
b0d0690a.jpg,new_whale w_d32adcd w_7637760 w_8397970 w_0f96780
b0d9dc0f.jpg,new_whale w_98baff9 w_693c9ee w_38bcd3e w_8044362
b0e35069.jpg,new_whale w_987a36f w_f660d7d w_a59905f w_6c803bf
b0e680a2.jpg,new_whale w_db0ad01 w_31d3999 w_681dba6 w_cd65880
b0e7d0c9.jpg,new_whale w_a22f338 w_7b035cc w_fba3bde w_43be268
b0edd7bb.jpg,new_whale w_1d2fbc1 w_7292419 w_966e86e w_2dbb0fe
b0ef1081.jpg,new_whale w_0e4ef50 w_9577f88 w_54fc5b3 w_9b3ed01
b0f0c94e.jpg,new_whale w_985877e w_5ea3410 w_2386a5a w_8bde95b
b102b81f.jpg,new_whale w_29eb3b2 w_64433af w_219e33c w_9c5ed68
b10edc1e.jpg,new_whale w_4f248f3 w_ab4cae2 w_ea4935f w_4403803
b1151672.jpg,new_whale w_d4251cb w_1596a47 w_8db45b7 w_656afeb
b11528ca.jpg,new_whale w_b7a832a w_7554f44 w_b6410bc w_2c55303
b11762ca.jpg,new_whale w_488cdd8 w_2730966 w_0a97a25 w_e41f2fa
b119475f.jpg,new_whale w_98d4838 w_65c80dd w_7b035cc w_cb9220b
b11ecee3.jpg,new_whale w_a58f64d w_ca813c2 w_014a645 w_f104523
b11ff23d.jpg,new_whale w_540fd73 w_dd90e0a w_8b56cb1 w_b8dff40
b128da65.jpg,new_whale w_7c7a78c w_853c1f7 w_43be268 w_a3cd405
b12c4a71.jpg,new_whale w_164cfff w_adb041c w_4504167 w_73185e4
b12fb187.jpg,new_whale w_c708dc7 w_0e737d0 w_d663f4f w_4dceacc
b130a152.jpg,new_whale w_7b770ec w_3fc0946 w_c1e8594 w_156c0db
b133903c.jpg,new_whale w_93dcf76 w_8158b1f w_1c432e7 w_60759c2
b13dced4.jpg,new_whale w_71c7322 w_d224115 w_b6886e5 w_d915632
b13e018b.jpg,new_whale w_f19faeb w_97e63b3 w_3d8c865 w_0ae998f
b1447a4f.jpg,new_whale w_987a36f w_532fb22 w_1af5d59 w_18eee6e
b1483146.jpg,new_whale w_eb0a6ed w_1d38877 w_42f935c w_f8e6546
b14b898d.jpg,new_whale w_43c0762 w_693c9ee w_77e1d3f w_d1bbde9
b14bee25.jpg,new_whale w_eea20c4 w_c27d036 w_7b035cc w_ee17a08
b14ddae7.jpg,new_whale w_084d01c w_1c69443 w_37c23fa w_0600ecf
b14ef8f7.jpg,new_whale w_4b8d0c9 w_e3fbc27 w_09d48d1 w_1e7bb93
b1559658.jpg,new_whale w_6202983 w_c1c73c0 w_8044362 w_f0d8be1
b1595b8e.jpg,new_whale w_569c2c7 w_e3c119c w_0e737d0 w_9c61d57
b159ca30.jpg,new_whale w_8103039 w_6249f5d w_25871da w_6ddbb81
b15a54a8.jpg,new_whale w_552a16e w_2071a4c w_9c70a11 w_71e6583
b15aa6de.jpg,new_whale w_4a81594 w_494dd45 w_40323ac w_296749b
b15aba46.jpg,new_whale w_e863419 w_989fbbb w_dd76ce2 w_143b201
b15b6ac7.jpg,new_whale w_987a36f w_fba3bde w_b4732ef w_dc7c5a0
b15cf8d1.jpg,new_whale w_ff70408 w_2d99a0c w_38e4aae w_12f2352
b1661583.jpg,new_whale w_817f022 w_fd1cb9d w_8d46cef w_a59905f
b168779e.jpg,new_whale w_2d963bb w_9caed77 w_1a229eb w_b0e05b1
b16aca6a.jpg,new_whale w_c58b474 w_93bf889 w_361e290 w_30660bc
b16df159.jpg,new_whale w_68b47a1 w_b9f5b8b w_777f59a w_7133c9d
b17f426d.jpg,new_whale w_7554f44 w_c5e13f8 w_e4971dc w_cb05f37
b18edf57.jpg,new_whale w_b05c57f w_313b78a w_eec1133 w_6c803bf
b18f39de.jpg,new_whale w_a7f3698 w_a526492 w_d175300 w_187e235
b18feb93.jpg,new_whale w_1febbf3 w_42f935c w_67de30b w_6202983
b19312ea.jpg,new_whale w_867c363 w_1596a47 w_40323ac w_3dc5e74
b19f9f58.jpg,new_whale w_1f10750 w_4c4c001 w_73d5489 w_5436d75
b1a34880.jpg,new_whale w_f81c626 w_7c7a78c w_77e1d3f w_67de30b
b1a42b1c.jpg,new_whale w_70715c1 w_eac205a w_8cb7c5e w_36b6904
b1a5baaf.jpg,new_whale w_eb44149 w_c3d523d w_79185c2 w_86b9dfd
b1a797ff.jpg,new_whale w_143b201 w_7885601 w_e449d3a w_8fd5636
b1afba1a.jpg,new_whale w_7ed3719 w_a20c1e5 w_c926fc3 w_c39fceb
b1b2a463.jpg,new_whale w_ae07541 w_6ab7b53 w_7875b79 w_5a81425
b1bea65c.jpg,new_whale w_f79b3f9 w_9c61d57 w_0e32aa2 w_7554f44
b1c282d9.jpg,new_whale w_e59294d w_d9adb4f w_25d7f93 w_c263d43
b1c4a87d.jpg,new_whale w_1a5beb9 w_599d0df w_c7b05e7 w_11d8e5a
b1c73ec2.jpg,new_whale w_c9111ac w_4ebeafb w_86b9dfd w_6de53d1
b1c7617d.jpg,new_whale w_cd88a48 w_2fe43c7 w_fbcb6e4 w_ef2f0f0
b1cad667.jpg,new_whale w_c622a3f w_392bee3 w_c9e1cdc w_6d17527
b1cbc41c.jpg,new_whale w_1904e8c w_511c464 w_e02fe7b w_7af28d7
b1d685fe.jpg,new_whale w_8936f42 w_9146eae w_3e0f25d w_900fab7
b1dbcd81.jpg,new_whale w_a048f26 w_fcfcf68 w_6df35bf w_54fc5b3
b1e059f3.jpg,new_whale w_1f2a32a w_a254eb0 w_d9055d1 w_36a4e8b
b1e96c5d.jpg,new_whale w_0d0ecfb w_49308df w_fea7fe6 w_1e45a47
b1ebf301.jpg,new_whale w_b4ad62f w_9ea2cc3 w_48a98d7 w_17ee910
b1ec8f90.jpg,new_whale w_3c2ec7a w_bd61ca9 w_408c5a7 w_7b39dda
b1eda96c.jpg,new_whale w_e548eb7 w_e41f2fa w_c0323f5 w_0e32aa2
b1f76e67.jpg,new_whale w_43be268 w_71c7322 w_cce912e w_367b996
b1fa21f8.jpg,new_whale w_243e33e w_c55c9cd w_06ff732 w_d36f58c
b1fa50df.jpg,new_whale w_91361f0 w_b6c4efa w_6e8486d w_eb47189
b1fa89f2.jpg,new_whale w_aa7a302 w_18eee6e w_932c8cd w_8c1e2e4
b1fbd7e0.jpg,new_whale w_f19faeb w_480b2d4 w_80b1c48 w_0729511
b1fc7879.jpg,new_whale w_d663f4f w_c8d20aa w_aa16da4 w_41ed8e8
b206942c.jpg,new_whale w_4fb3c95 w_7e8b270 w_373593e w_6d17527
b208240a.jpg,new_whale w_37dd956 w_17dc953 w_ef2f0f0 w_6202983
b20d66c5.jpg,new_whale w_414a0d7 w_0d48a7d w_daf1085 w_bb2d34d
b21065ff.jpg,new_whale w_559ce61 w_e26c35f w_a51a6d6 w_0087fdd
b210da94.jpg,new_whale w_8fab53d w_b6886e5 w_db3621e w_89317b0
b211e535.jpg,new_whale w_c551c9d w_989fbbb w_0e4f53c w_9db9ef5
b2247422.jpg,new_whale w_06972d2 w_dbda0d6 w_cae7677 w_83714b7
b2254990.jpg,new_whale w_302af0a w_79cde72 w_7029235 w_5f0a14c
b2268d93.jpg,new_whale w_4e52a49 w_7dc3fae w_8c3db0a w_4d4bd72
b22a154e.jpg,new_whale w_44cccf6 w_4ebeafb w_9771603 w_fc7cc24
b22cce9d.jpg,new_whale w_8489554 w_1489751 w_837646b w_2730966
b22dd9ff.jpg,new_whale w_349fcbc w_1632307 w_93dcf76 w_573eb8f
b23208a6.jpg,new_whale w_20c671c w_329e594 w_9a4bd76 w_9eeb05c
b24af6d0.jpg,new_whale w_b4732ef w_330f897 w_c55c9cd w_a21cc97
b24b9fd1.jpg,new_whale w_7257028 w_5bc5e63 w_c9dc73e w_57c8da9
b24d5e64.jpg,new_whale w_c708dc7 w_2486665 w_4dceacc w_8b56cb1
b2546a0e.jpg,new_whale w_898eb3b w_52b0438 w_7554f44 w_77f3e70
b2599955.jpg,new_whale w_ac87f37 w_7918071 w_9d65e55 w_9caed77
b25afc0c.jpg,new_whale w_9e4a26f w_693c9ee w_8044362 w_62ca7c8
b264efb8.jpg,new_whale w_8c1e2e4 w_67de30b w_a14ccaa w_98baff9
b26979af.jpg,new_whale w_6c23fcc w_bc68c30 w_eb0a6ed w_8ec2960
b26a1e6f.jpg,new_whale w_7f0700f w_a254eb0 w_6d274b2 w_3674103
b2785d5a.jpg,new_whale w_95874a5 w_aa16da4 w_0fc4835 w_97f5054
b27b2c04.jpg,new_whale w_62c3998 w_6247b2e w_338d945 w_ae07541
b27f368b.jpg,new_whale w_7d896ac w_f115d53 w_cd02407 w_8376b7e
b280bfb3.jpg,new_whale w_976a54b w_715d152 w_3a7d86d w_5dd4772
b2837b89.jpg,new_whale w_79581d3 w_ad87135 w_09f825c w_9562910
b28f1c37.jpg,new_whale w_9e7cada w_f369a80 w_d9f1ea6 w_bfaa83c
b29111a3.jpg,new_whale w_b0e05b1 w_5f50b5e w_cc759cd w_cae7677
b299cbea.jpg,new_whale w_c0d494d w_fa32440 w_5b99089 w_b4ad62f
b2a03cac.jpg,new_whale w_414a0d7 w_302af0a w_7c9fd46 w_a18d0dc
b2a4ed83.jpg,new_whale w_837646b w_c2c4f43 w_98baff9 w_2fdaa7f
b2a8a49f.jpg,new_whale w_0e9f6d9 w_59eb8ae w_56bbc91 w_dcb1f2a
b2a93515.jpg,new_whale w_9b67e87 w_8db45b7 w_1f09cdd w_c7b05e7
b2a9e79f.jpg,new_whale w_3fdab94 w_d6a6360 w_4ebeafb w_a59905f
b2b0c130.jpg,new_whale w_bf38f05 w_94cd45e w_eb39613 w_b5e3076
b2b2a626.jpg,new_whale w_f81c626 w_78999a6 w_5f2b407 w_2c55303
b2bd91b7.jpg,new_whale w_0337aa5 w_e09d8cf w_5ea3410 w_423e872
b2c0c752.jpg,new_whale w_f60c7e8 w_ed5cdab w_b074cdf w_5b5a85d
b2c1713a.jpg,new_whale w_efd3f81 w_da6d50b w_5810973 w_0970c7f
b2c7bdef.jpg,new_whale w_9b318aa w_a2633d4 w_0ac6a0a w_dcb1f2a
b2cf9ae8.jpg,new_whale w_37307c4 w_fa32440 w_5cb5fc3 w_bdd0576
b2d120d5.jpg,new_whale w_34c4927 w_987a36f w_f803b29 w_717a293
b2d57995.jpg,new_whale w_ca8bfb4 w_31d3999 w_c9dd32e w_2282bb8
b2db8836.jpg,new_whale w_224000c w_cece268 w_79b42cd w_715c557
b2de6d89.jpg,new_whale w_480b2d4 w_b0e05b1 w_2d09595 w_83714b7
b2e1ccb3.jpg,new_whale w_6d05f7f w_7394d75 w_95874a5 w_e594616
b2e96c22.jpg,new_whale w_1cb2134 w_1e1a051 w_aff0877 w_ddbf533
b2eb0337.jpg,new_whale w_0e32aa2 w_520d618 w_488cdd8 w_d20befa
b2ecc437.jpg,new_whale w_cbedcb0 w_b7a832a w_ae07541 w_7885601
b2ed17ce.jpg,new_whale w_90ec71a w_95874a5 w_ab1c859 w_21e178f
b2ed94b9.jpg,new_whale w_29cc48b w_8d46cef w_398aa7f w_67de30b
b2f10c43.jpg,new_whale w_e449d3a w_2d963bb w_7852bd1 w_3b483d3
b2f162fa.jpg,new_whale w_3af4e73 w_e428015 w_3ed4763 w_71c7322
b300c39b.jpg,new_whale w_1a70685 w_1596a47 w_656afeb w_3dc5e74
b30f63d2.jpg,new_whale w_19ca2c6 w_e09e886 w_993d66c w_1908442
b31dbf00.jpg,new_whale w_7dee51b w_6202983 w_67de30b w_7c7a78c
b31e3add.jpg,new_whale w_a25caa9 w_0e4f53c w_71bfc77 w_338b130
b330bf68.jpg,new_whale w_a1350a7 w_09f9fd3 w_83034c7 w_5ba417d
b3310265.jpg,new_whale w_9e22ded w_7e93962 w_98baff9 w_35063ed
b3361078.jpg,new_whale w_b17f9ea w_74de378 w_2356a6d w_8397970
b33a47cc.jpg,new_whale w_88083bc w_5297ab3 w_14970b4 w_810c481
b33b80de.jpg,new_whale w_5cb5fc3 w_a526492 w_d58a303 w_ed8a846
b33bf91c.jpg,new_whale w_cc60002 w_82c9c67 w_affc813 w_302c025
b3476874.jpg,new_whale w_38e4aae w_9cb529f w_32a920b w_fd1cb9d
b347e6b7.jpg,new_whale w_25871da w_dbc392b w_3e1bdd0 w_b6410bc
b349707d.jpg,new_whale w_046a210 w_7ad249d w_b9e00eb w_4fb3c95
b349b484.jpg,new_whale w_6ae1eaf w_ace8c54 w_af890ad w_efebfe8
b34bf8c1.jpg,new_whale w_38e4aae w_f70f725 w_0134192 w_fc15159
b34d8d2a.jpg,new_whale w_408c5a7 w_4a074b8 w_40323ac w_81b402a
b3528240.jpg,new_whale w_522ba14 w_6e8486d w_95874a5 w_e61dd6d
b3540fe5.jpg,new_whale w_abc2eda w_2d99a0c w_5a0d250 w_600faae
b35830d7.jpg,new_whale w_8c1e2e4 w_9a6cbd9 w_d88328d w_272259b
b35f09a2.jpg,new_whale w_3674103 w_09c1e0b w_f19faeb w_d52bc74
b361acda.jpg,new_whale w_2b0028d w_037955e w_6d4dedc w_83a922d
b36634e1.jpg,new_whale w_8bc853a w_a38fee3 w_38e4aae w_01b2250
b3689c9a.jpg,new_whale w_1eafe46 w_045d9fc w_4e68ddc w_126653d
b37095db.jpg,new_whale w_c133ea8 w_43b50e5 w_2832e90 w_17ee910
b3760c1e.jpg,new_whale w_d635930 w_f44277f w_23526cb w_528e753
b37e22f0.jpg,new_whale w_b066aa6 w_7554f44 w_ff7630a w_43be268
b386f37a.jpg,new_whale w_e2e56e9 w_38158d6 w_ab4cae2 w_accd48e
b387316d.jpg,new_whale w_c00534d w_7234b3d w_3674103 w_d9adb4f
b388269a.jpg,new_whale w_85cdd9b w_10bea88 w_1632307 w_8329cea
b3892d2d.jpg,new_whale w_552a16e w_c27d036 w_3580734 w_5c07f42
b3893033.jpg,new_whale w_037955e w_c11fce0 w_37374fa w_395d578
b38d529f.jpg,new_whale w_338b130 w_dd52cfc w_3f91e04 w_e30e97f
b38d9995.jpg,new_whale w_778ee6e w_680b86e w_2d99a0c w_5af7a9c
b38ddcc5.jpg,new_whale w_87050a3 w_7554f44 w_515d21d w_721d2e9
b390317d.jpg,new_whale w_8f593d4 w_d428980 w_778ee6e w_9ea2cc3
b391e257.jpg,new_whale w_77607b5 w_084d01c w_97666c8 w_230a0de
b39c4b91.jpg,new_whale w_98baff9 w_147b62b w_e05ee50 w_1e3ce01
b39caf11.jpg,new_whale w_c8d20aa w_61e1076 w_bb2d34d w_222dcb7
b39cfc56.jpg,new_whale w_99365b3 w_12d9132 w_02c2248 w_544f7e7
b39f4633.jpg,new_whale w_a5f7fce w_77ee0be w_bb388ca w_a6a7dbf
b3a22cfb.jpg,new_whale w_87cb6bd w_25871da w_9d65e55 w_83df8d5
b3a6f264.jpg,new_whale w_5f82501 w_d52bc74 w_9f638d8 w_19aeb9c
b3a90342.jpg,new_whale w_6b45921 w_8103039 w_6badfcf w_601b6d4
b3b1b041.jpg,new_whale w_d3c8520 w_99ad599 w_cae7677 w_ca5f17f
b3b96cf3.jpg,new_whale w_9d0e84a w_3694c7d w_ee94c57 w_eb47189
b3beb2d2.jpg,new_whale w_147b62b w_3d66298 w_db2baec w_fd1cb9d
b3bed90c.jpg,new_whale w_4e52a49 w_987a36f w_cb7d1b5 w_c133ea8
b3bef06d.jpg,new_whale w_3aa2073 w_f53deac w_98dcedd w_2d99a0c
b3c43ff7.jpg,new_whale w_1af5d59 w_12c3d3d w_afc7d61 w_0c42dba
b3cc6fba.jpg,new_whale w_b31d830 w_6132293 w_eb47189 w_361e290
b3da821b.jpg,new_whale w_3b99025 w_d80e1bc w_7b0fb1d w_67de30b
b3dd7ad4.jpg,new_whale w_82c9c67 w_d430a78 w_96ba432 w_1a4f16e
b3ddf1e0.jpg,new_whale w_48f649e w_b942708 w_a155149 w_fea7fe6
b3dff67c.jpg,new_whale w_f8e6546 w_f4c78e5 w_c926fc3 w_759b647
b3e09c8e.jpg,new_whale w_e02fe7b w_0e737d0 w_25d7f93 w_4c9d3df
b3ec9d88.jpg,new_whale w_3c0bbac w_f0f0dbb w_a190b3b w_1a229eb
b3fa1704.jpg,new_whale w_ca56bf3 w_7de72c5 w_74adf0b w_193b7e3
b3fa84f1.jpg,new_whale w_599d0df w_11d8e5a w_1a5beb9 w_16f61aa
b401d911.jpg,new_whale w_9ea2cc3 w_0e30df6 w_3d0bc7a w_5624f08
b4077458.jpg,new_whale w_1eafe46 w_1dc6d62 w_fe49bc4 w_e45bc18
b4078fc3.jpg,new_whale w_0d8fb3f w_5b5a85d w_c11fce0 w_33f5747
b4092894.jpg,new_whale w_38e4aae w_42aa161 w_4c9d3df w_e6d0696
b40a53a3.jpg,new_whale w_932c8cd w_9ceb05d w_38e4aae w_abe383e
b40b469a.jpg,new_whale w_7d4cb72 w_3fcb80e w_5e57e8b w_b9f5b8b
b40f608c.jpg,new_whale w_309a2b3 w_e62a48d w_67de30b w_68820e8
b412e915.jpg,new_whale w_9875c12 w_1eafe46 w_98baff9 w_7554f44
b41dfb00.jpg,new_whale w_a7d4668 w_3af4e73 w_1efd2a9 w_77ee0be
b424ae30.jpg,new_whale w_3dd210a w_96ba432 w_cae7677 w_4624237
b429b3b4.jpg,new_whale w_efe57c7 w_b081817 w_2216a46 w_d382236
b42aecc5.jpg,new_whale w_2f6a962 w_1d05772 w_613723e w_11adaae
b435b5bb.jpg,new_whale w_b7fe199 w_3e6a161 w_e6b3dd4 w_04c1951
b437438f.jpg,new_whale w_7c7a78c w_34fd328 w_3fffc61 w_0729511
b43a0fc5.jpg,new_whale w_dbda0d6 w_b7d5069 w_57c8da9 w_874cf52
b44019e1.jpg,new_whale w_e0efc4f w_9b098ea w_aa16da4 w_813c5be
b4414b2b.jpg,new_whale w_987a36f w_f3bd33a w_e4df90a w_ace5d0c
b4414be8.jpg,new_whale w_62c3998 w_dcb1f2a w_98dcedd w_33973bf
b44621a4.jpg,new_whale w_c48ad3e w_861cc1c w_1af5d59 w_ccbc782
b447d8ec.jpg,new_whale w_1287fbc w_c6be61e w_8e451d9 w_aed1e43
b4487aca.jpg,new_whale w_f792125 w_d19a884 w_8b15b96 w_dbda0d6
b449b8ab.jpg,new_whale w_dc89c4c w_97f5054 w_307065e w_17ee910
b4585903.jpg,new_whale w_9b3ed01 w_9577f88 w_92d390e w_1698c29
b45ab78d.jpg,new_whale w_2b939eb w_fb4d1f1 w_9ceb05d w_6092d5c
b45c347a.jpg,new_whale w_99c07e8 w_f18df18 w_0c6dbbe w_bc68c30
b45ca28c.jpg,new_whale w_c30959a w_1dff010 w_10ace22 w_3a7d86d
b45feebe.jpg,new_whale w_5e43abb w_67de30b w_eb44149 w_7108f6d
b4612289.jpg,new_whale w_1eafe46 w_eac205a w_be4d5b8 w_bbd9409
b4644f57.jpg,new_whale w_0d39a68 w_3de676c w_cf00b01 w_28ce17c
b4699f93.jpg,new_whale w_715d152 w_38e4aae w_c0560ac w_a4da0b3
b46d26ed.jpg,new_whale w_03fcd5d w_38e4aae w_b6689cc w_1310342
b46e95ad.jpg,new_whale w_5c32d2a w_1eafe46 w_cb7b682 w_6d4dedc
b47133d4.jpg,new_whale w_770eb84 w_a1d95a3 w_7311fe4 w_e4616da
b476b3e0.jpg,new_whale w_b074cdf w_e826a6f w_7554f44 w_8c1ec28
b47bf319.jpg,new_whale w_7a95674 w_c0cfd5b w_76d2cce w_50e8e41
b48116a9.jpg,new_whale w_98baff9 w_7e8b270 w_b074cdf w_6202983
b48a752f.jpg,new_whale w_c3ff6f2 w_23e5a4c w_7e8fb79 w_d141590
b48c5580.jpg,new_whale w_37374fa w_681dba6 w_afc7d61 w_12c3d3d
b48ce13a.jpg,new_whale w_b6e6392 w_5a0d250 w_dcb1f2a w_dcf2001
b495d543.jpg,new_whale w_156c0db w_966e86e w_164cfff w_64f3545
b49710b0.jpg,new_whale w_f3b63ba w_4b7b80b w_9ea2cc3 w_02cf46c
b4993c8c.jpg,new_whale w_6202983 w_73b705e w_964c1b3 w_c0d494d
b49d247e.jpg,new_whale w_ba1befb w_73d5489 w_302af0a w_cae7677
b4b46d9f.jpg,new_whale w_532fb22 w_6c803bf w_3d0bc7a w_d915632
b4bcf67b.jpg,new_whale w_acc33ca w_7554f44 w_87e8446 w_48dd419
b4c13f4d.jpg,new_whale w_bb2d34d w_c9e1cdc w_95874a5 w_17ee910
b4c308a5.jpg,new_whale w_2fe43c7 w_9771603 w_d3ef4b2 w_987a36f
b4d0094a.jpg,new_whale w_0819271 w_aeca19c w_7311fe4 w_1eafe46
b4d2790d.jpg,new_whale w_8c66a16 w_759b647 w_bc68c30 w_dcb1f2a
b4d482ba.jpg,new_whale w_23b9dcb w_a9f41fd w_b074cdf w_fe5e78b
b4d5af91.jpg,new_whale w_abe383e w_71764b4 w_e8a6c4b w_0ac6a0a
b4e106f0.jpg,new_whale w_ace8c54 w_87050a3 w_fd07344 w_303518a
b4e48e0f.jpg,new_whale w_a51a6d6 w_fd1cb9d w_8d83172 w_559ce61
b4e62837.jpg,new_whale w_3326396 w_7554f44 w_1da7080 w_86b3f04
b4e7115a.jpg,new_whale w_ebff750 w_98baff9 w_20548a7 w_0e737d0
b4e8b8ed.jpg,new_whale w_18eee6e w_23d3b1c w_1717a13 w_6c803bf
b4e9bbf5.jpg,new_whale w_0b04c08 w_b074cdf w_e826a6f w_dbda0d6
b4f03d12.jpg,new_whale w_07fea3d w_bcf23a8 w_b942708 w_fab0a22
b4f0bb68.jpg,new_whale w_42addf7 w_c6ac89b w_6e8486d w_2c75202
b4f58f93.jpg,new_whale w_09c1e0b w_6202983 w_dbda0d6 w_b9f5b8b
b4f5e498.jpg,new_whale w_7459706 w_1489751 w_2730966 w_4b7b80b
b4f7474b.jpg,new_whale w_aeca19c w_94cd45e w_c622a3f w_3fc3d07
b4fbbb0f.jpg,new_whale w_3fe1eb9 w_1772ed2 w_6737f89 w_49bbc79
b4fe7d0e.jpg,new_whale w_3f365f3 w_e3c119c w_3d66298 w_e02fe7b
b505ce9d.jpg,new_whale w_acbc912 w_fc76ede w_74de378 w_12c3d3d
b50847a8.jpg,new_whale w_f208155 w_9d0e84a w_12cdfbd w_f86488a
b508a93b.jpg,new_whale w_1eafe46 w_120927e w_7554f44 w_41a79d7
b50cfaeb.jpg,new_whale w_826eb44 w_6202983 w_93dcf76 w_279b255
b513111f.jpg,new_whale w_44cb3ee w_9d83b4d w_83a922d w_bccfcc1
b51918a9.jpg,new_whale w_b6410bc w_984a3fa w_2071a4c w_bd61ca9
b51b8776.jpg,new_whale w_34a0eab w_b6d09e6 w_8b56cb1 w_43b50e5
b51e2912.jpg,new_whale w_3d0bc7a w_ba39446 w_67de30b w_976a54b
b526dab3.jpg,new_whale w_8e451d9 w_dc89c4c w_17ee910 w_bb2d34d
b52b2287.jpg,new_whale w_0beef28 w_9d704ab w_d428980 w_853c1f7
b52b8058.jpg,new_whale w_4225bb3 w_0f41afe w_136ab04 w_4e52a49
b52d21a0.jpg,new_whale w_98baff9 w_ead5d70 w_b329c00 w_2c3f440
b52dcb93.jpg,new_whale w_a048f26 w_6c23fcc w_ddbf533 w_76d2cce
b5360f9e.jpg,new_whale w_4b16688 w_3aa2073 w_a5431ca w_eb0a6ed
b53a0ee0.jpg,new_whale w_0103030 w_2196938 w_339c8ae w_fcfcf68
b53fb92b.jpg,new_whale w_46e45e6 w_441bd21 w_893e77a w_a01d903
b541ab71.jpg,new_whale w_989fbbb w_733f161 w_0e4f53c w_a25caa9
b54537e1.jpg,new_whale w_376a413 w_f5eb6c6 w_57c14db w_c13a4e3
b549b984.jpg,new_whale w_abe383e w_8c1e2e4 w_8fab53d w_8d08f9e
b54c8f1a.jpg,new_whale w_1a5e7a2 w_7b035cc w_4114553 w_1287fbc
b54fe639.jpg,new_whale w_0f92544 w_12c3d3d w_73cbacd w_5297ab3
b5514c4d.jpg,new_whale w_d141590 w_1698c29 w_cae7677 w_b932b22
b5563c3b.jpg,new_whale w_4a7080a w_d663f4f w_37dd956 w_4759df3
b558ef5b.jpg,new_whale w_a965f14 w_67fecca w_74de378 w_f79563e
b55a5abf.jpg,new_whale w_75e6bf3 w_b96d4e0 w_0e737d0 w_8420f42
b55b0019.jpg,new_whale w_6a3ca27 w_fc7cc24 w_aca9607 w_705a70b
b560b85a.jpg,new_whale w_a779e16 w_eeb5fa7 w_654a5bb w_e685c80
b567a9ff.jpg,new_whale w_414a0d7 w_6cef37c w_4be8a3e w_f546b0a
b56f2061.jpg,new_whale w_515d21d w_66c1b54 w_6232813 w_414c24a
b571c628.jpg,new_whale w_4759be5 w_d7de1ee w_98baff9 w_cd65880
b57e757b.jpg,new_whale w_9122179 w_c9e1cdc w_da2efe0 w_9ec358c
b57f5cc8.jpg,new_whale w_d345e80 w_8c23123 w_39043c9 w_7029235
b588fa42.jpg,new_whale w_1539fee w_18eee6e w_dcd7a1d w_f48b91b
b5894ec0.jpg,new_whale w_62f804d w_532fb22 w_6a2328a w_1eafe46
b58aa67b.jpg,new_whale w_fe8233d w_ca13d58 w_9146eae w_2663598
b58f8f87.jpg,new_whale w_ebe0ad5 w_e41fd4f w_b6886e5 w_ace8c54
b59143ed.jpg,new_whale w_b7fe199 w_e6b3dd4 w_6dbb861 w_e15442c
b595afb2.jpg,new_whale w_39043c9 w_f0f0dbb w_cae7677 w_14964c1
b5983cfb.jpg,new_whale w_95874a5 w_2c68b75 w_d8f848c w_9b401eb
b59a3125.jpg,new_whale w_dbc392b w_3326396 w_25871da w_adc6e1b
b59aa327.jpg,new_whale w_cbac51f w_18eee6e w_ace8c54 w_3af4e73
b5a1f86d.jpg,new_whale w_9875c12 w_b6d09e6 w_ee17a08 w_2e4fecc
b5a61d42.jpg,new_whale w_cd65880 w_d7de1ee w_dbda0d6 w_5a6d315
b5a6f605.jpg,new_whale w_6443ad1 w_3ce788a w_1c2fb13 w_c352046
b5aa711c.jpg,new_whale w_29eb3b2 w_5374a4c w_8a816b1 w_ea96346
b5ae7f67.jpg,new_whale w_17ee910 w_e594616 w_97f5054 w_fa32440
b5b0abe5.jpg,new_whale w_a80620a w_76106aa w_e24a84d w_060bdf2
b5b75a44.jpg,new_whale w_71c7322 w_9ca943b w_5a2075e w_ee17a08
b5bf8e2e.jpg,new_whale w_e2e56e9 w_54c00ad w_9cb529f w_ad32646
b5c8beba.jpg,new_whale w_daeb296 w_0265cb6 w_7e8b270 w_92d55a6
b5d68a5d.jpg,new_whale w_af6c7e2 w_14964c1 w_e41f2fa w_cae7677
b5d72720.jpg,new_whale w_03a2ed7 w_826dc6d w_81ff1c5 w_f178867
b5db2c93.jpg,new_whale w_a190aff w_ab4f3dd w_8e3ebeb w_f6fb689
b5e38e33.jpg,new_whale w_a524549 w_799556e w_67599af w_0b04c08
b5e3e01a.jpg,new_whale w_7e8b270 w_6232813 w_ed32859 w_44a6b62
b5e5b216.jpg,new_whale w_050bdac w_a2660fd w_df092eb w_62f804d
b5e666c6.jpg,new_whale w_1287fbc w_13c6b6b w_f022f78 w_8c1ec28
b5e9354d.jpg,new_whale w_9caed77 w_e1f55ad w_636638f w_0e4f53c
b5ec8f5c.jpg,new_whale w_944f496 w_d88328d w_e3caa40 w_fd1cb9d
b5ecd327.jpg,new_whale w_c48ad3e w_7e48479 w_0e737d0 w_b952580
b5ed7b89.jpg,new_whale w_dbda0d6 w_4fd48e7 w_1eafe46 w_09d7946
b5eddb52.jpg,new_whale w_532fb22 w_62f804d w_b7d5069 w_3d0bc7a
b602e173.jpg,new_whale w_44a6b62 w_eb5b6aa w_6202983 w_a866824
b6113679.jpg,new_whale w_243e33e w_f178867 w_f115d53 w_392bee3
b61411fb.jpg,new_whale w_5c23454 w_c0d494d w_654a5bb w_73b705e
b61490ab.jpg,new_whale w_12f2352 w_7c7a78c w_d9055d1 w_462a117
b6188d6c.jpg,new_whale w_b074cdf w_403f92f w_fe5e78b w_95aad92
b61cd7ca.jpg,new_whale w_a89920b w_18eee6e w_1743d93 w_3af4e73
b620bdc1.jpg,new_whale w_096bc48 w_2e42cc0 w_2b939eb w_9ceb05d
b6218f06.jpg,new_whale w_61b87f9 w_0f92544 w_eff7e35 w_8a7b9c8
b6239c18.jpg,new_whale w_5ea3410 w_8397970 w_97bc172 w_24ac53d
b6244633.jpg,new_whale w_b7d5069 w_b0e05b1 w_8968506 w_67de30b
b629f41f.jpg,new_whale w_c9e1cdc w_2fd21ec w_95874a5 w_bcf23a8
b62ace45.jpg,new_whale w_243e33e w_330f897 w_bd43538 w_0e81e60
b62b3ce4.jpg,new_whale w_98ab48e w_20f86e1 w_f3f84d7 w_54a5871
b62be85f.jpg,new_whale w_6f211a9 w_f53deac w_98dcedd w_dcb1f2a
b62cb9ea.jpg,new_whale w_39f2064 w_2b28681 w_6fa41e8 w_b1a4f29
b62d65d6.jpg,new_whale w_ab6db0f w_77e1d3f w_17ee910 w_8c1e2e4
b62db6d1.jpg,new_whale w_7cca153 w_7554f44 w_ff1b64c w_c622a3f
b6308ab6.jpg,new_whale w_6e8486d w_616ca36 w_89e159a w_e0f1df1
b634540f.jpg,new_whale w_693c9ee w_68820e8 w_395d578 w_fce6ab2
b636e54b.jpg,new_whale w_b0e05b1 w_89e159a w_73d5489 w_fd1cb9d
b6393641.jpg,new_whale w_44a6b62 w_cb38960 w_3ca387d w_7307089
b63d78c0.jpg,new_whale w_932c8cd w_6c803bf w_1596a47 w_78999a6
b63dc01d.jpg,new_whale w_08ddb50 w_c71bf0e w_bc68c30 w_66c1b54
b644db24.jpg,new_whale w_1287fbc w_da2efe0 w_e73d83c w_57c8da9
b64928f0.jpg,new_whale w_80245ee w_9d0e84a w_dcb1f2a w_987a36f
b650f0de.jpg,new_whale w_fad83c7 w_10bea88 w_1632307 w_85cdd9b
b651d6ec.jpg,new_whale w_fea7fe6 w_b942708 w_e3fbc27 w_c0d494d
b653c758.jpg,new_whale w_452f14f w_0d39a68 w_cf00b01 w_92be3ca
b65739e8.jpg,new_whale w_abe383e w_6132293 w_38e4aae w_89e159a
b6596ad9.jpg,new_whale w_877e56e w_034a3fd w_b4732ef w_1a9a38e
b65e3740.jpg,new_whale w_43be268 w_f3b63ba w_434ad6a w_e09e886
b660d195.jpg,new_whale w_53ef628 w_2658649 w_d663f4f w_23cd105
b6664b7f.jpg,new_whale w_e61dd6d w_522ba14 w_a59905f w_43be268
b668142c.jpg,new_whale w_75f217b w_8d46cef w_8238d51 w_f2e9055
b668342c.jpg,new_whale w_cd70e8b w_1d05772 w_8f1946f w_1596a47
b6686cbd.jpg,new_whale w_243e33e w_94cd45e w_a155149 w_92585eb
b66befe2.jpg,new_whale w_19ca2c6 w_3f2a05c w_2e4fecc w_0b3b659
b66c0c41.jpg,new_whale w_8ba2066 w_e2241ce w_1a4f16e w_3c0bbac
b66e1db9.jpg,new_whale w_ce29d2a w_5deefd9 w_7885601 w_898bb9a
b6703d54.jpg,new_whale w_40323ac w_b4732ef w_1eafe46 w_6202983
b6729120.jpg,new_whale w_67fecca w_0f84bf6 w_1e45a47 w_b17f9ea
b679d10d.jpg,new_whale w_aa15df6 w_cff28c4 w_9d704ab w_1a70685
b67d8226.jpg,new_whale w_01cbcbf w_9d5f5cc w_398aa7f w_ee22376
b68011b3.jpg,new_whale w_511c464 w_3d66298 w_43be268 w_a30882c
b68055bb.jpg,new_whale w_ddf14ae w_11ca856 w_9ceb05d w_776ba6e
b6869d69.jpg,new_whale w_21a1bdb w_406331a w_ee948c6 w_2dc2ef2
b68e867f.jpg,new_whale w_d47e2e3 w_6af9dd7 w_9771603 w_adc62bc
b6958bae.jpg,new_whale w_7918071 w_83df8d5 w_8c605d2 w_dd52cfc
b6a182bc.jpg,new_whale w_e826a6f w_08f1502 w_b066aa6 w_2c3f440
b6a5797e.jpg,new_whale w_ff70408 w_82e0d98 w_3af4e73 w_7f40920
b6b3d610.jpg,new_whale w_9875c12 w_026fdf8 w_4fdaa2a w_e86cf21
b6b7d6fc.jpg,new_whale w_e7f8e67 w_53859b2 w_5bc7e7f w_88083bc
b6b8614f.jpg,new_whale w_69f4311 w_62c548b w_945aefe w_c34afd7
b6bd3c35.jpg,new_whale w_c9e1cdc w_516bedb w_44cccf6 w_3d0bc7a
b6c43562.jpg,new_whale w_12cdfbd w_4659acf w_fd1cb9d w_a59905f
b6c48d3e.jpg,new_whale w_98baff9 w_e5250e9 w_4b7b80b w_8fec0dd
b6c55d8d.jpg,new_whale w_e430ce0 w_98baff9 w_73cbacd w_eb0a6ed
b6c823d7.jpg,new_whale w_d9fdd15 w_6926f08 w_3af4e73 w_a59905f
b6cad193.jpg,new_whale w_143b201 w_3c4062e w_2554558 w_a1350a7
b6d741b9.jpg,new_whale w_045d9fc w_40323ac w_43be268 w_e655c65
b6dee486.jpg,new_whale w_9d5f5cc w_fd1cb9d w_3b0894d w_2d99a0c
b6df2ec1.jpg,new_whale w_f6b952e w_89e159a w_2cde7c0 w_216f61f
b6df65a7.jpg,new_whale w_24fda6e w_7538a4c w_f438375 w_42f935c
b6e65a85.jpg,new_whale w_dd76ce2 w_3e57104 w_797e546 w_4772747
b6e8f518.jpg,new_whale w_c30959a w_075aa6e w_9ea2cc3 w_5b08542
b6eade96.jpg,new_whale w_ab039e2 w_c6fceea w_b2d937a w_94da90b
b6ed5923.jpg,new_whale w_bb2d34d w_95874a5 w_cd788c3 w_cf00b01
b6ed92db.jpg,new_whale w_a21cc97 w_1eafe46 w_ff1b64c w_a837660
b6f2e0a2.jpg,new_whale w_afe953f w_ab4cae2 w_cb7b682 w_0e737d0
b6f8c39e.jpg,new_whale w_4bd8388 w_7649712 w_b7fe199 w_a18c856
b6f99dad.jpg,new_whale w_3664a22 w_95874a5 w_d2be6cc w_c9e1cdc
b709ada5.jpg,new_whale w_9d704ab w_c30959a w_b6c4efa w_0beef28
b70dcdbc.jpg,new_whale w_5bb7ae9 w_f546b0a w_b9e00eb w_8fd5636
b7106760.jpg,new_whale w_17ee910 w_e5ed2d6 w_b678944 w_9c449e2
b711df26.jpg,new_whale w_5f82501 w_dbda0d6 w_c11932e w_ff7630a
b713b04d.jpg,new_whale w_4be373e w_e449d3a w_8fd5636 w_2d963bb
b713b89b.jpg,new_whale w_987a36f w_142dce1 w_89e159a w_6c803bf
b7162a9d.jpg,new_whale w_9ceb05d w_65943d6 w_68820e8 w_8bde95b
b716635e.jpg,new_whale w_794effc w_fd3ce71 w_731e3aa w_85f9040
b71b9ea5.jpg,new_whale w_f3248b4 w_2d99a0c w_999275d w_d2ab9c4
b72f7228.jpg,new_whale w_a59905f w_9875c12 w_e62a48d w_4659acf
b7379a81.jpg,new_whale w_6438b7d w_4ebeafb w_43be268 w_a59905f
b7386256.jpg,new_whale w_d47e2e3 w_a8335f2 w_0e4f53c w_4e52a49
b7388e74.jpg,new_whale w_1a70685 w_1596a47 w_33b9360 w_656afeb
b73c3b0a.jpg,new_whale w_1743d93 w_18eee6e w_6c803bf w_2963114
b73efbc8.jpg,new_whale w_4ebeafb w_9d136ff w_43be268 w_aed023d
b744ad51.jpg,new_whale w_6e8486d w_b6886e5 w_dcf2001 w_dcb1f2a
b744f85d.jpg,new_whale w_fe424c3 w_c1b685f w_0e4f53c w_ce269ec
b74640fc.jpg,new_whale w_0d0bc48 w_0f00e71 w_b9ee5ec w_b33e728
b749c22f.jpg,new_whale w_01c2cb0 w_0869575 w_d96a0cd w_18eee6e
b74ceca3.jpg,new_whale w_d663f4f w_434ad6a w_4e68ddc w_2486665
b7506bac.jpg,new_whale w_1272a31 w_2e872af w_898bb9a w_18a1bf2
b755af68.jpg,new_whale w_c926fc3 w_9c5ed68 w_6b03eb4 w_7e8b270
b75a4cc3.jpg,new_whale w_877e56e w_95b6cc3 w_2dea395 w_0e737d0
b7621404.jpg,new_whale w_b5383b5 w_c9e1cdc w_b3cc032 w_5b672ea
b7630ddd.jpg,new_whale w_f8e6546 w_0740d28 w_1e1a051 w_4b7b80b
b765b2ca.jpg,new_whale w_ddf14ae w_dbc392b w_b0e05b1 w_eb9027d
b767bd19.jpg,new_whale w_a2a1378 w_693c9ee w_a59905f w_67599af
b76d70c6.jpg,new_whale w_1ac4c38 w_a5a13d0 w_79d4855 w_b0e05b1
b7752f39.jpg,new_whale w_0f00e71 w_616ca36 w_cf092f5 w_dcb1f2a
b777982e.jpg,new_whale w_2f6a962 w_62c3998 w_9ca943b w_7b035cc
b7793a88.jpg,new_whale w_2dae424 w_94e1ed4 w_0e737d0 w_b066aa6
b77ae02c.jpg,new_whale w_9b098ea w_4e54fac w_4fd48e7 w_f4ac89a
b77bb94f.jpg,new_whale w_6865ccb w_559ce61 w_38e4aae w_987a36f
b78062be.jpg,new_whale w_b074cdf w_96d9eaf w_269b090 w_ba5336c
b7841491.jpg,new_whale w_5d84c65 w_1f10750 w_2d963bb w_8114b1b
b786bfdb.jpg,new_whale w_fdc8bf6 w_0e737d0 w_e7f8e67 w_a526492
b789e2bc.jpg,new_whale w_b7d5069 w_8397970 w_0869575 w_0beef28
b79eda1b.jpg,new_whale w_4e52a49 w_3d66298 w_e0efc4f w_25d7f93
b79fcba7.jpg,new_whale w_f3bd33a w_423e872 w_ee9c4d7 w_17370ba
b7b26a93.jpg,new_whale w_797e546 w_f763429 w_82ed7a7 w_35063ed
b7b30d3d.jpg,new_whale w_18eee6e w_bb2d34d w_06972d2 w_9ec358c
b7be7dbb.jpg,new_whale w_5d96ba4 w_1272a31 w_18a1bf2 w_cbedcb0
b7c29be3.jpg,new_whale w_19ca2c6 w_39d2684 w_9411f86 w_e09e886
b7c8bc74.jpg,new_whale w_2111212 w_a4f1419 w_b3e6069 w_0d48a7d
b7d64416.jpg,new_whale w_d465e44 w_e02fe7b w_569c2c7 w_d663f4f
b7da6a01.jpg,new_whale w_414c24a w_cef690d w_c5f9e78 w_6232813
b7db0a64.jpg,new_whale w_6f580eb w_8db45b7 w_1596a47 w_ccca0db
b7ed8a92.jpg,new_whale w_c774326 w_eb0a6ed w_4e52a49 w_03b5e9a
b7ee145f.jpg,new_whale w_f64658b w_552a16e w_6c803bf w_16f61aa
b7f0a998.jpg,new_whale w_7394d75 w_0771d4b w_56743d6 w_642bd9e
b7f220cf.jpg,new_whale w_1e5a146 w_f83b1f9 w_a18d0dc w_5b99089
b7f27871.jpg,new_whale w_47d2bc6 w_03a2ed7 w_5021993 w_9ff699b
b7f6a0ce.jpg,new_whale w_cf669dc w_367b996 w_222dcb7 w_66c1b54
b7fd454c.jpg,new_whale w_9122e43 w_8397970 w_4408e45 w_21e178f
b80a2feb.jpg,new_whale w_c11fce0 w_037955e w_0d8fb3f w_aa64cc1
b80b1c19.jpg,new_whale w_cece268 w_715c557 w_e09e886 w_db0ad01
b80b9f69.jpg,new_whale w_a048f26 w_ef52dd3 w_80d95d6 w_1638016
b80c792d.jpg,new_whale w_1da7080 w_a18d0dc w_97f5054 w_17ee910
b80cad1a.jpg,new_whale w_67de30b w_395d578 w_f0fc693 w_06dbe6b
b81bc1d3.jpg,new_whale w_7b035cc w_9ec358c w_0e30df6 w_331df94
b81cbdfe.jpg,new_whale w_8c605d2 w_ccf547c w_ef52dd3 w_80d95d6
b8238cfb.jpg,new_whale w_516bedb w_33b9360 w_9ec358c w_b64126b
b8246e9a.jpg,new_whale w_b074cdf w_5619521 w_2ac83b0 w_7554f44
b838f53e.jpg,new_whale w_a190aff w_ab039e2 w_c6fceea w_0dbfc31
b83bce4b.jpg,new_whale w_6865ccb w_12f2352 w_1a70685 w_5c0e858
b83e9371.jpg,new_whale w_69e88da w_cef690d w_8e3ebeb w_3bf56d4
b83ff5f5.jpg,new_whale w_c9e1cdc w_6c803bf w_18eee6e w_bb2d34d
b8414b86.jpg,new_whale w_41c0098 w_964c1b3 w_3e0f25d w_8fd5636
b846630b.jpg,new_whale w_f83b1f9 w_d663f4f w_a22f338 w_18eee6e
b847f081.jpg,new_whale w_2957331 w_41ed8e8 w_a66b2a5 w_0d39a68
b84cb798.jpg,new_whale w_20c671c w_d3c8520 w_0fc4835 w_cd01afb
b84d9882.jpg,new_whale w_2bea4c4 w_d037229 w_1a70685 w_2d99a0c
b84e6f63.jpg,new_whale w_824f286 w_e9ac2a8 w_fccb97a w_ab4cae2
b84f1ac8.jpg,new_whale w_c9e1cdc w_b3cc032 w_bb2d34d w_17ee910
b84f3f14.jpg,new_whale w_b8f8e69 w_b6886e5 w_49bbc79 w_dfbfe10
b85612eb.jpg,new_whale w_373593e w_c9dc73e w_7311fe4 w_a254eb0
b85a45e5.jpg,new_whale w_531d2e5 w_216f61f w_89e159a w_3411b9f
b85a4782.jpg,new_whale w_56bbc91 w_38e4aae w_4790f64 w_f21f2ec
b85cfbeb.jpg,new_whale w_73d5489 w_f3d98bc w_72dfe51 w_4d4bd72
b8628a9c.jpg,new_whale w_4fdaa2a w_559ce61 w_11adaae w_dfbfe10
b86e81cb.jpg,new_whale w_dba0cd8 w_823fcbb w_ec95acb w_193b7e3
b8742052.jpg,new_whale w_9c5ed68 w_ad87135 w_17ee910 w_f8e6546
b879deab.jpg,new_whale w_4b16688 w_e4d3ec3 w_bbc4e7c w_7d819df
b87c1283.jpg,new_whale w_e964ae8 w_6418af0 w_2d99a0c w_92be3ca
b880827e.jpg,new_whale w_c9e1cdc w_fd07344 w_97f5054 w_b3cc032
b8845cef.jpg,new_whale w_74adf0b w_3f91e04 w_36a4e8b w_1dd8e68
b88e9a20.jpg,new_whale w_aef3680 w_77e1d3f w_c133ea8 w_8c961a3
b8926b07.jpg,new_whale w_853c1f7 w_0beef28 w_71c7322 w_62f299e
b892c986.jpg,new_whale w_bcb0696 w_7459706 w_d6e437d w_eb458bf
b8a0d31d.jpg,new_whale w_a254eb0 w_43be268 w_41fa033 w_bc76fde
b8abc7bc.jpg,new_whale w_5919cf7 w_ddbf533 w_f8e6546 w_8489554
b8ac4d1c.jpg,new_whale w_79d4855 w_1ac4c38 w_18eee6e w_286ec5f
b8ad92df.jpg,new_whale w_5010531 w_73d5489 w_36b6904 w_b1a4f29
b8b125e4.jpg,new_whale w_5010531 w_8c3db0a w_73d5489 w_3dd210a
b8b61ab5.jpg,new_whale w_c4f3619 w_e3b2cfa w_91b7c58 w_8fd5636
b8bed157.jpg,new_whale w_73d5489 w_5d2734c w_bb388ca w_5f82501
b8c0cc38.jpg,new_whale w_f546b0a w_b678944 w_b9f5b8b w_1eafe46
b8c2a738.jpg,new_whale w_f672e01 w_d142b00 w_1e7bb93 w_790c2aa
b8c57a6e.jpg,new_whale w_17136dc w_5f7c402 w_8db45b7 w_7c7a78c
b8d2d541.jpg,new_whale w_20eb13c w_26edeb8 w_272259b w_9771603
b8d637cf.jpg,new_whale w_8a2e496 w_9f718e8 w_ed8a846 w_9b6b87d
b8de39c9.jpg,new_whale w_8719b04 w_6c803bf w_80211fd w_dfbfe10
b8de79c1.jpg,new_whale w_bf14813 w_eb0a6ed w_6202983 w_6232813
b8e15237.jpg,new_whale w_b074cdf w_d10472d w_07fea3d w_0b3b659
b8e61303.jpg,new_whale w_b0e05b1 w_693c9ee w_7554f44 w_4b7b80b
b8ed5d7f.jpg,new_whale w_db0ad01 w_cd65880 w_681dba6 w_6719a5b
b8eddb2a.jpg,new_whale w_99365b3 w_db474c7 w_251ee17 w_66c1b54
b8f2d2e0.jpg,new_whale w_e700deb w_67de30b w_2811cea w_d0b3293
b9015f91.jpg,new_whale w_ec02248 w_2c55303 w_fcff830 w_09d654f
b90439b6.jpg,new_whale w_bbc2a14 w_17b33ae w_6b03eb4 w_64433af
b90d170a.jpg,new_whale w_5a2075e w_fc67b72 w_06a6351 w_3449e4f
b910c571.jpg,new_whale w_164cfff w_64f3545 w_156c0db w_24a2923
b9120db2.jpg,new_whale w_cf24f84 w_34c4927 w_49bbc79 w_f21f2ec
b915027d.jpg,new_whale w_ca55545 w_10ace22 w_ee9c4d7 w_fd1cb9d
b918924a.jpg,new_whale w_7c7a78c w_6926f08 w_f4e0748 w_0beef28
b9193602.jpg,new_whale w_acee288 w_65e519b w_c0d494d w_dbda0d6
b924951e.jpg,new_whale w_fd1cb9d w_8d46cef w_4fdaa2a w_5f7c402
b9254981.jpg,new_whale w_5f7c402 w_8db45b7 w_4d528e4 w_17cb04d
b92bd793.jpg,new_whale w_625a6a9 w_6c803bf w_76599c3 w_987a36f
b92e30c3.jpg,new_whale w_b46bd60 w_b074cdf w_44a6b62 w_7554f44
b93181d3.jpg,new_whale w_8397970 w_5ad2030 w_97768ee w_1eafe46
b9361555.jpg,new_whale w_1d17e8c w_883557a w_8b15b96 w_b074cdf
b938baa1.jpg,new_whale w_95874a5 w_0e96943 w_fb89186 w_5a2075e
b94cd642.jpg,new_whale w_17e592c w_ad1d93b w_c551c9d w_0e4f53c
b94df7cc.jpg,new_whale w_43b50e5 w_2f6a962 w_9a8684f w_7b035cc
b95459a1.jpg,new_whale w_3add848 w_98baff9 w_b074cdf w_e3c119c
b95d262d.jpg,new_whale w_97f5054 w_e69cef0 w_1703ee5 w_ace8c54
b95ff924.jpg,new_whale w_00c4901 w_214c09a w_03b5e9a w_6257bdf
b9603045.jpg,new_whale w_dc89c4c w_95874a5 w_ad6edbe w_b942708
b962cbb9.jpg,new_whale w_8e4abc9 w_013bbcf w_a6a7dbf w_5612fed
b9688ba8.jpg,new_whale w_0466071 w_14964c1 w_7028d77 w_35063ed
b96d30c1.jpg,new_whale w_0b4429c w_693c9ee w_37374fa w_b96d4e0
b97fae4b.jpg,new_whale w_ea96346 w_52c8684 w_85755f7 w_0f92544
b9865cd6.jpg,new_whale w_0d39a68 w_b6886e5 w_5624f08 w_3de676c
b992485d.jpg,new_whale w_e61dd6d w_813c5be w_3b0894d w_fbcb6e4
b994ddf3.jpg,new_whale w_b75f378 w_715d152 w_6132293 w_8c1dab2
b9979509.jpg,new_whale w_ae07541 w_0771d4b w_1ecfe96 w_cf00b01
b999ce75.jpg,new_whale w_de2ff33 w_f6fb689 w_0e737d0 w_0d48a7d
b99bcb24.jpg,new_whale w_4fa1bd5 w_d465e44 w_87050a3 w_9c70a11
b99bf250.jpg,new_whale w_98baff9 w_a6a7dbf w_693c9ee w_c390258
b99f310d.jpg,new_whale w_136337c w_c57623d w_dbda0d6 w_fce6ab2
b9a121a5.jpg,new_whale w_3d0bc7a w_97f5054 w_bb2d34d w_e80641a
b9a63c4e.jpg,new_whale w_6dbb861 w_ab1c859 w_367b996 w_3f2a05c
b9afb65f.jpg,new_whale w_c1e8594 w_790c2aa w_9b3ed01 w_d9adb4f
b9b2f99f.jpg,new_whale w_0e737d0 w_a06bdc4 w_d89b29e w_bb2d34d
b9b5110f.jpg,new_whale w_1743d93 w_9cb529f w_1596a47 w_3411b9f
b9b61fed.jpg,new_whale w_654a5bb w_f438375 w_1274a11 w_a254eb0
b9b87f28.jpg,new_whale w_4a3032d w_cc8d317 w_7d19608 w_7377b2b
b9b940b6.jpg,new_whale w_43be268 w_9ceb05d w_2fd21ec w_d663f4f
b9ba921f.jpg,new_whale w_8719b04 w_f86488a w_80211fd w_b6c4efa
b9bdb8dc.jpg,new_whale w_32a920b w_1dff010 w_fc7cc24 w_3694c7d
b9beb6fd.jpg,new_whale w_4855bd3 w_e8bce8a w_693c9ee w_0ead9d7
b9c49a64.jpg,new_whale w_87050a3 w_9875c12 w_2f283f3 w_e54feba
b9cf5a90.jpg,new_whale w_987a36f w_272259b w_d4fa6f3 w_67de30b
b9d2d755.jpg,new_whale w_db7e2c5 w_9ceb05d w_97666c8 w_db3621e
b9d7cb8d.jpg,new_whale w_1596a47 w_c8126db w_b6ed5d2 w_ea2385d
b9d9eea8.jpg,new_whale w_1235317 w_b074cdf w_98baff9 w_b0e05b1
b9da8232.jpg,new_whale w_1969a9d w_c622a3f w_f4224b9 w_f19faeb
b9dc58e5.jpg,new_whale w_1a9a38e w_8b1d546 w_b721e96 w_4a81594
b9dccb2b.jpg,new_whale w_98baff9 w_7e8b270 w_f8e6546 w_3aa2073
b9e421f3.jpg,new_whale w_55647bd w_7b0fb1d w_d80e1bc w_3e0f25d
b9eefd78.jpg,new_whale w_d68d206 w_41901e5 w_4c25641 w_b9e00eb
b9f214b6.jpg,new_whale w_ae07541 w_014250a w_eb47189 w_1287fbc
b9f272a8.jpg,new_whale w_13c6b6b w_3197568 w_d9aab0a w_be32bec
b9f4e654.jpg,new_whale w_adeee48 w_55d6c4f w_62d76c2 w_70e49bc
b9f8a5d6.jpg,new_whale w_9438980 w_fd1cb9d w_68820e8 w_9ca943b
ba0008d0.jpg,new_whale w_3da62f8 w_2cca6a1 w_af76f1e w_3dd210a
ba00fd36.jpg,new_whale w_0c6d50d w_98baff9 w_6be343c w_8968506
ba020e5c.jpg,new_whale w_d4fa6f3 w_ca94288 w_82e0d98 w_1911cbb
ba03013d.jpg,new_whale w_31446aa w_c167245 w_23526cb w_0bbb3de
ba0313e4.jpg,new_whale w_e61dd6d w_3d0bc7a w_8c1dab2 w_ccc8e31
ba051ff4.jpg,new_whale w_7028d77 w_837646b w_881f3c4 w_f1457b5
ba0b6931.jpg,new_whale w_2fe43c7 w_02fce90 w_6af9dd7 w_a59905f
ba0be089.jpg,new_whale w_31d3999 w_7b442c4 w_5f82501 w_b4eeae6
ba139a47.jpg,new_whale w_2d99a0c w_8d3b8b6 w_9e1e278 w_abc2eda
ba18418a.jpg,new_whale w_c103b25 w_7324cf5 w_eab49b7 w_14970b4
ba1a16a8.jpg,new_whale w_f546b0a w_2f54c3c w_49c640f w_8cd7651
ba2705de.jpg,new_whale w_c708dc7 w_1a5e7a2 w_8d5ede1 w_6d05f7f
ba293a3e.jpg,new_whale w_97e9f7f w_fce6ab2 w_648a9a8 w_4bd8388
ba2a97b6.jpg,new_whale w_9b6b87d w_c13a4e3 w_ed8a846 w_8a2e496
ba2daa12.jpg,new_whale w_030294d w_ace5d0c w_88f57d0 w_12c3d3d
ba2e94e6.jpg,new_whale w_52c8684 w_1894a1c w_b5d8846 w_fc76ede
ba315007.jpg,new_whale w_73b705e w_c0d494d w_da63cba w_17ee910
ba338e97.jpg,new_whale w_afc7d61 w_73e1d5b w_d4fa6f3 w_1a29ba5
ba3dff39.jpg,new_whale w_8c1ec28 w_6547e12 w_7554f44 w_95b6cc3
ba3f99a4.jpg,new_whale w_4dfe7cb w_4c9d3df w_fd1cb9d w_89e159a
ba43e4b6.jpg,new_whale w_0a565c5 w_ca5f17f w_c068ed3 w_5102893
ba483eed.jpg,new_whale w_2d99a0c w_34c4927 w_49bbc79 w_9771603
ba48e151.jpg,new_whale w_c7f1975 w_8141223 w_4f248f3 w_ab4cae2
ba49f50d.jpg,new_whale w_4c9d3df w_656afeb w_cae7677 w_6f2de72
ba4a1070.jpg,new_whale w_c4f3619 w_60c5e7e w_376a413 w_87050a3
ba4b9615.jpg,new_whale w_778ee6e w_9875c12 w_6c803bf w_1ac4c38
ba516ba4.jpg,new_whale w_797e546 w_2e872af w_18a1bf2 w_4c8cd1c
ba5278ba.jpg,new_whale w_3db53dc w_5007db3 w_c708776 w_17cb04d
ba5455c0.jpg,new_whale w_693c9ee w_98baff9 w_19aeb9c w_f8c3a63
ba548537.jpg,new_whale w_dfcf7fe w_dbc392b w_0f92544 w_d7d60f9
ba5a4b33.jpg,new_whale w_376a413 w_f478955 w_fd1cb9d w_b6410bc
ba5b74a1.jpg,new_whale w_339c8ae w_410142f w_df834bf w_159f36b
ba5f2005.jpg,new_whale w_20c671c w_1235317 w_002dc11 w_87050a3
ba64ce30.jpg,new_whale w_05b2ddd w_29fc831 w_38e4aae w_b08520c
ba71dce2.jpg,new_whale w_7b5d0f0 w_6418af0 w_b08520c w_0beef28
ba751db2.jpg,new_whale w_afed305 w_d398969 w_490c8a0 w_4e68ddc
ba7548df.jpg,new_whale w_217e78a w_d8f848c w_95874a5 w_7e8b270
ba783de3.jpg,new_whale w_ce9b95e w_ea9a921 w_98baff9 w_b074cdf
ba90360a.jpg,new_whale w_35c8057 w_e57b3ce w_244bd92 w_159f36b
ba927651.jpg,new_whale w_19ca2c6 w_e09e886 w_7311fe4 w_993d66c
ba96474a.jpg,new_whale w_1ac4c38 w_cd88a48 w_434ad6a w_ab4cae2
ba96a047.jpg,new_whale w_9ea2cc3 w_b64126b w_9ec358c w_62c3998
ba9a09df.jpg,new_whale w_3026ce2 w_80618a3 w_f70bf4d w_7419e4b
ba9ade68.jpg,new_whale w_21e178f w_b0e05b1 w_569c2c7 w_9948a99
ba9bc97e.jpg,new_whale w_f115d53 w_76c1200 w_09f825c w_b7a832a
baa19d27.jpg,new_whale w_544d0c1 w_4759df3 w_37dd956 w_66c1b54
baa6a1f1.jpg,new_whale w_9ca943b w_9875c12 w_9ea2cc3 w_656afeb
baa708cf.jpg,new_whale w_6f211a9 w_f90b695 w_d141590 w_4659acf
baa89281.jpg,new_whale w_5297ab3 w_ec853f1 w_1eaebf2 w_0e4f53c
baab807a.jpg,new_whale w_693c9ee w_b6886e5 w_97f5054 w_a335e80
bab43df0.jpg,new_whale w_1e68ef5 w_11b993a w_6202983 w_e3c119c
bab6afdf.jpg,new_whale w_9ea2cc3 w_6c803bf w_40e3ee7 w_18eee6e
bab89192.jpg,new_whale w_dcb1f2a w_12cdfbd w_87050a3 w_44cccf6
babaec06.jpg,new_whale w_6c803bf w_532fb22 w_5f0a14c w_17a2610
babca09a.jpg,new_whale w_96d9eaf w_f63d8b0 w_693c9ee w_6c99c53
bac2424e.jpg,new_whale w_d89b29e w_e54feba w_3cf3853 w_4855bd3
bac613db.jpg,new_whale w_4e68ddc w_ff7630a w_94e1ed4 w_7554f44
bacb94cc.jpg,new_whale w_a59905f w_e54feba w_18eee6e w_71764b4
bace0236.jpg,new_whale w_2963114 w_54c00ad w_4659acf w_a3cd405
bad30a30.jpg,new_whale w_5297ab3 w_c06dd6e w_338b130 w_a25caa9
bad43ae0.jpg,new_whale w_8044362 w_ab4cae2 w_79b42cd w_693c9ee
badae6bd.jpg,new_whale w_143b201 w_d22af00 w_a18d0dc w_b9e00eb
bae4a42e.jpg,new_whale w_511c464 w_3e1ba5b w_4e52a49 w_551f5ca
bae885e2.jpg,new_whale w_8db45b7 w_2d29ddd w_fd1cb9d w_0beef28
baebefb2.jpg,new_whale w_2fe43c7 w_49bbc79 w_43be268 w_9875c12
baf0fceb.jpg,new_whale w_44cccf6 w_2a939eb w_0d39a68 w_73b26b7
baf3fb49.jpg,new_whale w_7394d75 w_56743d6 w_24ad46c w_e8a8d85
bafc5b85.jpg,new_whale w_0f84bf6 w_37dd956 w_e02fe7b w_1904e8c
bafe4dcb.jpg,new_whale w_efe57c7 w_2901dbf w_ca40961 w_2ea9744
bb03e6fc.jpg,new_whale w_94e1ed4 w_2dae424 w_b066aa6 w_4e68ddc
bb042996.jpg,new_whale w_72e70e5 w_ffa78a5 w_c0cfd5b w_d9fdd15
bb0653b9.jpg,new_whale w_89e159a w_97f5054 w_778ee6e w_d6d502a
bb074764.jpg,new_whale w_cbd49f8 w_aa7e5f4 w_94cd45e w_3f907d6
bb13ceee.jpg,new_whale w_9ec358c w_11adaae w_62c3998 w_21e178f
bb146299.jpg,new_whale w_1c2fb13 w_fba3bde w_6c803bf w_9ec358c
bb16aab5.jpg,new_whale w_7e49f1e w_1a70685 w_212b985 w_cb5ea24
bb1ae392.jpg,new_whale w_fba3bde w_6549107 w_f0612be w_18eee6e
bb1cdf9f.jpg,new_whale w_56ddb00 w_c102ec3 w_b0a5c8d w_c87b956
bb2249e2.jpg,new_whale w_e0e5c9e w_db3621e w_53baa9b w_8a4b8ef
bb273246.jpg,new_whale w_67de30b w_54c00ad w_38158d6 w_e2e56e9
bb275a79.jpg,new_whale w_fae3939 w_ea6651e w_d663f4f w_349fcbc
bb2b7703.jpg,new_whale w_dcf2001 w_62c3998 w_18eee6e w_e61dd6d
bb2e6ba9.jpg,new_whale w_98baff9 w_0c42dba w_7e48479 w_dc89c4c
bb3b8b13.jpg,new_whale w_f5a2610 w_62f804d w_c8af414 w_1596a47
bb3d4081.jpg,new_whale w_3af4e73 w_48a98d7 w_43be268 w_0175a35
bb3e68cd.jpg,new_whale w_d88328d w_4e52a49 w_ee17a08 w_02bb4cf
bb42d193.jpg,new_whale w_f86488a w_c22307d w_b1f6e70 w_6232813
bb4351d7.jpg,new_whale w_a254eb0 w_b329c00 w_e826a6f w_8c1ec28
bb44facf.jpg,new_whale w_c9eb806 w_441bd21 w_4e2652d w_493c000
bb4bd615.jpg,new_whale w_7e4d894 w_d22af00 w_d7ddf9c w_9f1fafb
bb50048a.jpg,new_whale w_693c9ee w_ad87135 w_589b830 w_3aa2073
bb50237b.jpg,new_whale w_ac05864 w_3050553 w_877e56e w_2af3059
bb52d0b8.jpg,new_whale w_ba53619 w_b688397 w_1489751 w_7e93962
bb561c84.jpg,new_whale w_d141590 w_9caed77 w_18a1bf2 w_1632307
bb5838d5.jpg,new_whale w_1fd0d0e w_8fab53d w_b0e05b1 w_cae7677
bb619570.jpg,new_whale w_754c69f w_b678944 w_76048fe w_03dc41c
bb643a35.jpg,new_whale w_024358d w_1c32062 w_efd3f81 w_8044362
bb64f119.jpg,new_whale w_4fb3c95 w_7158e92 w_97da401 w_7554f44
bb6ff0aa.jpg,new_whale w_49bbc79 w_f185562 w_b6886e5 w_3de676c
bb779727.jpg,new_whale w_515838e w_7ed55c4 w_7b3f9d1 w_540fd73
bb7b8774.jpg,new_whale w_7edcfa5 w_e147c40 w_b1c44fe w_9291cdf
bb7fbd97.jpg,new_whale w_1596a47 w_c8126db w_b6ed5d2 w_ea2385d
bb8bae6b.jpg,new_whale w_c5d7c03 w_95874a5 w_1a5e7a2 w_0d39a68
bb92fa47.jpg,new_whale w_17cb04d w_0beef28 w_e1431ba w_61cf42e
bb9b37ca.jpg,new_whale w_e147c40 w_a1350a7 w_83034c7 w_5ba417d
bba009aa.jpg,new_whale w_153645e w_0c6d50d w_f8e6546 w_b6410bc
bba918c3.jpg,new_whale w_636638f w_a8335f2 w_6ddbb81 w_7aaa569
bbad00dc.jpg,new_whale w_98baff9 w_97f5054 w_8a2e496 w_ab4cae2
bbad12e1.jpg,new_whale w_0e4f53c w_29670e2 w_97e7648 w_fe96bef
bbada589.jpg,new_whale w_5c32d2a w_b0e05b1 w_7f40920 w_c690728
bbbc1af1.jpg,new_whale w_4c2d259 w_329e594 w_e826a6f w_b074cdf
bbc50d58.jpg,new_whale w_e156c87 w_56bbc91 w_32a920b w_38e4aae
bbd3a64d.jpg,new_whale w_3b0894d w_9d0e84a w_73b26b7 w_992c775
bbdba7a3.jpg,new_whale w_0408054 w_17ee910 w_1287fbc w_c0d494d
bbdd8727.jpg,new_whale w_dd90e0a w_7bcc2d6 w_25db560 w_9875c12
bbdeb634.jpg,new_whale w_e3f51ec w_7554f44 w_4b7b80b w_eac205a
bbe0d501.jpg,new_whale w_705e0fb w_83df8d5 w_66c1b54 w_48dd419
bbe1f7e0.jpg,new_whale w_b9f5b8b w_4b7b80b w_79774a5 w_6202983
bbe32097.jpg,new_whale w_fd1cb9d w_7b5a630 w_e156c87 w_89e159a
bbe5436e.jpg,new_whale w_ba39446 w_97493dd w_3d66298 w_a18d0dc
bbe5afbd.jpg,new_whale w_8c1ec28 w_14ba846 w_392bee3 w_1d53d9c
bbe74706.jpg,new_whale w_46a4137 w_1c32062 w_8044362 w_6ef68ed
bbebbf5a.jpg,new_whale w_2c717fb w_42addf7 w_59eb8ae w_6384242
bbebe4b0.jpg,new_whale w_19e5d10 w_98baff9 w_8044362 w_d67071c
bbed744c.jpg,new_whale w_40a8760 w_4e52a49 w_73d5489 w_4863ed9
bbf19403.jpg,new_whale w_b17f9ea w_02a768d w_19ca2c6 w_735d8a4
bbf33b01.jpg,new_whale w_e1431ba w_cd70e8b w_651cbb7 w_1a5beb9
bbf9691d.jpg,new_whale w_c0cfd5b w_ffa78a5 w_ff94ad6 w_d7de1ee
bbfcc03d.jpg,new_whale w_d382236 w_1dc66b7 w_59eb8ae w_f438375
bbfef864.jpg,new_whale w_c027e4e w_c751211 w_0ebd514 w_5444df0
bc006bf1.jpg,new_whale w_08f1502 w_a5deba3 w_b9e00eb w_3f12226
bc026280.jpg,new_whale w_b0e05b1 w_18a854b w_1eafe46 w_4c25641
bc0326c3.jpg,new_whale w_29670e2 w_09d48d1 w_afbc2d1 w_243e33e
bc04197c.jpg,new_whale w_d382236 w_7538a4c w_5f7c402 w_dff2982
bc05ebcf.jpg,new_whale w_6710cf8 w_bb2d34d w_b41e229 w_a59905f
bc0a462e.jpg,new_whale w_3d66298 w_43be268 w_b7d5069 w_d3857a6
bc0ebd0a.jpg,new_whale w_cae7677 w_73d5489 w_4b7b80b w_af890ad
bc1a6490.jpg,new_whale w_6202983 w_3449e4f w_5014d6c w_06a6351
bc1df5f9.jpg,new_whale w_fe2742d w_a01d903 w_a524549 w_56743d6
bc216286.jpg,new_whale w_fdc8bf6 w_1e4c0ec w_dee6441 w_8c1ec28
bc222c5a.jpg,new_whale w_a464d28 w_2658649 w_6047e81 w_36b6904
bc29a38c.jpg,new_whale w_6249f5d w_9c5ed68 w_2386a5a w_29eb3b2
bc29c5d3.jpg,new_whale w_2d99a0c w_49bbc79 w_2901dbf w_38e4aae
bc2bacde.jpg,new_whale w_826eb44 w_3fdab94 w_1606afc w_1717a13
bc2d0228.jpg,new_whale w_c6f1bff w_53e9072 w_0bc712b w_7ad249d
bc32108b.jpg,new_whale w_4b47559 w_1287fbc w_9b401eb w_c0d494d
bc3c9192.jpg,new_whale w_07e92ee w_cc54cee w_d1b90d2 w_b9e0ae0
bc47ae35.jpg,new_whale w_49bbc79 w_2d99a0c w_89e159a w_813c5be
bc489745.jpg,new_whale w_e62b5d8 w_e0f1df1 w_2730966 w_8719b04
bc48f15f.jpg,new_whale w_a59075f w_e449d3a w_74adf0b w_e8a8d85
bc4cf540.jpg,new_whale w_b9cfdfe w_7875b79 w_3027b8f w_7e8b270
bc54012c.jpg,new_whale w_d89b29e w_9b67e87 w_dad23fa w_63db6f9
bc542634.jpg,new_whale w_0de84f0 w_f3b63ba w_030294d w_9577f88
bc5bfd34.jpg,new_whale w_dbda0d6 w_89f463f w_1ed4dde w_ed3bd5b
bc5c8a56.jpg,new_whale w_e0efc4f w_71c7322 w_361e290 w_c58b474
bc624f98.jpg,new_whale w_3ed4763 w_8dddd45 w_b96d4e0 w_e5250e9
bc6475b6.jpg,new_whale w_72e70e5 w_fbcb6e4 w_8c1e2e4 w_3c27f42
bc65b71c.jpg,new_whale w_35063ed w_1b224c1 w_10ace22 w_059e347
bc66f5d0.jpg,new_whale w_a91b997 w_1e3ce01 w_18eee6e w_d0b237f
bc689a96.jpg,new_whale w_98baff9 w_cae7677 w_b0e05b1 w_8fab53d
bc710675.jpg,new_whale w_703e39b w_01687a8 w_861cc1c w_9023f3b
bc762259.jpg,new_whale w_4be8a3e w_06b6f60 w_ab2d17a w_bdd0576
bc776a94.jpg,new_whale w_4fb3c95 w_d663f4f w_b9e00eb w_4e68ddc
bc7da77b.jpg,new_whale w_82c9c67 w_cc60002 w_303518a w_b6886e5
bc936f2e.jpg,new_whale w_43eea34 w_861cc1c w_b7d5069 w_2d99a0c
bc973c0c.jpg,new_whale w_429e9ad w_4ebeafb w_62c3998 w_1eafe46
bc98206b.jpg,new_whale w_403f92f w_d663f4f w_8c1ec28 w_2669d75
bc9b6529.jpg,new_whale w_5297ab3 w_045d9fc w_8c3db0a w_d9adb4f
bc9d8445.jpg,new_whale w_2a1d45c w_9cb529f w_a3cd405 w_1606afc
bc9dad99.jpg,new_whale w_0fce9a3 w_fd1cb9d w_559ce61 w_8d46cef
bc9eb0b4.jpg,new_whale w_dcb1f2a w_3694c7d w_1287fbc w_861cc1c
bc9fdb14.jpg,new_whale w_286ec5f w_dfbfe10 w_b6ed5d2 w_e158680
bca07116.jpg,new_whale w_39f2064 w_2669d75 w_5102893 w_e826a6f
bca8d5d4.jpg,new_whale w_4d528e4 w_0827d51 w_2d29ddd w_85b0d73
bca904b7.jpg,new_whale w_c0d494d w_13c6b6b w_993d66c w_d47e2e3
bcae54d5.jpg,new_whale w_e02fe7b w_c0f3e88 w_ae07541 w_aa16da4
bcb01ea1.jpg,new_whale w_25db560 w_4e52a49 w_c027e4e w_d428980
bcb1bb0b.jpg,new_whale w_2216a46 w_2e872af w_a26a029 w_efe57c7
bcbe2eec.jpg,new_whale w_7c44934 w_b0362e2 w_613f90d w_7ed55c4
bcc25a8a.jpg,new_whale w_0793503 w_0e7cb1c w_a1350a7 w_3cbccb7
bcc2b14b.jpg,new_whale w_02a768d w_c0d494d w_524f51e w_1717a13
bcc6023f.jpg,new_whale w_93f1362 w_032d44d w_c35b3ae w_cd01afb
bccb1669.jpg,new_whale w_1febbf3 w_398aa7f w_62f299e w_91361f0
bcd681d4.jpg,new_whale w_3f90907 w_666b072 w_2d99a0c w_2d25d1f
bcd6983b.jpg,new_whale w_65139e4 w_7554f44 w_70715c1 w_50db782
bce13a50.jpg,new_whale w_8867074 w_ee17a08 w_13249f1 w_43be268
bce16421.jpg,new_whale w_7586198 w_2071a4c w_f188f95 w_45e8ea5
bce26556.jpg,new_whale w_1287fbc w_da2efe0 w_d9aab0a w_ffa7427
bce9fc40.jpg,new_whale w_1eafe46 w_279b255 w_06dbe6b w_a3abc56
bcea9559.jpg,new_whale w_503ff17 w_945aefe w_dcb1f2a w_dd086b2
bceae53d.jpg,new_whale w_44fc081 w_7e49f1e w_a5a13d0 w_559ce61
bcf534f0.jpg,new_whale w_b47a4a1 w_b1d054c w_31fb9f0 w_87050a3
bcf5e2f3.jpg,new_whale w_41ed8e8 w_eb44149 w_66c1b54 w_89ee7c1
bcf61f63.jpg,new_whale w_0e737d0 w_cd88a48 w_9ceb05d w_1d84278
bcfbde3f.jpg,new_whale w_78a6f56 w_9b3ed01 w_9577f88 w_790c2aa
bcfda866.jpg,new_whale w_9ec358c w_e0818df w_a06bdc4 w_8c1ec28
bd0a82b2.jpg,new_whale w_f53deac w_a01d903 w_1632307 w_690fc6b
bd0c1d6a.jpg,new_whale w_f19faeb w_c9dc73e w_15d7ecf w_1969a9d
bd1d5c9d.jpg,new_whale w_cae7677 w_5ba417d w_ebe0ad5 w_1dd8e68
bd1fc92d.jpg,new_whale w_d22af00 w_ab4cae2 w_b6886e5 w_a526492
bd25f529.jpg,new_whale w_7257028 w_c9dc73e w_4b7b80b w_679f2eb
bd26dddf.jpg,new_whale w_3565288 w_4b7b80b w_4a17405 w_cdc21df
bd2f97c4.jpg,new_whale w_e62b5d8 w_e0f1df1 w_1a70685 w_0d39a68
bd388ee0.jpg,new_whale w_dd8299b w_895007f w_0fea5a3 w_73d5489
bd43b2f9.jpg,new_whale w_f2a7635 w_a38d1a3 w_abe383e w_0f84bf6
bd488ce3.jpg,new_whale w_893e77a w_9205d40 w_bb2d34d w_f022f78
bd4dd941.jpg,new_whale w_56743d6 w_4fd48e7 w_f22f3e3 w_0bbb3de
bd5d1e2e.jpg,new_whale w_6ce20f3 w_0dee306 w_ae0ab55 w_0be0d81
bd5e394c.jpg,new_whale w_1eafe46 w_6fcceaf w_a59905f w_540fd73
bd5f3559.jpg,new_whale w_54fc5b3 w_c4cafb8 w_ab6bb0a w_e6ec8ee
bd608f87.jpg,new_whale w_0988bbb w_7e9e89f w_af890ad w_ab039e2
bd60eaca.jpg,new_whale w_9875c12 w_552a16e w_d382236 w_9ca943b
bd6450b6.jpg,new_whale w_d465e44 w_6fcceaf w_540fd73 w_656afeb
bd67c601.jpg,new_whale w_721d2e9 w_41ed8e8 w_3ae3603 w_d3ce445
bd6b7f9e.jpg,new_whale w_9ea2cc3 w_9875c12 w_1ac4c38 w_61b87f9
bd6b9eb3.jpg,new_whale w_cf25b86 w_74e15fc w_540fd73 w_693c9ee
bd6c680c.jpg,new_whale w_e09e886 w_adeee48 w_e33bb21 w_2b0028d
bd6d9c1b.jpg,new_whale w_2901dbf w_c8d20aa w_e02fe7b w_7c7a78c
bd6e336f.jpg,new_whale w_dbda0d6 w_7554f44 w_286ec5f w_17136dc
bd70f118.jpg,new_whale w_4c9d3df w_8d83172 w_0a97a25 w_12f2352
bd745e40.jpg,new_whale w_19e8a2d w_4ae9b0a w_e282300 w_83df8d5
bd772a54.jpg,new_whale w_1febbf3 w_1e45a47 w_419226b w_cfe35d4
bd7b04c1.jpg,new_whale w_a9dd349 w_b7d5069 w_8fab53d w_05567a9
bd7db643.jpg,new_whale w_9bcb0f8 w_0d39a68 w_9562910 w_ab2d17a
bd86014d.jpg,new_whale w_8a2e496 w_8e4abc9 w_ed8a846 w_a254eb0
bd8854e4.jpg,new_whale w_18eee6e w_0a97a25 w_9cb529f w_2ac83b0
bd9021a3.jpg,new_whale w_d9adb4f w_6cef37c w_d430a78 w_0b04c08
bd902306.jpg,new_whale w_94e1ed4 w_9cb529f w_1875b28 w_67de30b
bd9ceea9.jpg,new_whale w_34c4927 w_49bbc79 w_7bda16b w_987a36f
bda57ae3.jpg,new_whale w_da0f481 w_5d96ba4 w_ea2385d w_b6301f8
bdac6918.jpg,new_whale w_84fcae8 w_4ebeafb w_67de30b w_cd1f1ed
bdaedb10.jpg,new_whale w_af98182 w_886257d w_e73c666 w_3d4900b
bdafe713.jpg,new_whale w_32a920b w_33b9360 w_1a70685 w_309a2b3
bdbf742d.jpg,new_whale w_e17c752 w_338b130 w_31446aa w_0bbb3de
bdc5bccc.jpg,new_whale w_4fdaa2a w_1596a47 w_3d66298 w_864cc78
bdc8f8c0.jpg,new_whale w_b678944 w_92d55a6 w_2d29ddd w_ef1517b
bdca3199.jpg,new_whale w_dbda0d6 w_a2b3d53 w_6202983 w_8a66718
bdcdb761.jpg,new_whale w_81b402a w_ab4cae2 w_1fb42f1 w_fa32440
bdd9865b.jpg,new_whale w_7b770ec w_78f64d1 w_aeca19c w_243e33e
bdde0374.jpg,new_whale w_1ac4c38 w_cae7677 w_c352046 w_434ad6a
bde2e050.jpg,new_whale w_40323ac w_badfc4b w_8fd5636 w_cd02407
bde31f6b.jpg,new_whale w_7cd711c w_338d945 w_62c3998 w_b29214f
bde850e5.jpg,new_whale w_a422d00 w_f8e6546 w_e5250e9 w_1e68ef5
bdea0bb4.jpg,new_whale w_86b3f04 w_4b95330 w_eb0a6ed w_a93c8f9
bdef8fb3.jpg,new_whale w_f5b8faf w_6b3402d w_c0560ac w_4e52a49
bdf131b2.jpg,new_whale w_ea9b531 w_2486665 w_dd90e0a w_5d06bc3
bdf86b00.jpg,new_whale w_741861e w_de3cab3 w_ca40961 w_23e4e61
bdfab6ad.jpg,new_whale w_3f12226 w_c0cfd5b w_b2ba967 w_402784d
bdfcedec.jpg,new_whale w_39d2684 w_ed0c4cc w_fe8233d w_681dba6
be02974a.jpg,new_whale w_9f718e8 w_6a6b3b3 w_b0e05b1 w_6af9dd7
be02cda4.jpg,new_whale w_2c3f440 w_8b15b96 w_b0e05b1 w_1272a31
be0934f0.jpg,new_whale w_217e78a w_1eafe46 w_a0149f9 w_cbd49f8
be0c1ba6.jpg,new_whale w_1a70685 w_33b9360 w_656afeb w_516bedb
be184c3b.jpg,new_whale w_65e519b w_7e8b270 w_ca5f17f w_7c7a78c
be1979fa.jpg,new_whale w_badfc4b w_fe5e78b w_3b99025 w_219e33c
be1aee67.jpg,new_whale w_f3b63ba w_0de84f0 w_9577f88 w_7637760
be1bc4f0.jpg,new_whale w_eeb5fa7 w_3f12226 w_72e70e5 w_1c69443
be261ab0.jpg,new_whale w_ab4cae2 w_7554f44 w_c0d494d w_2f283f3
be303576.jpg,new_whale w_bb2d34d w_97f5054 w_5cc2285 w_5624f08
be37dca2.jpg,new_whale w_41ed8e8 w_f4e0748 w_9771603 w_8c1dab2
be3d38a5.jpg,new_whale w_b6c4efa w_afef556 w_4659acf w_62f299e
be3dee76.jpg,new_whale w_024358d w_dbda0d6 w_361e290 w_2dae424
be3e45b7.jpg,new_whale w_5010531 w_56743d6 w_ab4cae2 w_b4d182b
be4224ad.jpg,new_whale w_0f92544 w_a14a253 w_54fc5b3 w_0a0cf7d
be491462.jpg,new_whale w_d5ec83f w_47d2bc6 w_b6886e5 w_9ea2cc3
be4e4a66.jpg,new_whale w_ef6e6a9 w_0bfb109 w_f8e6546 w_2f07b15
be4e9fd7.jpg,new_whale w_95874a5 w_741861e w_d25a717 w_9122179
be504f08.jpg,new_whale w_b6301f8 w_1cd9331 w_b0e05b1 w_21e178f
be506dd8.jpg,new_whale w_5d6786e w_be9bf14 w_43be268 w_1eafe46
be54ca2d.jpg,new_whale w_effd0ea w_fce6ab2 w_c0bb183 w_6598219
be55009d.jpg,new_whale w_f4ac89a w_bd65ef8 w_993d66c w_e02fe7b
be57ec90.jpg,new_whale w_1911cbb w_f4e0748 w_3411b9f w_242a05d
be5d8646.jpg,new_whale w_a9dd349 w_6c803bf w_67de30b w_89e159a
be5fa26b.jpg,new_whale w_c9e1cdc w_9771603 w_1287fbc w_a18d0dc
be6858cb.jpg,new_whale w_4c9d3df w_6e8486d w_2ea9744 w_f21f2ec
be68d1b5.jpg,new_whale w_a3dfe32 w_831f124 w_be4d5b8 w_1eafe46
be6db05d.jpg,new_whale w_1287fbc w_c6be61e w_70a31ce w_43b50e5
be811ebc.jpg,new_whale w_e826a6f w_61d516e w_43be268 w_0408054
be81b5d1.jpg,new_whale w_735ce7d w_408c5a7 w_6232813 w_4c9d3df
be880e23.jpg,new_whale w_b6ae946 w_f803b29 w_987a36f w_eb47189
be8a4f25.jpg,new_whale w_a26a029 w_8cd3036 w_2e872af w_b9e00eb
be8cf54f.jpg,new_whale w_9ea2cc3 w_59eb8ae w_9ca943b w_bbf20b4
be948472.jpg,new_whale w_c06dd6e w_13249f1 w_b7d5069 w_fe8233d
be9b7cbb.jpg,new_whale w_00cb685 w_5e99ca7 w_7c7a78c w_6047e81
be9b80e4.jpg,new_whale w_6549107 w_6c803bf w_a91b997 w_0e737d0
be9cc3f5.jpg,new_whale w_0899118 w_3ee3d16 w_ecbf9fa w_64783fe
be9db345.jpg,new_whale w_5f84b1a w_693c9ee w_fce6ab2 w_2658649
bea0e5f3.jpg,new_whale w_dcb4be9 w_14c8f15 w_d10472d w_f438375
bea2958e.jpg,new_whale w_3449e4f w_9fd6909 w_70a31ce w_e45bc18
bea6d764.jpg,new_whale w_e8c35dc w_ffdab7a w_aeca19c w_d36f58c
bea78aee.jpg,new_whale w_97982cf w_62c3998 w_7c18f3c w_92be3ca
bea8e20d.jpg,new_whale w_89d9c03 w_71e6583 w_1eafe46 w_ff1b64c
beab9b77.jpg,new_whale w_f6c23d5 w_cb5ea24 w_b95307d w_0d39a68
bead0b7e.jpg,new_whale w_b2e1722 w_9ec358c w_987a36f w_79b12d8
beae652c.jpg,new_whale w_490c8a0 w_b4732ef w_a837660 w_fe49bc4
beb2798f.jpg,new_whale w_33e89be w_b34793e w_8c1e2e4 w_414f402
beb34407.jpg,new_whale w_ebf3f26 w_f0f0dbb w_36a853c w_1da7080
beb356e1.jpg,new_whale w_7637760 w_861cc1c w_cd65880 w_57c8da9
beb4ffee.jpg,new_whale w_44cccf6 w_8e92baa w_d037229 w_49bbc79
beba1248.jpg,new_whale w_6ce20f3 w_6b45921 w_7914111 w_19e5d10
bebfb75c.jpg,new_whale w_1431f4b w_578a509 w_95c7d1b w_b9e00eb
bec0023a.jpg,new_whale w_0cb6294 w_48f649e w_ab4cae2 w_373593e
bec10730.jpg,new_whale w_7649712 w_1c22d7e w_bc68c30 w_338b130
bec7d327.jpg,new_whale w_b678944 w_7e8b270 w_ed69e9c w_1d2fbc1
bec82230.jpg,new_whale w_9a8684f w_6c803bf w_18eee6e w_8b56cb1
bece170b.jpg,new_whale w_c3ff6f2 w_9c5ed68 w_fe054f3 w_a58f64d
bed16309.jpg,new_whale w_6710cf8 w_20eb13c w_43966a3 w_8bde95b
bed3698c.jpg,new_whale w_290f82b w_b9e00eb w_6e5b022 w_7554f44
bedaf16a.jpg,new_whale w_7c943ab w_5d84c65 w_7875b79 w_fea7fe6
bee0c45e.jpg,new_whale w_7028d77 w_636638f w_c11932e w_3feb2df
bee727ab.jpg,new_whale w_395d578 w_68820e8 w_f0fc693 w_693c9ee
beeb5896.jpg,new_whale w_143b201 w_fea7fe6 w_21e178f w_a18d0dc
bef17e22.jpg,new_whale w_cf69291 w_3db53dc w_9b67e87 w_ae0ab55
bef44806.jpg,new_whale w_4e52a49 w_91e86c4 w_12f2352 w_6132293
bef46525.jpg,new_whale w_2d09595 w_92585eb w_c00534d w_a2f5cc0
bef58671.jpg,new_whale w_414f402 w_df092eb w_fd1cb9d w_7879ee1
bef59987.jpg,new_whale w_fdc8bf6 w_542f8ca w_0e7cb1c w_b8dff40
bef6bd40.jpg,new_whale w_367b996 w_488cdd8 w_87050a3 w_ee948c6
bef6f900.jpg,new_whale w_9151503 w_4863ed9 w_8fab53d w_f8e6546
befa211a.jpg,new_whale w_ace8c54 w_86113c4 w_7bf3a5c w_5cc2285
bf087d80.jpg,new_whale w_6cb31c8 w_3061bdd w_98baff9 w_428d61d
bf08a2d1.jpg,new_whale w_932c8cd w_6c803bf w_1596a47 w_78999a6
bf0b2431.jpg,new_whale w_a41d931 w_61cf42e w_479e3e5 w_8db45b7
bf10387b.jpg,new_whale w_3a47dba w_3c4062e w_2a6d006 w_4b7b80b
bf1afe12.jpg,new_whale w_c926fc3 w_42ab867 w_0f92544 w_9c5ed68
bf1bfb17.jpg,new_whale w_98f0e93 w_79071e8 w_df15cc8 w_8cd3036
bf22576c.jpg,new_whale w_c58b474 w_d686541 w_056be75 w_4e52a49
bf229b5e.jpg,new_whale w_1274a11 w_6710cf8 w_6598219 w_8e16693
bf2de0b3.jpg,new_whale w_e8c4623 w_0de84f0 w_e3b2cfa w_5a6d315
bf31b641.jpg,new_whale w_9ca943b w_b729b1f w_654a5bb w_abe383e
bf3ababc.jpg,new_whale w_1431f4b w_f714476 w_c0d494d w_735ce7d
bf3b4ea7.jpg,new_whale w_0408054 w_94cd45e w_9c70a11 w_87050a3
bf3c63e8.jpg,new_whale w_3947b78 w_bf69a19 w_d3fde2c w_e93d181
bf3cc421.jpg,new_whale w_e158680 w_945aefe w_c4f3619 w_de5b417
bf415388.jpg,new_whale w_6202983 w_654a5bb w_3e1ba5b w_c0d494d
bf417d4a.jpg,new_whale w_40323ac w_480b2d4 w_0a91f24 w_97f5054
bf46e16f.jpg,new_whale w_6c803bf w_aa64cc1 w_67de30b w_98baff9
bf47be96.jpg,new_whale w_0e737d0 w_d52bc74 w_14ba846 w_98baff9
bf48bf51.jpg,new_whale w_660195e w_045d9fc w_c0d494d w_654a5bb
bf48fe83.jpg,new_whale w_34c4927 w_49bbc79 w_2d99a0c w_987a36f
bf4f8287.jpg,new_whale w_44a6b62 w_c167245 w_08ddb50 w_d7de1ee
bf52b5b8.jpg,new_whale w_73b26b7 w_af06773 w_8d83172 w_33b9360
bf5c77c6.jpg,new_whale w_1febbf3 w_c6439b8 w_f8e6546 w_eff7e35
bf5cdb38.jpg,new_whale w_666b072 w_efebfe8 w_dbd2cff w_9d3ba38
bf5e5ff6.jpg,new_whale w_8d83172 w_46ec664 w_1dff010 w_bcb0696
bf62412c.jpg,new_whale w_8a31e6c w_fe49bc4 w_143b201 w_5cef366
bf680d1a.jpg,new_whale w_6e8486d w_fc7cc24 w_76d84e2 w_38efc2d
bf6fb4b6.jpg,new_whale w_1add6ae w_813c5be w_242a05d w_be0fefb
bf73cda9.jpg,new_whale w_87050a3 w_d663f4f w_ddad87e w_b1a4f29
bf78928b.jpg,new_whale w_b7d5069 w_dbda0d6 w_654a5bb w_2f283f3
bf7922b4.jpg,new_whale w_ae07541 w_5817e08 w_7e8b270 w_2071a4c
bf7c5f59.jpg,new_whale w_349fcbc w_9287bbb w_826eb44 w_573eb8f
bf7e9805.jpg,new_whale w_e02fe7b w_2dae424 w_6202983 w_601b6d4
bf81585c.jpg,new_whale w_6047e81 w_98baff9 w_b074cdf w_fce6ab2
bf9094eb.jpg,new_whale w_7ed55c4 w_6fcceaf w_7b39dda w_b0362e2
bf956b67.jpg,new_whale w_1a70685 w_6c803bf w_5c0e858 w_2d99a0c
bf988930.jpg,new_whale w_235b156 w_50db782 w_02d5fad w_4b7b80b
bf9ef0ea.jpg,new_whale w_e57b3ce w_52e7cf6 w_a464d28 w_36b6904
bfa258e9.jpg,new_whale w_4b7b80b w_9aeb18f w_f19faeb w_93bf5f4
bfa9682f.jpg,new_whale w_44cb3ee w_b55242e w_1ec0481 w_6202983
bfab9f18.jpg,new_whale w_5ba417d w_f19faeb w_0a565c5 w_2d09595
bfb02cdf.jpg,new_whale w_5b45503 w_91572bb w_da63cba w_8f3cb68
bfb2636b.jpg,new_whale w_e30e97f w_3f91e04 w_ee948c6 w_338b130
bfb47ad9.jpg,new_whale w_8fab53d w_4b7b80b w_b942708 w_6dbb861
bfbd5104.jpg,new_whale w_fd1cb9d w_5f7c402 w_89e159a w_2d29ddd
bfc4ee42.jpg,new_whale w_ace34dc w_0475042 w_2039053 w_4b47559
bfcaf3b7.jpg,new_whale w_9dc4181 w_5ba417d w_339c8ae w_0793503
bfcf2ef8.jpg,new_whale w_5d96ba4 w_c3d523d w_66a03d3 w_4ec48a9
bfd14fa5.jpg,new_whale w_dfd3f5e w_c80d300 w_8e3ebeb w_beab972
bfd99b03.jpg,new_whale w_db0ad01 w_572033c w_2356a6d w_b678944
bfdd59ce.jpg,new_whale w_9b401eb w_c0d494d w_1287fbc w_ba39446
bfddf357.jpg,new_whale w_b729b1f w_0d39a68 w_49bbc79 w_5d96ba4
bfdfae98.jpg,new_whale w_38efc2d w_6132293 w_da6d50b w_3f91e04
bfe1624c.jpg,new_whale w_c027e4e w_67c1b6f w_589b830 w_9ea2cc3
bfebfb2f.jpg,new_whale w_23b01a6 w_3eaef21 w_33032d1 w_2d29ddd
bff022bd.jpg,new_whale w_7b3f9d1 w_515838e w_4e68ddc w_57304ba
bff4ca79.jpg,new_whale w_98baff9 w_35063ed w_8a2e496 w_14ba846
bff59886.jpg,new_whale w_29eb3b2 w_295b96c w_5d96ba4 w_6ab7b53
bff65826.jpg,new_whale w_5f0a14c w_b6886e5 w_0e737d0 w_18eee6e
c0049b2f.jpg,new_whale w_b688397 w_1b6d171 w_94c6edb w_3dd210a
c0062d80.jpg,new_whale w_1606afc w_826eb44 w_2c19c4a w_06dbe6b
c007d544.jpg,new_whale w_1287fbc w_4a7080a w_f022f78 w_a3dbc8f
c00ee113.jpg,new_whale w_bb2d34d w_05b2ddd w_9ea2cc3 w_4c9d3df
c015e347.jpg,new_whale w_e55a554 w_0988bbb w_693c9ee w_1d17e8c
c0161c01.jpg,new_whale w_c622a3f w_f792125 w_2071a4c w_d19a884
c01639f8.jpg,new_whale w_2963114 w_a22f338 w_71c7322 w_f75302f
c018632a.jpg,new_whale w_dd27188 w_05567a9 w_a524549 w_cae7677
c01ff88a.jpg,new_whale w_733f161 w_ac87f37 w_cbd271b w_ef7cdd5
c020d27a.jpg,new_whale w_1d84278 w_ab4cae2 w_0e737d0 w_e3c119c
c021073d.jpg,new_whale w_5be8e63 w_e3c0ae5 w_1e5a146 w_5b99089
c0297849.jpg,new_whale w_516bedb w_6c803bf w_b3cc032 w_6dc88a6
c02ad851.jpg,new_whale w_70715c1 w_87050a3 w_2be1c9c w_3bc8a47
c02b3fcf.jpg,new_whale w_f6c23d5 w_6c803bf w_516bedb w_073b15e
c02c97df.jpg,new_whale w_7a336b4 w_1e45a47 w_8397970 w_8cf18ac
c02d8dcd.jpg,new_whale w_993d66c w_0ae998f w_c87651d w_3197568
c0317da9.jpg,new_whale w_f18df18 w_813c5be w_89e159a w_4e52a49
c03527b2.jpg,new_whale w_8ba2066 w_fbb485b w_b942708 w_235b156
c036cd91.jpg,new_whale w_3411b9f w_718ce15 w_43be268 w_987a36f
c037054c.jpg,new_whale w_4b47559 w_a3dbc8f w_64f3545 w_b33e728
c038306f.jpg,new_whale w_a965f14 w_86431c7 w_1000f90 w_f5771d1
c0397dcc.jpg,new_whale w_1310342 w_7c7a78c w_0beef28 w_53ed912
c03ab705.jpg,new_whale w_1287fbc w_02facde w_16ad10e w_17ee910
c042870d.jpg,new_whale w_1d05772 w_cd70e8b w_40cc259 w_1596a47
c043d7fa.jpg,new_whale w_9b401eb w_da63cba w_fea7fe6 w_1efd2a9
c0456419.jpg,new_whale w_db474c7 w_7875b79 w_67de30b w_5f68f56
c046f500.jpg,new_whale w_d141590 w_c3ff6f2 w_4b95330 w_f763429
c0471d2e.jpg,new_whale w_471cca4 w_94cd45e w_1eafe46 w_1dc6d62
c047718a.jpg,new_whale w_57c8da9 w_4b7b80b w_44a6b62 w_c9dc73e
c047ba8e.jpg,new_whale w_e59294d w_fec6413 w_0c6d50d w_5af7a9c
c047ea72.jpg,new_whale w_e5250e9 w_c8bf168 w_98baff9 w_7f40920
c04949d6.jpg,new_whale w_eec1133 w_58bca3c w_1ae1386 w_cae7677
c04a2afe.jpg,new_whale w_79b42cd w_7311fe4 w_a155149 w_7763134
c04fb664.jpg,new_whale w_fd587bc w_636638f w_5ba417d w_7d4cb72
c050e100.jpg,new_whale w_0e7cb1c w_f8e6546 w_1287fbc w_60d8778
c05585d8.jpg,new_whale w_3172910 w_9d136ff w_b4732ef w_c9e1cdc
c055932c.jpg,new_whale w_2bb8c37 w_4fd48e7 w_777f59a w_a1237e3
c0567c0b.jpg,new_whale w_98baff9 w_b074cdf w_853c1f7 w_0e737d0
c056b0c7.jpg,new_whale w_9236aac w_10bea88 w_4072313 w_0bbb3de
c0595bba.jpg,new_whale w_a91b997 w_0e737d0 w_3af4e73 w_569c2c7
c0597a1b.jpg,new_whale w_98baff9 w_693c9ee w_ba17206 w_469e847
c05d68e0.jpg,new_whale w_73d5489 w_ddad87e w_71e6583 w_2d1eb90
c05d7820.jpg,new_whale w_7234b3d w_4c2d259 w_b074cdf w_e826a6f
c05e8f0c.jpg,new_whale w_5ad2030 w_1eafe46 w_b17f9ea w_fba3bde
c0608b9f.jpg,new_whale w_6315bc6 w_0e4f53c w_e449d3a w_a358522
c061bd6f.jpg,new_whale w_6202983 w_b9f5b8b w_1eafe46 w_ab4cae2
c0628389.jpg,new_whale w_302af0a w_7f199c6 w_73d5489 w_dfbfe10
c064ec31.jpg,new_whale w_6e47e0e w_3c304db w_69f4311 w_49bbc79
c069a9cc.jpg,new_whale w_7d4cb72 w_d22af00 w_5021993 w_23526cb
c06d7410.jpg,new_whale w_5ba417d w_f19faeb w_0a565c5 w_2d09595
c073f468.jpg,new_whale w_968f2ca w_8c1ec28 w_4368c9e w_1287fbc
c074ee3a.jpg,new_whale w_6547e12 w_b96d4e0 w_d52bc74 w_6202983
c07645c8.jpg,new_whale w_92d55a6 w_7db10cc w_901363f w_1eafe46
c07b246c.jpg,new_whale w_4c9d3df w_a5a13d0 w_38efc2d w_e3b236d
c0839d94.jpg,new_whale w_6202983 w_e05ee50 w_e4616da w_37dd956
c0876efa.jpg,new_whale w_f2ef6f8 w_66c1b54 w_7554f44 w_2554558
c08886b3.jpg,new_whale w_97bc172 w_83a922d w_06ff732 w_9967edd
c08aac97.jpg,new_whale w_2fd73d9 w_861cc1c w_13c6b6b w_3fa2cb1
c08c255e.jpg,new_whale w_511c464 w_c9e1cdc w_1e674e6 w_1e3ce01
c08c2b66.jpg,new_whale w_4c9d3df w_6e8486d w_2ea9744 w_f21f2ec
c09111d1.jpg,new_whale w_1e5a146 w_efbb71a w_7bf3a5c w_217e78a
c0916b3e.jpg,new_whale w_e826a6f w_4e68ddc w_7554f44 w_434ad6a
c0952997.jpg,new_whale w_fe2742d w_95874a5 w_a01d903 w_56743d6
c0979ce9.jpg,new_whale w_2282bb8 w_cce0444 w_b074cdf w_ba17206
c0a06c27.jpg,new_whale w_2fd73d9 w_847088b w_aa16da4 w_511c464
c0a0db35.jpg,new_whale w_49f3a91 w_cc5fae7 w_5966fff w_74adf0b
c0a214c1.jpg,new_whale w_7875b79 w_a4d37d5 w_41fa033 w_dc4c2ba
c0a24ac8.jpg,new_whale w_4ebeafb w_9ceb05d w_71e6583 w_21e178f
c0a2ea2e.jpg,new_whale w_c9e1cdc w_307065e w_8c1ec28 w_dfbfe10
c0a97327.jpg,new_whale w_31fb9f0 w_29cf24b w_b9e00eb w_8ba2066
c0ab78ee.jpg,new_whale w_c9e1cdc w_73b705e w_fa32440 w_abe383e
c0af6009.jpg,new_whale w_1969a9d w_d8f0f46 w_15d7ecf w_d6e5334
c0b0c6c2.jpg,new_whale w_50729c4 w_d434526 w_c98f439 w_71c7322
c0b3d574.jpg,new_whale w_2dae424 w_4fb3c95 w_b074cdf w_4e68ddc
c0b602d8.jpg,new_whale w_8a66718 w_2709cfc w_4b7b80b w_98baff9
c0b9d163.jpg,new_whale w_1310342 w_e2e56e9 w_67de30b w_8d46cef
c0ba05d9.jpg,new_whale w_1eafe46 w_57a137f w_913a2ad w_a21cc97
c0bdee62.jpg,new_whale w_c58b474 w_e964ae8 w_883557a w_361e290
c0c236ef.jpg,new_whale w_7a95674 w_c0cfd5b w_6202983 w_50e8e41
c0c25e93.jpg,new_whale w_3af4e73 w_0e737d0 w_307065e w_f4b95e7
c0c8a037.jpg,new_whale w_73d5489 w_66fb697 w_3f904cf w_f8e6546
c0ca04a0.jpg,new_whale w_b0e05b1 w_8e4abc9 w_081dd6e w_35063ed
c0ca867d.jpg,new_whale w_5ba417d w_a1350a7 w_9dc4181 w_0e7cb1c
c0ca9eda.jpg,new_whale w_aa16da4 w_2641733 w_9ca943b w_1eafe46
c0d44c6a.jpg,new_whale w_d465e44 w_cb7b682 w_67de30b w_8c1dab2
c0d7bfe6.jpg,new_whale w_06ff732 w_0aae8c1 w_ed10a36 w_b835ae1
c0d7ff2f.jpg,new_whale w_4a81594 w_fba3bde w_a59905f w_853c1f7
c0de954f.jpg,new_whale w_d3857a6 w_fba3bde w_4ebeafb w_fc7cc24
c0e0399c.jpg,new_whale w_ecb9a79 w_73d5489 w_b0e05b1 w_15ebbda
c0e51022.jpg,new_whale w_230a0de w_51969d2 w_f1177c9 w_d2be6cc
c0e710c9.jpg,new_whale w_2e872af w_797e546 w_29eb3b2 w_5ae47d9
c0e8baaf.jpg,new_whale w_bf38f05 w_cb7b682 w_5c23454 w_7133c9d
c0ec44af.jpg,new_whale w_dd76ce2 w_ef52dd3 w_55c9a3b w_449e238
c0edc059.jpg,new_whale w_376a413 w_735ce7d w_2f54c3c w_e147c40
c0ee72d7.jpg,new_whale w_40e3ee7 w_6092d5c w_9ea2cc3 w_18eee6e
c0f7174f.jpg,new_whale w_aa3d7b8 w_f81c626 w_71c7322 w_db2baec
c0fa1c25.jpg,new_whale w_9e1e278 w_eb47189 w_717a293 w_813c5be
c0fef7c6.jpg,new_whale w_73cbacd w_e59294d w_99ad599 w_4df0b12
c1000a76.jpg,new_whale w_71c7322 w_c98f439 w_cf3c233 w_faa4239
c10ac906.jpg,new_whale w_33c8db8 w_3411b9f w_e158680 w_0378699
c10b1ad6.jpg,new_whale w_5982299 w_9e4a26f w_25a38b8 w_9d83b4d
c10bebcf.jpg,new_whale w_c053b99 w_59786da w_fd1cb9d w_3db53dc
c10ca95a.jpg,new_whale w_37374fa w_56ddb00 w_cf0c062 w_8c605d2
c110fcc4.jpg,new_whale w_9b401eb w_16ea0b2 w_7311fe4 w_5f9fd41
c1117fca.jpg,new_whale w_a494171 w_a400ddd w_64f3545 w_e430ce0
c113e525.jpg,new_whale w_fd1cb9d w_a22f338 w_a14ccaa w_43be268
c11b57af.jpg,new_whale w_8238d51 w_4659acf w_1a2b4f2 w_ad32646
c120adb6.jpg,new_whale w_bde9c34 w_56743d6 w_c8f7bcd w_e10dff3
c1228693.jpg,new_whale w_2a1d45c w_38158d6 w_a3cd405 w_1606afc
c12524f5.jpg,new_whale w_3fc3d07 w_41a79d7 w_ee17a08 w_4435e82
c1286168.jpg,new_whale w_b0e05b1 w_569c2c7 w_a62f211 w_693c9ee
c1350753.jpg,new_whale w_b066aa6 w_e375961 w_7554f44 w_4fb3c95
c1373688.jpg,new_whale w_4790f64 w_813c5be w_8c9ed42 w_3026ce2
c13a81cf.jpg,new_whale w_f63d8b0 w_98baff9 w_693c9ee w_37374fa
c1412cd1.jpg,new_whale w_42aa161 w_38e4aae w_0ee4d6d w_aae82f8
c141799d.jpg,new_whale w_eeb5fa7 w_19c29aa w_056be75 w_3197568
c14461e4.jpg,new_whale w_23cd105 w_64f3545 w_fea7fe6 w_eb0a6ed
c148b89f.jpg,new_whale w_63d1ea6 w_48a5b86 w_b9e00eb w_efe57c7
c149947b.jpg,new_whale w_56bbc91 w_b729b1f w_0e9f6d9 w_2a939eb
c14d8c55.jpg,new_whale w_8fab53d w_5f50b5e w_654a5bb w_a074c7e
c150223a.jpg,new_whale w_3d0bc7a w_296749b w_b6d09e6 w_e2e56e9
c1517620.jpg,new_whale w_ca8bfb4 w_c1b685f w_ad87135 w_55647bd
c152b9f1.jpg,new_whale w_b0e05b1 w_89e159a w_73d5489 w_fd1cb9d
c152e3cd.jpg,new_whale w_58bca3c w_e59294d w_73d5489 w_cc1f8bc
c15391ed.jpg,new_whale w_6047e81 w_b96d4e0 w_dbda0d6 w_9875c12
c154d1ed.jpg,new_whale w_3331656 w_993d66c w_c0d494d w_44f66a7
c156e5e2.jpg,new_whale w_dd76ce2 w_518129a w_0d48a7d w_dd0c2e0
c158cf7b.jpg,new_whale w_7dee51b w_735ce7d w_2071a4c w_5d86f98
c15a0b62.jpg,new_whale w_e449d3a w_e73c666 w_dd52cfc w_0f92544
c15bd982.jpg,new_whale w_932c8cd w_43be268 w_33e89be w_fd1cb9d
c15c2f13.jpg,new_whale w_fd1cb9d w_5f7c402 w_89e159a w_2d29ddd
c1622f83.jpg,new_whale w_aeca19c w_b678944 w_6635a97 w_361e290
c16ddc23.jpg,new_whale w_d0b237f w_9ea2cc3 w_6a3210a w_3e73d8a
c170a2a1.jpg,new_whale w_1272a31 w_18a1bf2 w_143b201 w_7885601
c17812c6.jpg,new_whale w_1431f4b w_5010531 w_243e33e w_d2e1f2a
c179189d.jpg,new_whale w_a31aa30 w_fd1cb9d w_89e159a w_43966a3
c17cf54b.jpg,new_whale w_badfc4b w_3b99025 w_cf82352 w_fe5e78b
c181b0ce.jpg,new_whale w_1dff010 w_bb2d34d w_fd1cb9d w_930bc39
c181e81d.jpg,new_whale w_afde232 w_77e1d3f w_c6ac89b w_1287fbc
c1863f50.jpg,new_whale w_4e68ddc w_ffbd74c w_5297ab3 w_7e4d894
c186b1ab.jpg,new_whale w_778ee6e w_987a36f w_bb2d34d w_cb7d1b5
c191db34.jpg,new_whale w_efe57c7 w_46ec664 w_9875c12 w_2901dbf
c19618ce.jpg,new_whale w_648a9a8 w_3136deb w_fce6ab2 w_fae3939
c199b095.jpg,new_whale w_fd1cb9d w_d037229 w_8ddc642 w_b081817
c1a52535.jpg,new_whale w_76ebad6 w_143b201 w_97493dd w_3dd210a
c1a78842.jpg,new_whale w_217e78a w_d8f848c w_95874a5 w_7e8b270
c1b4a98c.jpg,new_whale w_ef67a6c w_cddb3f4 w_cc5fae7 w_392bee3
c1bb5dba.jpg,new_whale w_516bedb w_c9e1cdc w_44cccf6 w_28ce17c
c1c3601a.jpg,new_whale w_3b3b9b2 w_5624f08 w_f031837 w_1a70685
c1cf8577.jpg,new_whale w_52b06b1 w_48a98d7 w_d0e5d1d w_8861715
c1d27e92.jpg,new_whale w_eb47189 w_73b705e w_dbd2cff w_ae07541
c1d42426.jpg,new_whale w_985877e w_97bc172 w_2d2de1d w_2957331
c1da857c.jpg,new_whale w_5054c6a w_99c07e8 w_fe5e78b w_f672e01
c1e8256b.jpg,new_whale w_fd628f1 w_8397970 w_1908442 w_c241e72
c1ea2d16.jpg,new_whale w_fea7fe6 w_1c22d7e w_6719a5b w_4659acf
c1ec42f9.jpg,new_whale w_3c7b2e6 w_0324b97 w_b61840c w_fba3bde
c1ee10aa.jpg,new_whale w_71764b4 w_64f3545 w_8d08f9e w_95874a5
c1f07a23.jpg,new_whale w_143b201 w_a1350a7 w_1272a31 w_1489751
c1f9412b.jpg,new_whale w_c63fdb6 w_7c7a78c w_703e39b w_0beef28
c204f003.jpg,new_whale w_fe6617a w_2e4fecc w_7554f44 w_aeca19c
c207b3ed.jpg,new_whale w_494dd45 w_864cc78 w_6a2328a w_b96d4e0
c208a718.jpg,new_whale w_243e33e w_d19a884 w_f115d53 w_d22af00
c20993aa.jpg,new_whale w_e61dd6d w_3b0894d w_cf00b01 w_62c3998
c209acd4.jpg,new_whale w_22fa4ad w_2e872af w_1dd8e68 w_f5fd7ef
c20aedf9.jpg,new_whale w_f4e0748 w_c529cf1 w_2f6a962 w_0827d51
c20edd61.jpg,new_whale w_3694c7d w_5d2734c w_9b401eb w_17ee910
c2134ac7.jpg,new_whale w_98baff9 w_97f5054 w_8a2e496 w_ab4cae2
c215641d.jpg,new_whale w_2c75202 w_958b908 w_b1d054c w_fd07344
c21cf77c.jpg,new_whale w_9923d21 w_7c2d27c w_0d0bc48 w_b0aed4a
c21dfba3.jpg,new_whale w_0a97a25 w_9ec358c w_fba3bde w_f81c626
c220cf8f.jpg,new_whale w_7554f44 w_4fb3c95 w_b9e00eb w_b074cdf
c2214eb6.jpg,new_whale w_63db6f9 w_637f363 w_4659acf w_d663f4f
c22358de.jpg,new_whale w_c0d494d w_73b705e w_97f5054 w_efebfe8
c2261e95.jpg,new_whale w_98baff9 w_25a38b8 w_7e48479 w_c48ad3e
c2277099.jpg,new_whale w_d141590 w_73cbacd w_4df0b12 w_8dcd784
c22806fd.jpg,new_whale w_67f61c7 w_0729511 w_77e1d3f w_9151503
c22bc176.jpg,new_whale w_a59905f w_4d98ef7 w_43be268 w_9ea2cc3
c22c8dff.jpg,new_whale w_ef1517b w_5c59d12 w_305ed07 w_92d55a6
c22f9ec4.jpg,new_whale w_eb34c4d w_a232f9e w_895007f w_8f1aa27
c231cffc.jpg,new_whale w_7faebe3 w_06ff732 w_2663598 w_883557a
c232786a.jpg,new_whale w_c3d523d w_7554f44 w_f8e6546 w_5f82501
c2356d11.jpg,new_whale w_2b939eb w_db2baec w_2ac83b0 w_f81c626
c23d710d.jpg,new_whale w_03f060f w_f8e6546 w_19e5482 w_15eae33
c2472a0a.jpg,new_whale w_31d3999 w_79b42cd w_c0287a9 w_7311fe4
c247ec96.jpg,new_whale w_abe383e w_551f5ca w_8c1e2e4 w_7af28d7
c24c3792.jpg,new_whale w_703e39b w_4432150 w_2eabd5a w_a14d6d8
c252320e.jpg,new_whale w_bbf58a9 w_3f91e04 w_98baff9 w_54fc5b3
c252c56b.jpg,new_whale w_4659acf w_ad32646 w_4fcfa4d w_7427ace
c255ebe0.jpg,new_whale w_2be1c9c w_286ec5f w_b0e05b1 w_e3c119c
c269370b.jpg,new_whale w_3c4062e w_0e32aa2 w_3f5e7fc w_91b7c58
c2727ef1.jpg,new_whale w_243e33e w_48bcad8 w_52b0438 w_71764b4
c27e70eb.jpg,new_whale w_73cbacd w_1127c35 w_7028d77 w_c4f3619
c27fb9a0.jpg,new_whale w_ee17a08 w_d3ef4b2 w_3c0bbac w_0408054
c288c2da.jpg,new_whale w_2e872af w_f9d27ad w_8b15b96 w_0e4f53c
c288c81d.jpg,new_whale w_9146eae w_6202983 w_44a6b62 w_adb041c
c28ae128.jpg,new_whale w_7554f44 w_1ec0481 w_fe6617a w_cef690d
c28b1f8e.jpg,new_whale w_c6b1412 w_8db45b7 w_1c69443 w_479e3e5
c292553f.jpg,new_whale w_813c5be w_c0d494d w_5b99089 w_4e52a49
c298788c.jpg,new_whale w_a59905f w_296749b w_8d46cef w_67de30b
c2991c94.jpg,new_whale w_4d358e5 w_76ebad6 w_844f032 w_096bc48
c29b74a4.jpg,new_whale w_9b098ea w_654a5bb w_72e70e5 w_a779e16
c2a088c9.jpg,new_whale w_569c2c7 w_693c9ee w_48a98d7 w_1287fbc
c2a839af.jpg,new_whale w_62ca7c8 w_4176a19 w_0c70bc3 w_f7a0fd7
c2aca18f.jpg,new_whale w_3c27f42 w_059ac60 w_90f74ae w_e24a84d
c2b1f0cb.jpg,new_whale w_9ea2cc3 w_afbc2d1 w_243e33e w_06ff732
c2ba67f8.jpg,new_whale w_b5e3076 w_bd1dbed w_741861e w_a837660
c2bb3dd9.jpg,new_whale w_4b7b80b w_54fc5b3 w_0f96780 w_1e1a051
c2bfc6c7.jpg,new_whale w_864cc78 w_a9dd349 w_6c803bf w_8db45b7
c2c0e38b.jpg,new_whale w_cf00b01 w_17ee910 w_733fe81 w_e02fe7b
c2c1e399.jpg,new_whale w_12f2352 w_1596a47 w_651cbb7 w_2963114
c2c7d97e.jpg,new_whale w_a59905f w_0a97a25 w_75f217b w_67de30b
c2ca6d9e.jpg,new_whale w_4e52a49 w_ef2f0f0 w_7b1abbf w_8fab53d
c2d093fe.jpg,new_whale w_92d55a6 w_e594616 w_daeb296 w_42dd100
c2d431a3.jpg,new_whale w_3f8f5aa w_045d9fc w_2c46a73 w_0da6f67
c2d68d63.jpg,new_whale w_68b47a1 w_ed10a36 w_67de30b w_449503f
c2d76c35.jpg,new_whale w_29eb3b2 w_5374a4c w_6ab7b53 w_797e546
c2d80f7b.jpg,new_whale w_b96d4e0 w_40323ac w_dd5df89 w_8044362
c2da8bb3.jpg,new_whale w_38e4aae w_5f7c402 w_414f402 w_01b2250
c2e1f33b.jpg,new_whale w_49bbc79 w_11adaae w_33b9360 w_4a78bf2
c2e5a6a8.jpg,new_whale w_43be268 w_693c9ee w_efebfe8 w_b7d5069
c2ea223b.jpg,new_whale w_f2e9eb1 w_313b78a w_2d99a0c w_aca9607
c2ebc0eb.jpg,new_whale w_c3d523d w_21e178f w_57c14db w_33973bf
c2ecbc6e.jpg,new_whale w_fd1cb9d w_3411b9f w_2a9727c w_2d29ddd
c2f8a453.jpg,new_whale w_330f897 w_b942708 w_d9aab0a w_17ee910
c2fe55db.jpg,new_whale w_b081817 w_7875b79 w_58087ce w_da0372d
c300467a.jpg,new_whale w_3ce788a w_64a51a4 w_3c2d938 w_be20b46
c3043a50.jpg,new_whale w_587d2e3 w_cf092f5 w_2bea4c4 w_6418af0
c3050651.jpg,new_whale w_685466f w_309a2b3 w_1596a47 w_32a920b
c309d7af.jpg,new_whale w_d382236 w_eb0a6ed w_54fc5b3 w_7e8b270
c30dd013.jpg,new_whale w_abc2eda w_1b332ba w_da2efe0 w_f022f78
c30f2145.jpg,new_whale w_6485cd4 w_8a3449f w_4af3e4e w_fd6f24f
c31631c1.jpg,new_whale w_06ff732 w_8431164 w_8b1d546 w_2e4fecc
c316c4a5.jpg,new_whale w_fe49bc4 w_43be268 w_d4251cb w_6f580eb
c3193596.jpg,new_whale w_35c8057 w_0f2f6e6 w_1eafe46 w_7763134
c31e3d5e.jpg,new_whale w_a2f5cc0 w_e685c80 w_deb33de w_ace8c54
c3253385.jpg,new_whale w_dbda0d6 w_d52bc74 w_97eaa0e w_e0efc4f
c32b75c0.jpg,new_whale w_3674103 w_ab4cae2 w_8c1ec28 w_6202983
c32e9b6b.jpg,new_whale w_813c5be w_d47e2e3 w_c0d494d w_4e52a49
c32f903c.jpg,new_whale w_cae7677 w_7e8b270 w_e3c119c w_434ad6a
c33144e2.jpg,new_whale w_cb32cb8 w_dff77b6 w_d6a3892 w_e9cacbf
c338aa58.jpg,new_whale w_49bbc79 w_8d83172 w_2a939eb w_59eb8ae
c3398097.jpg,new_whale w_d19a884 w_a59905f w_540fd73 w_3674103
c33fff9f.jpg,new_whale w_bdfd16e w_dd52cfc w_09f825c w_ec853f1
c34baad5.jpg,new_whale w_7c943ab w_7538a4c w_f0f56dc w_f546b0a
c34ef3bc.jpg,new_whale w_b39c722 w_511c464 w_4fd48e7 w_61ffd2c
c3531fd7.jpg,new_whale w_53e9072 w_66c1b54 w_ff7630a w_e6f5e09
c355ca26.jpg,new_whale w_ace8c54 w_11adaae w_6e8486d w_1a70685
c35e131a.jpg,new_whale w_31d3999 w_02d5fad w_2071a4c w_36a4e8b
c361cc44.jpg,new_whale w_660629d w_1310342 w_df092eb w_fd1cb9d
c365ed35.jpg,new_whale w_c0cfd5b w_72e70e5 w_227ed79 w_8044362
c374bfbf.jpg,new_whale w_f19faeb w_a62f211 w_c133ea8 w_f3db3f1
c374c832.jpg,new_whale w_6d4dedc w_3326396 w_90201e3 w_38158d6
c3760ff8.jpg,new_whale w_06fd726 w_c9e1cdc w_6ef68ed w_dd66cf9
c37ba20a.jpg,new_whale w_a8e5d39 w_3db53dc w_11d8e5a w_1dc66b7
c38175f5.jpg,new_whale w_08ddb50 w_eb0a6ed w_06c470d w_7f999ff
c381ee3f.jpg,new_whale w_fd1cb9d w_facffea w_38e4aae w_badfc4b
c3856a88.jpg,new_whale w_6c803bf w_c9e1cdc w_1a70685 w_7bda16b
c3891022.jpg,new_whale w_0e7cb1c w_a464d28 w_fdf60bb w_9621342
c3923666.jpg,new_whale w_17136dc w_fd1cb9d w_43be268 w_43966a3
c398dc5a.jpg,new_whale w_655efb0 w_49bbc79 w_0d39a68 w_0771d4b
c39b71d0.jpg,new_whale w_7e1521a w_f9d27ad w_de20ab0 w_60c5e7e
c39bf18b.jpg,new_whale w_97f5054 w_bb2d34d w_d6d502a w_87e8446
c39ca534.jpg,new_whale w_79b42cd w_e6ced04 w_8507226 w_c9566b4
c39e8984.jpg,new_whale w_8fd5636 w_0e4f53c w_1e7bb93 w_143b201
c3a14539.jpg,new_whale w_b4151b7 w_7885601 w_898bb9a w_5919cf7
c3a5bfd7.jpg,new_whale w_5919cf7 w_82c9c67 w_7c943ab w_4f248f3
c3ae4931.jpg,new_whale w_8044362 w_57c14db w_38bcd3e w_ed5a7c6
c3aea4d4.jpg,new_whale w_516bedb w_b3cc032 w_c9e1cdc w_90ec71a
c3b28d72.jpg,new_whale w_cd88a48 w_861cc1c w_fbcb6e4 w_3694c7d
c3b7cf0e.jpg,new_whale w_703e39b w_fd1cb9d w_7049d9f w_3039e7a
c3b8ab79.jpg,new_whale w_286ec5f w_62ca7c8 w_61b87f9 w_b7d5069
c3bc5a3b.jpg,new_whale w_0beef28 w_2f6a962 w_8861715 w_62f804d
c3c4e817.jpg,new_whale w_837646b w_9548fcf w_338b130 w_5f50b5e
c3c8b471.jpg,new_whale w_217e78a w_1eafe46 w_a0149f9 w_cbd49f8
c3cb1195.jpg,new_whale w_7586198 w_0ac9006 w_5f82501 w_4f103de
c3cb2d76.jpg,new_whale w_43be268 w_4ebeafb w_3d66298 w_6232813
c3cdb097.jpg,new_whale w_aa16da4 w_490c8a0 w_95874a5 w_6fcceaf
c3cee0a2.jpg,new_whale w_4e52a49 w_987a36f w_43be268 w_b7d5069
c3d1878e.jpg,new_whale w_aa16da4 w_f0bb383 w_ec91e99 w_8cf18ac
c3d440f1.jpg,new_whale w_19ca2c6 w_367b996 w_67de30b w_66c1b54
c3d4e6dc.jpg,new_whale w_002b682 w_2b443f8 w_d3c8520 w_589b830
c3d6e88f.jpg,new_whale w_2bea4c4 w_69f4311 w_fbcb6e4 w_dfbfe10
c3d7448b.jpg,new_whale w_38158d6 w_3061bdd w_14970b4 w_7e1521a
c3da3791.jpg,new_whale w_1e7bb93 w_fd218ba w_23e5a4c w_07e92ee
c3dd0a96.jpg,new_whale w_d10472d w_403f92f w_b074cdf w_2ac83b0
c3e4ebf5.jpg,new_whale w_18a854b w_1c32062 w_7759db0 w_e0efc4f
c3ebd20d.jpg,new_whale w_42f935c w_7dee51b w_6202983 w_c84551d
c3ebfe7a.jpg,new_whale w_d94db94 w_dc4c2ba w_09f825c w_bdfd16e
c3ec52ae.jpg,new_whale w_666b072 w_efebfe8 w_dbd2cff w_9d3ba38
c3efaa7d.jpg,new_whale w_715d152 w_73b26b7 w_a4da0b3 w_c0560ac
c3f09687.jpg,new_whale w_422420c w_6ae1eaf w_deb33de w_5c07f42
c3f2b5c0.jpg,new_whale w_74de378 w_7895123 w_987a36f w_44f0fa2
c3f45669.jpg,new_whale w_5f7c402 w_414f402 w_9a94e29 w_864cc78
c3f5d4df.jpg,new_whale w_98baff9 w_2f54c3c w_7f867ec w_9577f88
c3f69fdb.jpg,new_whale w_8cd6d46 w_a14ccaa w_656afeb w_9875c12
c3f7e26d.jpg,new_whale w_1274a11 w_d9adb4f w_269b090 w_0d8fb3f
c3f97b1c.jpg,new_whale w_c57623d w_bc5beaa w_b067417 w_7763134
c3fb2fa4.jpg,new_whale w_6398e9d w_17ee910 w_ab4f3dd w_532e2cc
c40282c9.jpg,new_whale w_b0e05b1 w_33c3ce1 w_f8e6546 w_ef6e6a9
c40ce3a3.jpg,new_whale w_62799b5 w_a533837 w_7b770ec w_4a074b8
c40ed5f5.jpg,new_whale w_674e03b w_4bf5cf7 w_1d96560 w_ee948c6
c40fbc41.jpg,new_whale w_d6a9529 w_1facad2 w_e02fe7b w_43be268
c41236dc.jpg,new_whale w_9b098ea w_993d66c w_aa16da4 w_2071a4c
c417a826.jpg,new_whale w_cdc21df w_f83b1f9 w_95874a5 w_9c70a11
c424541a.jpg,new_whale w_3061bdd w_f8e6546 w_db2baec w_89e159a
c424d1ec.jpg,new_whale w_3fc8361 w_6c899ff w_2d29ddd w_fd1cb9d
c42ce425.jpg,new_whale w_29670e2 w_102ab59 w_afd55ad w_fd587bc
c4332de0.jpg,new_whale w_865c2ba w_6a3210a w_e7a238b w_d8384bf
c43612bb.jpg,new_whale w_3d187b5 w_80b1c48 w_5054c6a w_83714b7
c4362011.jpg,new_whale w_bf38f05 w_cb7b682 w_5c23454 w_7133c9d
c441d873.jpg,new_whale w_71764b4 w_17136dc w_f0612be w_cd88a48
c44a1b88.jpg,new_whale w_9ceb05d w_06972d2 w_bb2d34d w_1539fee
c44ace8c.jpg,new_whale w_d9aab0a w_4b47559 w_91572bb w_883b284
c453a21b.jpg,new_whale w_b4eeae6 w_93dcf76 w_d642d4e w_0c45f5e
c459afda.jpg,new_whale w_fae3939 w_403f92f w_3136deb w_2658649
c45ad0de.jpg,new_whale w_1a5e7a2 w_540fd73 w_d36f58c w_e02fe7b
c4625979.jpg,new_whale w_826eb44 w_3a94311 w_cdda58e w_06dbe6b
c467a1d3.jpg,new_whale w_fce6ab2 w_b9f5b8b w_3050553 w_8fab53d
c468c2a1.jpg,new_whale w_238bbbf w_9ba1eee w_daeb296 w_0265cb6
c4692a20.jpg,new_whale w_4fd48e7 w_8bc853a w_2fd73d9 w_dbda0d6
c469bbf9.jpg,new_whale w_9ea2cc3 w_9ec358c w_11adaae w_af67683
c46e92c5.jpg,new_whale w_9ca943b w_8d5ede1 w_d8f848c w_64f3545
c46effb3.jpg,new_whale w_5ae47d9 w_e449d3a w_471cca4 w_4be373e
c4718841.jpg,new_whale w_36a853c w_0740d28 w_9b3ed01 w_f0f0dbb
c474c3ea.jpg,new_whale w_7f81ba5 w_95b6cc3 w_bc93297 w_50cd600
c477e969.jpg,new_whale w_dcb1f2a w_d676d44 w_8b5885d w_1c3e5da
c47d3661.jpg,new_whale w_73d5489 w_1287fbc w_f8e6546 w_ba53619
c47d4e6b.jpg,new_whale w_9b6b87d w_d175300 w_ba1befb w_20c671c
c47f31ab.jpg,new_whale w_3e5069e w_2d99a0c w_238bbbf w_3349c9d
c4822e88.jpg,new_whale w_b71eab2 w_b440303 w_cdda58e w_7f867ec
c4865fc8.jpg,new_whale w_0c45f5e w_b0a5c8d w_70715c1 w_4af3e4e
c4888a96.jpg,new_whale w_668ff55 w_5bdb7c2 w_b9f5b8b w_743209a
c48ead24.jpg,new_whale w_0dee306 w_cef690d w_bc5f0f5 w_056be75
c49464be.jpg,new_whale w_3e6a161 w_23d3b1c w_7885601 w_09f825c
c495577c.jpg,new_whale w_303518a w_302c025 w_82c9c67 w_542f8ca
c49b083c.jpg,new_whale w_a59905f w_8534390 w_1dff010 w_ea2385d
c49bb103.jpg,new_whale w_17e592c w_9caed77 w_22fa4ad w_6315bc6
c49d540a.jpg,new_whale w_83e0203 w_0c6d50d w_f8e6546 w_338b130
c49e6afd.jpg,new_whale w_993d66c w_361e290 w_cb7b682 w_fa32440
c4a57b96.jpg,new_whale w_abc2eda w_1ecfe96 w_2730966 w_62c3998
c4a93563.jpg,new_whale w_2fe43c7 w_4659acf w_516bedb w_c27d036
c4b0cc55.jpg,new_whale w_fce6ab2 w_1f606cf w_693c9ee w_477ccf5
c4b1c0a4.jpg,new_whale w_eea20c4 w_fba3bde w_37a7f78 w_35063ed
c4b3adde.jpg,new_whale w_ea96346 w_d2ab9c4 w_dc001f8 w_9564830
c4b3e388.jpg,new_whale w_01687a8 w_efa1fc7 w_703e39b w_7c7a78c
c4b485c1.jpg,new_whale w_cb2f78e w_a8bc2bc w_7ecd94c w_35ffe80
c4bdf41c.jpg,new_whale w_6c803bf w_18eee6e w_d0b237f w_b6886e5
c4c3a613.jpg,new_whale w_1000f90 w_70b4610 w_ab4cae2 w_98baff9
c4cbad87.jpg,new_whale w_3eaef21 w_cf82352 w_073f071 w_badfc4b
c4cbea9d.jpg,new_whale w_9b098ea w_2d29ddd w_2071a4c w_7c7a78c
c4d28df3.jpg,new_whale w_79b42cd w_3fc0946 w_4e505cc w_62799b5
c4d35c2f.jpg,new_whale w_fc433f7 w_dcb1f2a w_17ee910 w_18eee6e
c4d3cb85.jpg,new_whale w_2cdf820 w_c9e1cdc w_b6689cc w_17ee910
c4d81880.jpg,new_whale w_813c5be w_eb0a6ed w_2c3f440 w_861cc1c
c4dd54c9.jpg,new_whale w_8f1946f w_1596a47 w_cd70e8b w_4d528e4
c4dfed41.jpg,new_whale w_4ebeafb w_d1bbde9 w_7185713 w_9ea2cc3
c4e407e3.jpg,new_whale w_bbf58a9 w_e45da8c w_966e86e w_8103039
c4eb1403.jpg,new_whale w_35453e0 w_89317b0 w_5dbe64d w_62c3998
c4f629f9.jpg,new_whale w_0d733a5 w_ffda8b2 w_e30e97f w_9f718e8
c4fd9b66.jpg,new_whale w_5cc2285 w_5f82501 w_f8e6546 w_48dd419
c4ff538c.jpg,new_whale w_7f40920 w_b074cdf w_e826a6f w_4e52a49
c500fa1e.jpg,new_whale w_3a78626 w_fa32440 w_7e8b270 w_86b3de4
c502c387.jpg,new_whale w_0e737d0 w_1d84278 w_ab4cae2 w_109fd25
c506e843.jpg,new_whale w_63fc906 w_4bf5a06 w_b074cdf w_d5293a1
c509728a.jpg,new_whale w_35063ed w_b0e05b1 w_b4151b7 w_62ca7c8
c51a443c.jpg,new_whale w_b05f565 w_398aa7f w_4659acf w_62f299e
c520cf5b.jpg,new_whale w_243e33e w_31fb9f0 w_05567a9 w_4fb3c95
c523ccba.jpg,new_whale w_98baff9 w_693c9ee w_ab4cae2 w_f6fb689
c52c33f9.jpg,new_whale w_d465e44 w_17e8554 w_7ed55c4 w_7c7a78c
c52ef613.jpg,new_whale w_7cfaa82 w_6247b2e w_cd1f1ed w_9ec358c
c530266a.jpg,new_whale w_c3d523d w_b7d5069 w_0869575 w_17e8554
c5316f5d.jpg,new_whale w_6710cf8 w_67de30b w_94e1ed4 w_84fcae8
c5388a2e.jpg,new_whale w_6ba46a1 w_35c5d43 w_f1a4389 w_53859b2
c53a8db0.jpg,new_whale w_2b443f8 w_8f1aa27 w_b5c9946 w_dbf4e7f
c546cde8.jpg,new_whale w_8971f1d w_2dd15d3 w_a9f41fd w_7fe3551
c5476fd7.jpg,new_whale w_f19faeb w_7311fe4 w_aa16da4 w_6232813
c54793c9.jpg,new_whale w_3349c9d w_e0e5c9e w_59eb8ae w_fe36b07
c5494218.jpg,new_whale w_0c45f5e w_6badfcf w_0626e4d w_b14007c
c54a8cba.jpg,new_whale w_48dd419 w_d663f4f w_e3c119c w_7554f44
c54cca21.jpg,new_whale w_cf82352 w_9cb2dba w_a3c6ed0 w_2d29ddd
c54d234e.jpg,new_whale w_bcb0696 w_fd1cb9d w_46ec664 w_e156c87
c5531ea1.jpg,new_whale w_fd1cb9d w_fe87f0a w_6e8486d w_c0d494d
c553fc26.jpg,new_whale w_d775542 w_8f1946f w_1a5beb9 w_cd70e8b
c5554f0a.jpg,new_whale w_1287fbc w_43b50e5 w_18eee6e w_d2be6cc
c5563cf3.jpg,new_whale w_fcdc898 w_1facad2 w_fed0031 w_1948625
c5563e0f.jpg,new_whale w_f7a0fd7 w_b4151b7 w_86b3f04 w_898bb9a
c557cea5.jpg,new_whale w_1f09cdd w_95874a5 w_c9e1cdc w_9b67e87
c55a35a7.jpg,new_whale w_98dcedd w_12c3d3d w_f53deac w_b8bfaf1
c5659087.jpg,new_whale w_2c0af5e w_6202983 w_fd07344 w_c57623d
c574416f.jpg,new_whale w_daeb296 w_3e02970 w_92be3ca w_67fecca
c5768c6b.jpg,new_whale w_44a6b62 w_3ca387d w_1908442 w_21e178f
c578ab5b.jpg,new_whale w_9151503 w_e5250e9 w_6202983 w_a7d4668
c57a93e7.jpg,new_whale w_b17f9ea w_f3e948c w_8c408dc w_ee94c57
c5816f0e.jpg,new_whale w_17ee910 w_95874a5 w_b6689cc w_cf00b01
c5823d04.jpg,new_whale w_905d41b w_e0818df w_0e737d0 w_8c1ec28
c583628f.jpg,new_whale w_b074cdf w_392bee3 w_71c7322 w_136337c
c583b34f.jpg,new_whale w_a965f14 w_fa9c3d8 w_65428d9 w_7e8b270
c588db28.jpg,new_whale w_22da5b6 w_20c671c w_a524549 w_7f0700f
c589740c.jpg,new_whale w_c0d494d w_6202983 w_1e3ce01 w_42f935c
c59094a3.jpg,new_whale w_d3ce445 w_6202983 w_b074cdf w_3ae3603
c5916dbd.jpg,new_whale w_7234b3d w_b9e00eb w_0e737d0 w_a3cd405
c592de1d.jpg,new_whale w_53859b2 w_8691e58 w_33e7def w_4f28a45
c5932e77.jpg,new_whale w_5be8e63 w_7c7a78c w_9ca943b w_be32bec
c593e05e.jpg,new_whale w_db2baec w_9cb529f w_8db45b7 w_7b5a630
c5954a01.jpg,new_whale w_1287fbc w_da2efe0 w_95874a5 w_9321960
c598d367.jpg,new_whale w_9bf57f8 w_60eba40 w_a3dbc8f w_9ea2cc3
c59b8a0b.jpg,new_whale w_3ce788a w_8459e39 w_fae3939 w_6c99c53
c59d3f18.jpg,new_whale w_1a70685 w_7e5cc5e w_516bedb w_d5ec83f
c5a0a9cc.jpg,new_whale w_c1b685f w_0a97a25 w_987a36f w_bc9dc37
c5a21674.jpg,new_whale w_ce9b95e w_98baff9 w_853c1f7 w_0e737d0
c5a822bd.jpg,new_whale w_5af463d w_6c803bf w_ff70408 w_0600ecf
c5abdcbc.jpg,new_whale w_9caed77 w_86b3f04 w_60c5e7e w_1a229eb
c5ac500b.jpg,new_whale w_76b6f7c w_9d9913a w_c3ff6f2 w_45e8ea5
c5b838ae.jpg,new_whale w_54cd8e0 w_35c8057 w_f22f3e3 w_bd43538
c5bd3189.jpg,new_whale w_7554f44 w_88d11b1 w_367b996 w_b074cdf
c5c34698.jpg,new_whale w_8e3ebeb w_93bf889 w_0de84f0 w_cd88a48
c5c95cb9.jpg,new_whale w_d0b237f w_1e3ce01 w_da64f8d w_a91b997
c5c9fa0f.jpg,new_whale w_3d187b5 w_2392b4c w_7e8b270 w_20f86e1
c5cbcaf4.jpg,new_whale w_73d5489 w_7885601 w_175536a w_0e4f53c
c5cc7c9a.jpg,new_whale w_f8e6546 w_53859b2 w_ce29d2a w_73d5489
c5d0327b.jpg,new_whale w_f4c78e5 w_3f91e04 w_74adf0b w_f8e6546
c5d1a29a.jpg,new_whale w_ebff750 w_693c9ee w_8044362 w_98baff9
c5d4e8bd.jpg,new_whale w_7abaf06 w_73cbacd w_7de72c5 w_6c99c53
c5d7800d.jpg,new_whale w_1287fbc w_fba3bde w_1efd2a9 w_db3621e
c5db62cf.jpg,new_whale w_18eee6e w_9875c12 w_6c803bf w_9ec358c
c5e485e9.jpg,new_whale w_2eabd5a w_3d3c0f9 w_0e737d0 w_bb2d34d
c5e96c12.jpg,new_whale w_7554f44 w_ecbf9fa w_4c8cd1c w_1da7080
c5ea23cc.jpg,new_whale w_fa96a3d w_38a3f72 w_74de378 w_a21cc97
c5ed4e79.jpg,new_whale w_0c6dbbe w_b678944 w_1eafe46 w_ee17a08
c5fc1a2d.jpg,new_whale w_23526cb w_4af3e4e w_fce6ab2 w_7de72c5
c6065ed0.jpg,new_whale w_3694c7d w_64f3545 w_0d39a68 w_b33e728
c60a5945.jpg,new_whale w_aa16da4 w_6232813 w_099ab25 w_c58b474
c613a1c3.jpg,new_whale w_aed6a9a w_dfbfe10 w_286ec5f w_a2660fd
c61689b3.jpg,new_whale w_a18d0dc w_3674103 w_3d187b5 w_ab4cae2
c61c251a.jpg,new_whale w_217e78a w_bf38f05 w_7311fe4 w_d314904
c61cbeb1.jpg,new_whale w_2d09595 w_c58b474 w_09d7946 w_1facad2
c6204630.jpg,new_whale w_5817e08 w_a1e017f w_da6d50b w_e126028
c620b5bc.jpg,new_whale w_e54feba w_3fffc61 w_1a5beb9 w_c30959a
c621f62a.jpg,new_whale w_3a9ee71 w_ddbf533 w_b0e05b1 w_9a4bd76
c62c8d19.jpg,new_whale w_be3c0f5 w_1eafe46 w_d9fdd15 w_2a18a44
c639de3a.jpg,new_whale w_3b99025 w_b6410bc w_980bb1a w_5d96ba4
c63a04c2.jpg,new_whale w_3d0bc7a w_3fe1eb9 w_44cccf6 w_97f5054
c63bd7ba.jpg,new_whale w_c4f3619 w_3aa2073 w_ca5f17f w_6f211a9
c63beb0e.jpg,new_whale w_0f54cdf w_c529cf1 w_3f8f5aa w_43be268
c6417bdd.jpg,new_whale w_06ff732 w_e09e886 w_aa64cc1 w_48bcad8
c6422011.jpg,new_whale w_c2474a2 w_59eb8ae w_7763134 w_0e737d0
c642aac3.jpg,new_whale w_7e8b270 w_0c6dbbe w_156c0db w_b678944
c646e277.jpg,new_whale w_69a9f72 w_6c99c53 w_2085f2e w_ddbf533
c65099d8.jpg,new_whale w_f48b91b w_1596a47 w_20e863f w_4a78bf2
c651d44a.jpg,new_whale w_53064a6 w_a335e80 w_9875c12 w_f81c626
c6564f7c.jpg,new_whale w_408c5a7 w_511c464 w_4e52a49 w_d9aab0a
c65885af.jpg,new_whale w_1e45a47 w_afef556 w_8397970 w_18eee6e
c65ccdeb.jpg,new_whale w_b318111 w_ab4cae2 w_e2bf793 w_cae7677
c65d9932.jpg,new_whale w_14ba846 w_c57623d w_2e4fecc w_19aeb9c
c661a1a9.jpg,new_whale w_b6410bc w_e3c0ae5 w_6202983 w_8158b1f
c665aa26.jpg,new_whale w_4f0b7d9 w_7c7a78c w_a2b3d53 w_0337aa5
c6689d65.jpg,new_whale w_ed69e9c w_503ff17 w_4b18498 w_87e00c8
c66e4f56.jpg,new_whale w_4195fc3 w_d47e2e3 w_b318111 w_7c6ad05
c66ec8e2.jpg,new_whale w_6c803bf w_41afa58 w_18eee6e w_adc6e1b
c66f7a1c.jpg,new_whale w_52a081c w_cae7677 w_35063ed w_73d5489
c673029d.jpg,new_whale w_2d29ddd w_2e872af w_c22307d w_8cd3036
c6828f57.jpg,new_whale w_2fdf63b w_98baff9 w_eb0a6ed w_4057481
c683fe68.jpg,new_whale w_48bcad8 w_9c449e2 w_4e68ddc w_40323ac
c687d1da.jpg,new_whale w_54fc5b3 w_36a853c w_690fc6b w_7e8305f
c68833fc.jpg,new_whale w_43e45b6 w_883557a w_5d86dc6 w_c0bb183
c688a6d0.jpg,new_whale w_759b647 w_d5ec83f w_21e178f w_09d654f
c697698a.jpg,new_whale w_bb2d34d w_c9e1cdc w_9ceb05d w_4e54fac
c6982fcf.jpg,new_whale w_c90c37a w_4b95330 w_0c6d50d w_b688397
c698b3d5.jpg,new_whale w_70715c1 w_b1a4f29 w_9845f16 w_d663f4f
c69b17a3.jpg,new_whale w_a369ccf w_9ec358c w_21e178f w_bb2d34d
c6a484a0.jpg,new_whale w_e5edb40 w_09e0cbf w_7419e4b w_eb0a6ed
c6aac43e.jpg,new_whale w_ebe0ad5 w_693c9ee w_42f935c w_e64c9a6
c6b2378d.jpg,new_whale w_851a7f4 w_9dc4181 w_7e8b270 w_65e519b
c6b25498.jpg,new_whale w_8464638 w_e826a6f w_d663f4f w_b074cdf
c6b57b09.jpg,new_whale w_3063bf4 w_7946258 w_552ec4e w_b9e00eb
c6b88a3b.jpg,new_whale w_fb89186 w_8867074 w_540fd73 w_22bb9b3
c6b9c57b.jpg,new_whale w_0e4f53c w_d22af00 w_f83b1f9 w_3b99025
c6be7696.jpg,new_whale w_4e68ddc w_7554f44 w_f19faeb w_83714b7
c6be7bda.jpg,new_whale w_72e70e5 w_8c1e2e4 w_b88a8d8 w_e0efc4f
c6c2d1c6.jpg,new_whale w_e3c0ae5 w_1e5a146 w_d19a884 w_f83b1f9
c6c443c4.jpg,new_whale w_1f00cb7 w_b074cdf w_e826a6f w_d0157fd
c6c5e0a8.jpg,new_whale w_9875c12 w_c27d036 w_f28de05 w_dcb1f2a
c6cebbed.jpg,new_whale w_21a1bdb w_40323ac w_b942708 w_17ee910
c6d15a29.jpg,new_whale w_3de676c w_0d39a68 w_057c418 w_1a70685
c6d194f2.jpg,new_whale w_1fc14e9 w_73d5489 w_d89b29e w_bdd0576
c6d2dbe7.jpg,new_whale w_e59294d w_fec6413 w_0c6d50d w_b0e05b1
c6d69e20.jpg,new_whale w_8d9c6fc w_3b0894d w_48a98d7 w_2d99a0c
c6d911b0.jpg,new_whale w_4fb3c95 w_2e2ba59 w_19e8a2d w_eaeb1f0
c6d9e63a.jpg,new_whale w_f6411ea w_41fa033 w_73d5489 w_143b201
c6de08c5.jpg,new_whale w_25871da w_7ed3719 w_7ab1759 w_423e872
c6dfcb3c.jpg,new_whale w_219e33c w_5a81425 w_3039e7a w_e863419
c6e8250b.jpg,new_whale w_f18df18 w_ef2f0f0 w_12f2352 w_8fab53d
c6eb99e8.jpg,new_whale w_c90feaa w_b033b36 w_1dff010 w_fd1cb9d
c6ef92f5.jpg,new_whale w_64f3545 w_9e1e278 w_813c5be w_0ee4d6d
c6f38d05.jpg,new_whale w_9ceb05d w_43be268 w_77607b5 w_1facad2
c701211c.jpg,new_whale w_1c32062 w_3745f59 w_b0e05b1 w_e3c0ae5
c707fbf7.jpg,new_whale w_e603cc5 w_e73d83c w_1287fbc w_da2efe0
c70b4227.jpg,new_whale w_ac851eb w_0740d28 w_76d2cce w_d6fdb03
c70ca9cc.jpg,new_whale w_08d1ccd w_73d5489 w_66fb697 w_87050a3
c7136335.jpg,new_whale w_9bcb0f8 w_15928c6 w_0d39a68 w_4848a3c
c7143654.jpg,new_whale w_414f402 w_559ce61 w_0087fdd w_ee9c4d7
c717208d.jpg,new_whale w_361e290 w_b9c9129 w_3e1ba5b w_7311fe4
c71b97fc.jpg,new_whale w_ae0ab55 w_1090920 w_9b67e87 w_04c841c
c71c4f08.jpg,new_whale w_ab1c859 w_824f286 w_5f82501 w_f8e6546
c71e0e55.jpg,new_whale w_aa16da4 w_cae7677 w_8c1ec28 w_75780a0
c7241b5e.jpg,new_whale w_9a4bd76 w_8e4abc9 w_3d2724b w_44edba9
c7254bde.jpg,new_whale w_4791b4c w_156c0db w_55d6c4f w_8103039
c72a18ec.jpg,new_whale w_9ceb05d w_3745f59 w_f014da3 w_1eafe46
c72b9240.jpg,new_whale w_7554f44 w_434ad6a w_d663f4f w_4e68ddc
c72e7d6d.jpg,new_whale w_1235317 w_b83b069 w_ebe0ad5 w_8309df3
c72ffff6.jpg,new_whale w_4659acf w_9f3e4f4 w_ee17a08 w_b7d5069
c7365bcc.jpg,new_whale w_02a768d w_06dbe6b w_e38b2c7 w_2dae424
c73f158b.jpg,new_whale w_b8dff40 w_542f8ca w_6c803bf w_7c7a78c
c7413208.jpg,new_whale w_9a8f43f w_2901987 w_1dff010 w_7b035cc
c742091d.jpg,new_whale w_a779e16 w_8141223 w_b942708 w_540fd73
c745fe3b.jpg,new_whale w_3326396 w_b0e05b1 w_98baff9 w_7f867ec
c74e01e3.jpg,new_whale w_98baff9 w_f8c3a63 w_7f6ce8e w_f8e6546
c75b1457.jpg,new_whale w_d382236 w_8c1e2e4 w_db3621e w_30f095d
c75bffd8.jpg,new_whale w_861cc1c w_12c3d3d w_0626e4d w_cb38960
c75c317d.jpg,new_whale w_5cc2285 w_42f935c w_eb0a6ed w_54fc5b3
c75ec780.jpg,new_whale w_987a36f w_89e159a w_7bda16b w_49bbc79
c775bb99.jpg,new_whale w_9b401eb w_8e451d9 w_13c6b6b w_33909b8
c7768166.jpg,new_whale w_c34afd7 w_3e5069e w_38e4aae w_2e872af
c776d8c2.jpg,new_whale w_d9fdd15 w_6926f08 w_3af4e73 w_a59905f
c777c14b.jpg,new_whale w_059df09 w_5b2bb99 w_cf3c233 w_d36f58c
c779125a.jpg,new_whale w_f4e0748 w_4b87cba w_a687e28 w_0d39a68
c779fd6a.jpg,new_whale w_e0818df w_8c1ec28 w_4e68ddc w_fba3bde
c77ca741.jpg,new_whale w_9b67e87 w_35c8057 w_1287fbc w_7c91fa7
c77cd459.jpg,new_whale w_efebfe8 w_57c8da9 w_a69bb2b w_b4732ef
c77cf243.jpg,new_whale w_693c9ee w_11b993a w_654a5bb w_e685c80
c77e2719.jpg,new_whale w_b2ba967 w_e57b487 w_76106aa w_96fd936
c77e7d83.jpg,new_whale w_895007f w_5a25156 w_06b6f60 w_17377c9
c77f6739.jpg,new_whale w_4e54fac w_4ebeafb w_7b035cc w_c9dfa13
c7883dd3.jpg,new_whale w_95874a5 w_bb2d34d w_17ee910 w_e80641a
c790ce8a.jpg,new_whale w_8fab53d w_693c9ee w_10ace22 w_c10ffe9
c79313ca.jpg,new_whale w_8a997b8 w_f672e01 w_78a6f56 w_d4ab7ad
c79e495c.jpg,new_whale w_bbad9a2 w_980bb1a w_6ec850b w_3a78626
c7a48b1b.jpg,new_whale w_98baff9 w_ab4cae2 w_ba17206 w_0b3b659
c7b109b4.jpg,new_whale w_193b7e3 w_0e4ef50 w_ca56bf3 w_f44277f
c7b31a6f.jpg,new_whale w_3de676c w_0d39a68 w_313b78a w_2a939eb
c7b4ea26.jpg,new_whale w_afc7d61 w_423e872 w_20da4cf w_1911cbb
c7b8b4d4.jpg,new_whale w_d5293a1 w_f50ee01 w_77d2aea w_f178867
c7b98945.jpg,new_whale w_18df014 w_6ce20f3 w_a965f14 w_8420f42
c7b998aa.jpg,new_whale w_2725793 w_a646643 w_66fb697 w_dd8299b
c7bc8715.jpg,new_whale w_ab4cae2 w_98baff9 w_19e5d10 w_b9f5b8b
c7bc986e.jpg,new_whale w_e826a6f w_43be268 w_7f40920 w_8103039
c7bf9be2.jpg,new_whale w_57c8da9 w_8dddd45 w_5b672ea w_c95a0ea
c7c102ae.jpg,new_whale w_fd1cb9d w_89e159a w_fc15159 w_eb8429c
c7c7cf1a.jpg,new_whale w_82ed7a7 w_797e546 w_5a81425 w_2e872af
c7ca64d4.jpg,new_whale w_68820e8 w_8fab53d w_693c9ee w_12c3d3d
c7cf0f7d.jpg,new_whale w_fba3bde w_0771d4b w_89e159a w_f18df18
c7cf8f2c.jpg,new_whale w_fea7fe6 w_a254eb0 w_48f649e w_2c0af5e
c7d16066.jpg,new_whale w_40a8760 w_20c671c w_39a31a8 w_d430a78
c7d2400f.jpg,new_whale w_9548fcf w_5f50b5e w_18a1bf2 w_a93c8f9
c7d915b5.jpg,new_whale w_3dc5e74 w_1596a47 w_2a939eb w_f86488a
c7e614bd.jpg,new_whale w_8a7b9c8 w_93dcf76 w_b20763e w_c3ff6f2
c7e8f169.jpg,new_whale w_7e8b270 w_b942708 w_97982cf w_ab6bb0a
c7f8f1cc.jpg,new_whale w_f63d8b0 w_96d9eaf w_0d8fb3f w_5b5a85d
c7f93680.jpg,new_whale w_2658649 w_9c61d57 w_e826a6f w_56ccad1
c7fa4768.jpg,new_whale w_f2e9055 w_6c803bf w_79b12d8 w_987a36f
c7fac325.jpg,new_whale w_be20b46 w_7554f44 w_41fa033 w_94e071d
c7fb7792.jpg,new_whale w_1904e8c w_f4ac89a w_7af28d7 w_4ebeafb
c7fdd7a0.jpg,new_whale w_dfbfe10 w_62c3998 w_932c8cd w_33973bf
c8014b14.jpg,new_whale w_18a854b w_5f5ef4e w_286ec5f w_cb9220b
c8024b45.jpg,new_whale w_82ed7a7 w_e449d3a w_9c5ed68 w_e73c666
c808b8e8.jpg,new_whale w_56bbc91 w_38e4aae w_4790f64 w_f21f2ec
c809133b.jpg,new_whale w_fae3939 w_7649712 w_6c99c53 w_d6a6360
c8109c31.jpg,new_whale w_e59294d w_dcb1f2a w_2d99a0c w_cd1f1ed
c811f2b7.jpg,new_whale w_f93d780 w_d19a884 w_1eafe46 w_d224115
c811fd25.jpg,new_whale w_d1d8f98 w_fbcb6e4 w_8db45b7 w_5f7c402
c814a420.jpg,new_whale w_b9f5b8b w_a1fe45d w_a837660 w_7133c9d
c814b4b0.jpg,new_whale w_08ddb50 w_6a78025 w_e3fbc27 w_06ff732
c815cdcf.jpg,new_whale w_3d0bc7a w_69185bb w_b6ed5d2 w_dcb1f2a
c81977ec.jpg,new_whale w_6202983 w_fd1cb9d w_0e737d0 w_86113c4
c819890d.jpg,new_whale w_8d3b8b6 w_34c4927 w_2d99a0c w_1aa0526
c81b323d.jpg,new_whale w_28fa29e w_eb47189 w_12f2352 w_dfbfe10
c823514e.jpg,new_whale w_e101deb w_fd218ba w_b6c0c65 w_402784d
c826ee6d.jpg,new_whale w_4fe4078 w_7c9fd46 w_c01e25d w_ebe0ad5
c82ada77.jpg,new_whale w_eb39613 w_1e5a146 w_8a31e6c w_f6722e7
c8347a9e.jpg,new_whale w_8b1cd49 w_ea96346 w_0f92544 w_29eb3b2
c83485b5.jpg,new_whale w_861cc1c w_1eafe46 w_a59905f w_0e737d0
c835eafa.jpg,new_whale w_656ef35 w_cc5fae7 w_cece268 w_e09e886
c8419f56.jpg,new_whale w_8719b04 w_6c803bf w_80211fd w_dfbfe10
c8465dec.jpg,new_whale w_5bc5fc1 w_40a8760 w_b0e05b1 w_73d5489
c848751a.jpg,new_whale w_705a70b w_2d99a0c w_e61dd6d w_9927328
c849948e.jpg,new_whale w_6598219 w_b197b5c w_0b4429c w_8861f65
c84c7d50.jpg,new_whale w_6badfcf w_1f6e1db w_4b7b80b w_b074cdf
c84efd85.jpg,new_whale w_d141590 w_6f211a9 w_a7c6cf3 w_2c83e22
c853f279.jpg,new_whale w_35453e0 w_8d46cef w_1310342 w_18eee6e
c855f806.jpg,new_whale w_4f248f3 w_3572e7e w_fea7fe6 w_a18d0dc
c856a48d.jpg,new_whale w_9b6b87d w_85755f7 w_1deadd7 w_b5dd5bc
c8576812.jpg,new_whale w_4dfe7cb w_8201aa8 w_c529cf1 w_fd1cb9d
c8596aeb.jpg,new_whale w_53859b2 w_5bc7e7f w_002222a w_88083bc
c861340e.jpg,new_whale w_e5893cb w_29f00ae w_25d7f93 w_517a3bc
c8626198.jpg,new_whale w_12c3d3d w_b0e05b1 w_8fab53d w_cb38960
c8641c02.jpg,new_whale w_ce29d2a w_d95069e w_8e4abc9 w_b0e05b1
c866824c.jpg,new_whale w_f6fb689 w_db474c7 w_af890ad w_eb0a6ed
c866b037.jpg,new_whale w_7ae398c w_861cc1c w_7538a4c w_fba3bde
c86e6b03.jpg,new_whale w_1a70685 w_c9e1cdc w_fbcb6e4 w_e61dd6d
c871e5a2.jpg,new_whale w_8103039 w_19e5d10 w_18df014 w_f0b4252
c87686e2.jpg,new_whale w_9122179 w_8867074 w_6af9dd7 w_17e8554
c87c6c65.jpg,new_whale w_39b22d9 w_0819271 w_2282bb8 w_656ef35
c87e542b.jpg,new_whale w_7586198 w_02d5fad w_cb7b682 w_bf38f05
c88129db.jpg,new_whale w_6e8486d w_bb2d34d w_932c8cd w_95874a5
c8827932.jpg,new_whale w_93bf889 w_92585eb w_fbce8b4 w_5c6215c
c8841088.jpg,new_whale w_98baff9 w_e5250e9 w_469e847 w_693c9ee
c88984b6.jpg,new_whale w_a14d6d8 w_6a4e5f2 w_703e39b w_ac8329d
c893e783.jpg,new_whale w_d6e437d w_43eea34 w_974c0ea w_9f3e4f4
c8952931.jpg,new_whale w_6315bc6 w_80d95d6 w_24bdae3 w_e449d3a
c8970ae0.jpg,new_whale w_8719b04 w_987a36f w_29fc831 w_4e52a49
c8a160ba.jpg,new_whale w_02a768d w_9287bbb w_ed0c4cc w_7b442c4
c8a1b62b.jpg,new_whale w_60eba40 w_0dee306 w_2af3059 w_ae0ab55
c8a3ef02.jpg,new_whale w_ad370e1 w_dcb1f2a w_ffa7427 w_21e178f
c8a7a405.jpg,new_whale w_b2f1afa w_f7a0fd7 w_ea96346 w_797e546
c8b522c5.jpg,new_whale w_67599af w_3745f59 w_778ee6e w_e3c0ae5
c8b7ba4d.jpg,new_whale w_62f804d w_f70bf4d w_2832e90 w_64f3545
c8ba581a.jpg,new_whale w_b942708 w_7e8b270 w_dff77b6 w_d9aab0a
c8bf8015.jpg,new_whale w_06ff732 w_ec67c71 w_f37508c w_aeca19c
c8c07e4e.jpg,new_whale w_fce6ab2 w_b952580 w_06dbe6b w_98baff9
c8c5248d.jpg,new_whale w_fab740d w_e863419 w_219e33c w_b081817
c8c86b7c.jpg,new_whale w_c9566b4 w_d37b55b w_224000c w_ab4cae2
c8c96e7d.jpg,new_whale w_339c8ae w_feab6f3 w_410142f w_0793503
c8ce98e1.jpg,new_whale w_f8c9150 w_dd52cfc w_f8e6546 w_699be3a
c8d2662a.jpg,new_whale w_cece268 w_1894a1c w_aa64cc1 w_33f5747
c8d3aeee.jpg,new_whale w_98baff9 w_cef690d w_b074cdf w_3674103
c8e4ea52.jpg,new_whale w_219e33c w_797e546 w_3c3c632 w_6ab7b53
c8e7929f.jpg,new_whale w_19e5d10 w_15427c3 w_524f51e w_98baff9
c8f47fea.jpg,new_whale w_813c5be w_c0d494d w_932c8cd w_1e3ce01
c8fc92bc.jpg,new_whale w_f87b77b w_4d528e4 w_38e4aae w_c61ed17
c8fff963.jpg,new_whale w_a13ada3 w_654a5bb w_ee17a08 w_b678944
c900f00c.jpg,new_whale w_13c6b6b w_62aed54 w_c622a3f w_cc54cee
c9022bec.jpg,new_whale w_c7f1975 w_ab4cae2 w_98baff9 w_224000c
c9030187.jpg,new_whale w_9438980 w_fd1cb9d w_6710cf8 w_d663f4f
c903eb04.jpg,new_whale w_6d7c852 w_987a36f w_94cd45e w_7ed3719
c9066afb.jpg,new_whale w_9ea2cc3 w_f6fb689 w_1eafe46 w_67c1b6f
c90e4686.jpg,new_whale w_ebe0ad5 w_07e92ee w_eab49b7 w_7324cf5
c9187cb2.jpg,new_whale w_130508d w_1717a13 w_6863829 w_419d308
c921260f.jpg,new_whale w_c5f9e78 w_ec02248 w_b074cdf w_0a97a25
c92531f5.jpg,new_whale w_b7d5069 w_43be268 w_693c9ee w_7c44934
c92c93c7.jpg,new_whale w_09d48d1 w_73c9ba2 w_414c24a w_f6722e7
c93668ac.jpg,new_whale w_b6410bc w_3326396 w_e3c0ae5 w_67fecca
c93744da.jpg,new_whale w_95874a5 w_17ee910 w_dcf2001 w_bb2d34d
c93794ca.jpg,new_whale w_9562910 w_8f1aa27 w_5a25156 w_ab2d17a
c939e301.jpg,new_whale w_4be373e w_3e57104 w_797e546 w_e449d3a
c93d2512.jpg,new_whale w_6c23fcc w_3a9ee71 w_eac205a w_66fb697
c940a7aa.jpg,new_whale w_95874a5 w_bb2d34d w_0e9f6d9 w_2d99a0c
c9425128.jpg,new_whale w_b0e05b1 w_a25caa9 w_c0d494d w_60c5e7e
c9440637.jpg,new_whale w_648a9a8 w_68820e8 w_528e753 w_2658649
c948e587.jpg,new_whale w_b9e00eb w_4fb3c95 w_f19faeb w_4b7b80b
c94a5e92.jpg,new_whale w_2f6a962 w_8861715 w_7f45825 w_67de30b
c9508dbd.jpg,new_whale w_dcb1f2a w_1287fbc w_a3dbc8f w_932c8cd
c959bd40.jpg,new_whale w_1235317 w_f0f56dc w_d6e5334 w_cae7677
c965a3f0.jpg,new_whale w_8b1d546 w_4b7b80b w_693c9ee w_8b22583
c9671f3f.jpg,new_whale w_a54e7c1 w_9875c12 w_9ca943b w_b7d5069
c96a3dc4.jpg,new_whale w_ea96346 w_d2ab9c4 w_e8a8d85 w_9868b95
c96b736a.jpg,new_whale w_efebfe8 w_5f5ef4e w_482d9d6 w_b96d4e0
c96d3d24.jpg,new_whale w_2957331 w_813c5be w_987a36f w_41ed8e8
c979826e.jpg,new_whale w_b074cdf w_94e1ed4 w_e3c119c w_25db560
c97f0af5.jpg,new_whale w_e61dd6d w_813c5be w_fd3ce71 w_ae07541
c9827502.jpg,new_whale w_e3fbc27 w_5be8e63 w_977d881 w_f792125
c98dab6b.jpg,new_whale w_3d8c865 w_9caed77 w_5f8b9b9 w_b074cdf
c98f8839.jpg,new_whale w_2071a4c w_dbda0d6 w_eb0a6ed w_861cc1c
c9910218.jpg,new_whale w_7c943ab w_fd07344 w_958b908 w_d22af00
c992b305.jpg,new_whale w_f5b8faf w_1ae1386 w_c8d20aa w_12cdfbd
c997ffed.jpg,new_whale w_86ff8a6 w_693c9ee w_1eafe46 w_f8c3a63
c999b27e.jpg,new_whale w_e5250e9 w_8643ba3 w_5e25f9f w_693c9ee
c99a09b0.jpg,new_whale w_2e4fecc w_e8c35dc w_1d0e29a w_bf77b13
c99be7f7.jpg,new_whale w_07e92ee w_e6f5e09 w_5054c6a w_f93d780
c99e6f27.jpg,new_whale w_9122179 w_ef7cdd5 w_fb89186 w_0e96943
c9b9570d.jpg,new_whale w_6232813 w_66c1b54 w_3e1ccc9 w_77e1d3f
c9bcf87f.jpg,new_whale w_55647bd w_d80e1bc w_acc67ea w_3d1c2ef
c9bfe212.jpg,new_whale w_98baff9 w_693c9ee w_38bcd3e w_8044362
c9c040e9.jpg,new_whale w_b9417ee w_73d5489 w_71bfc77 w_ea99623
c9c05645.jpg,new_whale w_ebe0ad5 w_87050a3 w_cae7677 w_7f199c6
c9c0c8e0.jpg,new_whale w_490c8a0 w_3fcb80e w_2db01d5 w_a837660
c9c13b57.jpg,new_whale w_8fd5636 w_23b01a6 w_33032d1 w_08d1ccd
c9cc8d0d.jpg,new_whale w_f0db0ba w_b0e05b1 w_8fab53d w_ef2f0f0
c9ce5fcf.jpg,new_whale w_73c9ba2 w_d9562f1 w_80171b9 w_56f2b1e
c9cfbc1f.jpg,new_whale w_1743d93 w_6c803bf w_5b8f282 w_516bedb
c9d25d98.jpg,new_whale w_b688397 w_af890ad w_f6fb689 w_c2474a2
c9d30e93.jpg,new_whale w_98baff9 w_5f82501 w_b9e00eb w_98ab48e
c9d3a175.jpg,new_whale w_73d5489 w_fc61767 w_a524549 w_95aad92
c9d3bab4.jpg,new_whale w_26edeb8 w_f660d7d w_3fffc61 w_e54feba
c9da1b41.jpg,new_whale w_4ebeafb w_5e57e8b w_48c9deb w_c4cafb8
c9de33c0.jpg,new_whale w_c55c9cd w_d47e2e3 w_c0d494d w_8f593d4
c9e48cd4.jpg,new_whale w_d3c8520 w_fe96bef w_0bc712b w_97e7648
c9e8af1c.jpg,new_whale w_3d66298 w_511c464 w_3e1ba5b w_fbcb6e4
c9e95054.jpg,new_whale w_fd1cb9d w_559ce61 w_aae82f8 w_89e159a
c9f18706.jpg,new_whale w_76048fe w_5f82501 w_f79b3f9 w_4f103de
c9f3d445.jpg,new_whale w_a59221a w_7d4cb72 w_7311fe4 w_403f92f
c9fb996d.jpg,new_whale w_b074cdf w_98baff9 w_ab4cae2 w_14ba846
c9ff9bb5.jpg,new_whale w_d89f317 w_56743d6 w_893e77a w_441bd21
c9ffe2c5.jpg,new_whale w_307065e w_1facad2 w_c9e1cdc w_40323ac
ca01f0d0.jpg,new_whale w_aae82f8 w_fd1cb9d w_c529cf1 w_428d61d
ca0a0b01.jpg,new_whale w_e6ec8ee w_e700deb w_3cbccb7 w_eff7e35
ca0fa603.jpg,new_whale w_c9e1cdc w_73b705e w_fa32440 w_abe383e
ca130a09.jpg,new_whale w_3aa2073 w_97e7648 w_697c72e w_f1396bd
ca1cdf55.jpg,new_whale w_b6c4efa w_c3d523d w_fc7cc24 w_cae7677
ca2328bd.jpg,new_whale w_c3ff6f2 w_df21074 w_367b996 w_91b7c58
ca2a2625.jpg,new_whale w_9b098ea w_993d66c w_361e290 w_aa16da4
ca2c912a.jpg,new_whale w_e0e5c9e w_0f96780 w_b283b00 w_0a97a25
ca2d3b83.jpg,new_whale w_37374fa w_b942708 w_7763134 w_cd22b23
ca2d74e1.jpg,new_whale w_33c3ce1 w_f8e6546 w_b0e05b1 w_59db39b
ca2ff7d1.jpg,new_whale w_b7d5069 w_21e178f w_87050a3 w_d2be6cc
ca31b170.jpg,new_whale w_c6372b8 w_0bc712b w_d20befa w_0654dd9
ca3600b7.jpg,new_whale w_3fc3d07 w_ae92124 w_febafc1 w_7554f44
ca360fc2.jpg,new_whale w_372909c w_5c62a56 w_ddad87e w_62ec01b
ca3ca623.jpg,new_whale w_6503ccd w_21e178f w_8b22583 w_9ea2cc3
ca462b94.jpg,new_whale w_b0e05b1 w_98baff9 w_eb0a6ed w_5e78545
ca47ce7c.jpg,new_whale w_29fc831 w_b08520c w_7419e4b w_d88328d
ca494dd3.jpg,new_whale w_55d6c4f w_2356a6d w_5f215db w_56b9dcd
ca49f33a.jpg,new_whale w_c926fc3 w_b0e05b1 w_3326396 w_62f299e
ca4da389.jpg,new_whale w_df092eb w_0beef28 w_62f299e w_a5ab9d1
ca530692.jpg,new_whale w_8fd5636 w_f4c78e5 w_338b130 w_0c8a724
ca55b77a.jpg,new_whale w_e63fbbe w_7e8b270 w_69e7dab w_6202983
ca5e7616.jpg,new_whale w_a526492 w_f1396bd w_2554558 w_83cd92b
ca60dc62.jpg,new_whale w_62ca7c8 w_e94a3b2 w_23cd105 w_cae7677
ca619f83.jpg,new_whale w_db2baec w_8c1e2e4 w_fc15159 w_0087fdd
ca631208.jpg,new_whale w_449a34e w_3e1ba5b w_8c957e0 w_38e4aae
ca6851af.jpg,new_whale w_d8384bf w_4e52a49 w_6c899ff w_fd1cb9d
ca6a60e4.jpg,new_whale w_36ac97f w_69f4311 w_050bdac w_bb2d34d
ca6bd100.jpg,new_whale w_8a2e496 w_ed8a846 w_98baff9 w_7276f4b
ca6e4b40.jpg,new_whale w_6751cb2 w_2071a4c w_7554f44 w_2b969fe
ca704d54.jpg,new_whale w_fce6ab2 w_98baff9 w_6cb31c8 w_6c05e3b
ca733c83.jpg,new_whale w_b7d5069 w_2071a4c w_43be268 w_7e8b270
ca7394f9.jpg,new_whale w_77166cc w_9927328 w_11adaae w_9ec358c
ca789412.jpg,new_whale w_61e1076 w_fe87f0a w_9875c12 w_d6a6360
ca7f4317.jpg,new_whale w_c0d494d w_73b705e w_cb7b682 w_5b99089
ca801732.jpg,new_whale w_a59905f w_3cf3853 w_fd1cb9d w_d428980
ca832ba3.jpg,new_whale w_1a70685 w_33b9360 w_656afeb w_516bedb
ca84686c.jpg,new_whale w_123a47f w_3b5403b w_9ca943b w_85b0d73
ca8de6d0.jpg,new_whale w_f81c626 w_3cf3853 w_1e3ce01 w_b6886e5
ca8fd904.jpg,new_whale w_2fd21ec w_dfbfe10 w_62c3998 w_06a6351
ca901e34.jpg,new_whale w_ea2385d w_d88328d w_1717a13 w_bd65ef8
ca94db62.jpg,new_whale w_aeaeeb5 w_4bf5a06 w_11f6df1 w_02facde
ca958452.jpg,new_whale w_38158d6 w_62f299e w_9ea2cc3 w_7554f44
ca98bdb2.jpg,new_whale w_c90feaa w_f93d780 w_d141590 w_9f02482
ca9987aa.jpg,new_whale w_d663f4f w_cd1f1ed w_7b035cc w_ac851eb
ca9a50d5.jpg,new_whale w_5010531 w_08f1502 w_3a9ee71 w_70715c1
ca9b78ae.jpg,new_whale w_e6f746e w_9ca943b w_8f3cb68 w_0ae998f
caa4bef0.jpg,new_whale w_67de30b w_98baff9 w_77e1ae3 w_1274a11
caab8b47.jpg,new_whale w_a254eb0 w_41c0098 w_0626e4d w_b14007c
caabfbfa.jpg,new_whale w_12f2352 w_1c69443 w_5c0e858 w_1596a47
caad281b.jpg,new_whale w_9cb529f w_b7d5069 w_d3ef4b2 w_e3f7187
cab03664.jpg,new_whale w_70a31ce w_c6be61e w_fe6f08d w_dfd7ee8
cab08f85.jpg,new_whale w_32a920b w_b6689cc w_38e4aae w_2d99a0c
cab8b089.jpg,new_whale w_1875b28 w_147b62b w_9cb529f w_94e1ed4
cabbcda4.jpg,new_whale w_540fd73 w_3449e4f w_1287fbc w_0652d70
cac04b2e.jpg,new_whale w_a1350a7 w_79f7d21 w_99c07e8 w_cad1a8d
cacef1f0.jpg,new_whale w_656afeb w_67de30b w_987a36f w_0e737d0
cacef5a8.jpg,new_whale w_00cb685 w_f8c3a63 w_98baff9 w_5a5c560
cad33031.jpg,new_whale w_1eafe46 w_900fab7 w_5ad2030 w_fe49bc4
cada85f4.jpg,new_whale w_0a97a25 w_2071a4c w_7285eb3 w_87e8446
cae7cedc.jpg,new_whale w_540fd73 w_361e290 w_43be268 w_bc62c0e
caee59c4.jpg,new_whale w_ab2d17a w_8f1aa27 w_af890ad w_b5c9946
caeed899.jpg,new_whale w_aeaeeb5 w_d2be6cc w_18eee6e w_7bcc2d6
caef80dc.jpg,new_whale w_d889b6a w_ee94c57 w_1eafe46 w_cb7b682
caf1b673.jpg,new_whale w_86113c4 w_cc759cd w_1c2fb13 w_fba3bde
caf53551.jpg,new_whale w_9b098ea w_4e54fac w_4fd48e7 w_f4ac89a
cafcf1e6.jpg,new_whale w_92585eb w_735675e w_993d66c w_a80620a
caff245b.jpg,new_whale w_2b0028d w_3b99025 w_7e8b270 w_851a7f4
cb039008.jpg,new_whale w_813c5be w_c0d494d w_3f907d6 w_3026ce2
cb0613d0.jpg,new_whale w_2f6ad07 w_b4369cc w_62f804d w_9ec358c
cb088584.jpg,new_whale w_1eafe46 w_67de30b w_20ba84b w_3a94311
cb0a1771.jpg,new_whale w_fb2b2c2 w_326e389 w_f64cf8a w_af890ad
cb0ab65f.jpg,new_whale w_14ba846 w_ab4cae2 w_0e737d0 w_7554f44
cb0c562f.jpg,new_whale w_9bf57f8 w_530f87b w_9ba06bb w_1c3cecd
cb10d527.jpg,new_whale w_8f593d4 w_4e52a49 w_8ba2066 w_7f40920
cb14a140.jpg,new_whale w_dd90e0a w_4e68ddc w_e826a6f w_540fd73
cb1bdc34.jpg,new_whale w_6c803bf w_4b83ce2 w_e2bf793 w_e3c119c
cb256d50.jpg,new_whale w_2fd21ec w_1eafe46 w_b4732ef w_2a18a44
cb2aa96f.jpg,new_whale w_9a0c14d w_46a4137 w_fc76ede w_0740d28
cb44bf62.jpg,new_whale w_fc76ede w_573eb8f w_826eb44 w_df21074
cb4748bc.jpg,new_whale w_b9f5b8b w_a1fe45d w_a837660 w_7133c9d
cb4eaa73.jpg,new_whale w_4759be5 w_e685c80 w_8044362 w_693c9ee
cb59124c.jpg,new_whale w_6375873 w_71c7322 w_4195fc3 w_9ea2cc3
cb5d25f5.jpg,new_whale w_df15cc8 w_93e1b76 w_21e178f w_1ecfe96
cb5e13ba.jpg,new_whale w_f115d53 w_8a31e6c w_2392b4c w_5ba417d
cb63fe72.jpg,new_whale w_23d3b1c w_09e0cbf w_338b130 w_19212f0
cb659bc4.jpg,new_whale w_63d1ea6 w_b5ea8a0 w_efd3f81 w_5ba417d
cb65edd5.jpg,new_whale w_837646b w_14964c1 w_7028d77 w_5919cf7
cb675b6a.jpg,new_whale w_b4a223d w_444a844 w_41ed8e8 w_9023f3b
cb67d669.jpg,new_whale w_851a7f4 w_7cca153 w_5ba417d w_c622a3f
cb69dff8.jpg,new_whale w_53f48f6 w_50e8e41 w_fba3bde w_6202983
cb6f7a9c.jpg,new_whale w_2fe43c7 w_e0e5c9e w_f438375 w_33fc58d
cb7c2696.jpg,new_whale w_2a51a27 w_fc7cc24 w_331df94 w_2386a5a
cb84e66b.jpg,new_whale w_cf00b01 w_f031837 w_b6689cc w_2d99a0c
cb8568d6.jpg,new_whale w_29670e2 w_fd587bc w_102ab59 w_d6a6360
cb868b3e.jpg,new_whale w_6547e12 w_ebc5837 w_53951e6 w_0de84f0
cb871f3b.jpg,new_whale w_e4616da w_efd3f81 w_fea7fe6 w_f19faeb
cb87d155.jpg,new_whale w_f19faeb w_bc62c0e w_08f1502 w_0b04c08
cb87dd81.jpg,new_whale w_f0b4252 w_95dd5d2 w_06f0fd3 w_6a7478d
cb88ecc1.jpg,new_whale w_1facad2 w_2f6e76c w_47d2bc6 w_2b930da
cb90195c.jpg,new_whale w_d382236 w_4848a3c w_1287fbc w_67fecca
cb95b615.jpg,new_whale w_73b26b7 w_3fe1eb9 w_89317b0 w_69f4311
cb983d3d.jpg,new_whale w_9a6cbd9 w_cae7677 w_1a229eb w_73d5489
cb9a1ab9.jpg,new_whale w_9ec358c w_3d0bc7a w_89317b0 w_bb2d34d
cb9b785e.jpg,new_whale w_0e4f53c w_0d48a7d w_518129a w_80d95d6
cba32eb1.jpg,new_whale w_1dff010 w_56bbc91 w_0e9f6d9 w_2d99a0c
cba84cfb.jpg,new_whale w_de2ff33 w_46e45e6 w_a01d903 w_94da90b
cbaa8714.jpg,new_whale w_8643ba3 w_7538a4c w_f81c626 w_b0e05b1
cbb690cf.jpg,new_whale w_e430ce0 w_f0f0dbb w_f014da3 w_7e8b270
cbbbbf5c.jpg,new_whale w_53951e6 w_361e290 w_c58b474 w_e45bc18
cbc8d1eb.jpg,new_whale w_abe383e w_8c1e2e4 w_89e159a w_4fd48e7
cbd53990.jpg,new_whale w_fd1cb9d w_facffea w_38e4aae w_badfc4b
cbd5ac86.jpg,new_whale w_12c3d3d w_fb72090 w_b942708 w_afc7d61
cbd7aad0.jpg,new_whale w_7311fe4 w_e0f6444 w_d224115 w_598b8ab
cbda701b.jpg,new_whale w_b05c57f w_6361632 w_2a939eb w_e8778ce
cbddaebd.jpg,new_whale w_53859b2 w_516bedb w_88083bc w_6aa5e66
cbdf0fb2.jpg,new_whale w_32a920b w_fc7cc24 w_e156c87 w_2d99a0c
cbe1078d.jpg,new_whale w_f438375 w_9771603 w_76599c3 w_f64658b
cbe432c4.jpg,new_whale w_f70bf4d w_8c1e2e4 w_b33e728 w_89e159a
cbf040e4.jpg,new_whale w_d915632 w_65c80dd w_b67bfeb w_2811cea
cbf2fc82.jpg,new_whale w_c0d494d w_1dff010 w_17e8554 w_66c1b54
cbf35d13.jpg,new_whale w_3f90907 w_87e00c8 w_1b1c4f1 w_e8a6c4b
cbfbd5da.jpg,new_whale w_701972b w_dd76ce2 w_a1237e3 w_a048f26
cbfd0f3c.jpg,new_whale w_44a6b62 w_1287fbc w_7554f44 w_ad87135
cbfdf87a.jpg,new_whale w_d10472d w_f5771d1 w_6dbb861 w_243e33e
cbfe77fa.jpg,new_whale w_626ef9f w_4e68ddc w_94c6edb w_def505e
cc000b05.jpg,new_whale w_059df09 w_df15cc8 w_1a5e7a2 w_dcb1f2a
cc054b95.jpg,new_whale w_ff39e03 w_52a081c w_41fa033 w_b5dd5bc
cc0716bc.jpg,new_whale w_1f00cb7 w_f104523 w_61fbb66 w_434ad6a
cc0724c2.jpg,new_whale w_414a0d7 w_1addcc2 w_987a36f w_98dcedd
cc09f116.jpg,new_whale w_351a1e1 w_aae82f8 w_813c5be w_cf00b01
cc0db9a5.jpg,new_whale w_76ebad6 w_d47e2e3 w_73d5489 w_f8e6546
cc123392.jpg,new_whale w_95874a5 w_1287fbc w_7e8b270 w_3f90907
cc16a1b9.jpg,new_whale w_db3621e w_cae7677 w_ab6db0f w_f18df18
cc301413.jpg,new_whale w_8c1e2e4 w_18eee6e w_eb44149 w_96b697f
cc325e66.jpg,new_whale w_494dd45 w_b96d4e0 w_735d8a4 w_b8dff40
cc32bedb.jpg,new_whale w_147b62b w_9a94e29 w_e54feba w_a59905f
cc330a66.jpg,new_whale w_8957420 w_ab4cae2 w_480b2d4 w_7fc15e6
cc40080f.jpg,new_whale w_43be268 w_50729c4 w_19ca2c6 w_1e3ce01
cc411a31.jpg,new_whale w_813c5be w_f4e0748 w_3d66298 w_4c9d3df
cc46eb3e.jpg,new_whale w_ab039e2 w_0654dd9 w_cd01afb w_20c671c
cc521a6d.jpg,new_whale w_1eafe46 w_fba3bde w_1e45a47 w_540fd73
cc54dbed.jpg,new_whale w_2f6a962 w_8861715 w_0f96780 w_67de30b
cc5697ce.jpg,new_whale w_b0e05b1 w_8fab53d w_c2c4f43 w_60c5e7e
cc585d8d.jpg,new_whale w_73cbacd w_338b130 w_1632307 w_dd52cfc
cc619664.jpg,new_whale w_85f9040 w_ace8c54 w_6ae1eaf w_f69889f
cc6cadc2.jpg,new_whale w_5f7c402 w_8db45b7 w_414f402 w_bc9dc37
cc6f37df.jpg,new_whale w_651cbb7 w_11d8e5a w_3db53dc w_da7d77c
cc78ceb6.jpg,new_whale w_d9055d1 w_a4f77bd w_4855bd3 w_11f6df1
cc812c2c.jpg,new_whale w_861cc1c w_4a4bb3f w_2dae424 w_7f1f97b
cc813b32.jpg,new_whale w_69f4311 w_cf00b01 w_2bea4c4 w_1aa0526
cc84aedb.jpg,new_whale w_bb2d34d w_4b83ce2 w_a59905f w_e3c119c
cc90bcfa.jpg,new_whale w_7276f4b w_98baff9 w_ab4cae2 w_693c9ee
cc965a49.jpg,new_whale w_65e519b w_2071a4c w_3fc3d07 w_4fb3c95
cc968dd7.jpg,new_whale w_68b47a1 w_db0ad01 w_c9566b4 w_b9f5b8b
cc9812aa.jpg,new_whale w_c2c4f43 w_ddf14ae w_f8e6546 w_5f9508d
cc990e82.jpg,new_whale w_9f1fafb w_e64c9a6 w_dcb1f2a w_ddad87e
cc9928ce.jpg,new_whale w_78a4639 w_aed8c22 w_c390258 w_fd6f24f
cc9b14fd.jpg,new_whale w_21e178f w_93e1b76 w_73e5530 w_4f51037
cc9eee84.jpg,new_whale w_3aa2073 w_679f2eb w_cc3a724 w_1da7080
cca5c937.jpg,new_whale w_3e6a161 w_a58f64d w_406331a w_b2f1afa
ccadcfa5.jpg,new_whale w_1d53d9c w_7554f44 w_91b7c58 w_eb0a6ed
ccb0651a.jpg,new_whale w_21e178f w_ab1c859 w_8cf18ac w_57c8da9
ccb2e3be.jpg,new_whale w_0e4f53c w_f0f0dbb w_b7a832a w_7918071
ccba52da.jpg,new_whale w_c708dc7 w_2486665 w_18eee6e w_d663f4f
ccbebe58.jpg,new_whale w_a54e7c1 w_9875c12 w_9ca943b w_b7d5069
ccc3d639.jpg,new_whale w_32a920b w_e74980b w_2963114 w_a22f338
ccc47d13.jpg,new_whale w_b2cded6 w_abe383e w_4fd48e7 w_e02fe7b
ccc70742.jpg,new_whale w_0cd401c w_03f060f w_844f032 w_642bd9e
ccd47b22.jpg,new_whale w_6ae1eaf w_b4ad62f w_015e3cf w_d9055d1
ccd623e7.jpg,new_whale w_a59905f w_6c803bf w_9ea2cc3 w_f81c626
ccd7f009.jpg,new_whale w_1eafe46 w_b9f5b8b w_21e178f w_5e57e8b
cce058f0.jpg,new_whale w_fba3bde w_11adaae w_e54feba w_f0612be
cce114b0.jpg,new_whale w_8459e39 w_490b224 w_a422d00 w_7600863
cce59ad6.jpg,new_whale w_1e3ce01 w_38e4aae w_4b47559 w_b34793e
cce6baa6.jpg,new_whale w_6202983 w_89e451c w_c58b474 w_9ea2cc3
cceb8e6e.jpg,new_whale w_1eafe46 w_09dd18c w_19ca2c6 w_fe49bc4
ccf08e37.jpg,new_whale w_987a36f w_9d5f5cc w_38e4aae w_f86488a
cd0d6756.jpg,new_whale w_f5771d1 w_8044362 w_dbda0d6 w_5e57e8b
cd0d6a44.jpg,new_whale w_aa64cc1 w_037955e w_fae3939 w_3136deb
cd121133.jpg,new_whale w_e8c4623 w_338b130 w_1f6e1db w_ee948c6
cd177611.jpg,new_whale w_4cff2f8 w_d9adb4f w_987a36f w_7554f44
cd1a050d.jpg,new_whale w_4855bd3 w_b8dff40 w_bb2d34d w_05b2ddd
cd25340c.jpg,new_whale w_0408054 w_9c70a11 w_5b672ea w_95874a5
cd27687a.jpg,new_whale w_71764b4 w_0e737d0 w_a837660 w_fd07344
cd2aad98.jpg,new_whale w_a91b997 w_18eee6e w_96b697f w_eb44149
cd2cf52b.jpg,new_whale w_95874a5 w_59eb8ae w_516bedb w_b6886e5
cd316c62.jpg,new_whale w_6547e12 w_4e52a49 w_43be268 w_f0bb383
cd31d0ac.jpg,new_whale w_4ebeafb w_9ea2cc3 w_648a9a8 w_6c803bf
cd33de3e.jpg,new_whale w_38efc2d w_9122179 w_4e52a49 w_bbf20b4
cd36e285.jpg,new_whale w_9948a99 w_3c4062e w_143b201 w_6547e12
cd3ed013.jpg,new_whale w_837646b w_059e347 w_72f25c9 w_2707bcd
cd3f80b7.jpg,new_whale w_2850471 w_3af4e73 w_008c602 w_8c1e2e4
cd4544c4.jpg,new_whale w_2f283f3 w_b6c4efa w_434ad6a w_8fab53d
cd474bfc.jpg,new_whale w_4fd48e7 w_8148b95 w_a1237e3 w_6b45921
cd48ad90.jpg,new_whale w_dbda0d6 w_fd1cb9d w_78f2e92 w_b7d5069
cd4bec30.jpg,new_whale w_f104523 w_1287fbc w_6b03eb4 w_7e8fb79
cd4e1b89.jpg,new_whale w_98baff9 w_2658649 w_accd48e w_9146eae
cd4e2325.jpg,new_whale w_d663f4f w_0d48a7d w_569c2c7 w_e826a6f
cd4ff833.jpg,new_whale w_0d39a68 w_69f4311 w_73b26b7 w_ae07541
cd501191.jpg,new_whale w_5ae47d9 w_e449d3a w_1da7080 w_b9e0ae0
cd522504.jpg,new_whale w_2c3f440 w_b066aa6 w_c2474a2 w_f478955
cd5805c5.jpg,new_whale w_6b82ccc w_b8bfaf1 w_45e8ea5 w_5f50b5e
cd5bdbf1.jpg,new_whale w_4ebeafb w_d4fa6f3 w_2d99a0c w_987a36f
cd616ff6.jpg,new_whale w_d6fdb03 w_3d8c865 w_5f8b9b9 w_735675e
cd629154.jpg,new_whale w_900fab7 w_31d3999 w_47f29cd w_d19a884
cd62ae55.jpg,new_whale w_fd1cb9d w_aae82f8 w_43be268 w_1d05772
cd63898b.jpg,new_whale w_0740d28 w_78f2e92 w_18a854b w_4f6fabd
cd662e8b.jpg,new_whale w_91572bb w_42af75d w_2071a4c w_49308df
cd72a780.jpg,new_whale w_fc7cc24 w_ace34dc w_dcb1f2a w_8c66a16
cd72c9c4.jpg,new_whale w_d3c8520 w_ef6e6a9 w_1dd8e68 w_c4f3619
cd78b113.jpg,new_whale w_88e679c w_3572e7e w_ba8c7bc w_693c9ee
cd7fe159.jpg,new_whale w_d8e752e w_3e25a26 w_2c68b75 w_f19faeb
cd853027.jpg,new_whale w_0988bbb w_b7ea0df w_2be1c9c w_87050a3
cd8f4599.jpg,new_whale w_d1d8f98 w_db2baec w_5f7c402 w_8db45b7
cd905f11.jpg,new_whale w_6c899ff w_ee9c4d7 w_3d66298 w_0156f27
cd91febe.jpg,new_whale w_3db53dc w_acff672 w_c708776 w_18eee6e
cd935bfd.jpg,new_whale w_53859b2 w_5bc7e7f w_002222a w_88083bc
cd935c28.jpg,new_whale w_494dd45 w_1d05772 w_acff672 w_f81c626
cd967951.jpg,new_whale w_eab49b7 w_76ebad6 w_e147c40 w_f4d89bb
cd9a8211.jpg,new_whale w_14970b4 w_c103b25 w_3d2724b w_5612fed
cd9aabe8.jpg,new_whale w_037955e w_d37b55b w_ebff750 w_98baff9
cd9bb246.jpg,new_whale w_686408a w_e41fd4f w_12cdfbd w_813c5be
cd9cf148.jpg,new_whale w_4659acf w_721d2e9 w_50eb157 w_6d90f45
cd9f4689.jpg,new_whale w_b089088 w_8936f42 w_c241e72 w_3674103
cda4652b.jpg,new_whale w_9c5ed68 w_dfafffd w_6232813 w_c3ff6f2
cda68cab.jpg,new_whale w_2d99a0c w_b6886e5 w_c4f3619 w_bb2d34d
cda99e18.jpg,new_whale w_e548eb7 w_56743d6 w_0d48a7d w_1ae1386
cda9d5f1.jpg,new_whale w_9c61d57 w_50cd600 w_2282bb8 w_0e737d0
cdba9e97.jpg,new_whale w_5f8b9b9 w_ac851eb w_b074cdf w_7e8305f
cdbb8ebd.jpg,new_whale w_33fc58d w_de73d45 w_80245ee w_1489751
cdbcc4b2.jpg,new_whale w_d4ab7ad w_fe054f3 w_9434f0c w_df21074
cdc151ee.jpg,new_whale w_540fd73 w_0e737d0 w_b6d09e6 w_43be268
cdcbdb1c.jpg,new_whale w_73d5489 w_5cb5fc3 w_a526492 w_ed32db9
cdd819f4.jpg,new_whale w_7554f44 w_def505e w_d663f4f w_286ec5f
cdda6b5a.jpg,new_whale w_9e1e278 w_de3cab3 w_2d99a0c w_2901dbf
cde23f50.jpg,new_whale w_4b16688 w_0bc712b w_39043c9 w_99ad599
cde6135a.jpg,new_whale w_49bbc79 w_fc15159 w_1a70685 w_44cccf6
cdec6149.jpg,new_whale w_4fd48e7 w_ec95acb w_823fcbb w_f44277f
cded188d.jpg,new_whale w_540fd73 w_c6be61e w_43be268 w_b942708
cdee60cf.jpg,new_whale w_ab2d17a w_867c9e1 w_0bc712b w_8e25bfa
cdf0ef44.jpg,new_whale w_40323ac w_3d0bc7a w_dc7c5a0 w_fba3bde
cdf1f3b6.jpg,new_whale w_15eae33 w_b074cdf w_329e594 w_d4a27fb
cdf41933.jpg,new_whale w_307065e w_e082823 w_bb2d34d w_900f9eb
cdf51dda.jpg,new_whale w_db2baec w_3039e7a w_901363f w_b588283
cdf7cd73.jpg,new_whale w_159f36b w_3b99025 w_80171b9 w_09f825c
cdfc645b.jpg,new_whale w_e59a1f0 w_38e4aae w_34c4927 w_89e159a
cdfca0ca.jpg,new_whale w_9caed77 w_afd55ad w_7554f44 w_83df8d5
ce0506ae.jpg,new_whale w_6c803bf w_a59905f w_dcf1fd1 w_9875c12
ce08b86d.jpg,new_whale w_9146eae w_1717a13 w_fea7fe6 w_2663598
ce0bc572.jpg,new_whale w_f7bf28d w_62f804d w_67fecca w_67de30b
ce136567.jpg,new_whale w_a402e24 w_dbda0d6 w_964c1b3 w_eb0a6ed
ce17d774.jpg,new_whale w_030294d w_8e16693 w_7b035cc w_a67a1bc
ce19422e.jpg,new_whale w_8e23e4c w_7028d77 w_23526cb w_c068ed3
ce209e73.jpg,new_whale w_9122179 w_8867074 w_6af9dd7 w_17e8554
ce2257bc.jpg,new_whale w_5ae47d9 w_e449d3a w_1da7080 w_b9e0ae0
ce2414b0.jpg,new_whale w_da2efe0 w_bd65ef8 w_1287fbc w_e603cc5
ce2c28d8.jpg,new_whale w_df21074 w_2e27b77 w_aa64cc1 w_e09e886
ce32ad73.jpg,new_whale w_2863d51 w_8867074 w_43be268 w_8d46cef
ce3396e9.jpg,new_whale w_c58b474 w_2071a4c w_540fd73 w_e02fe7b
ce342a2f.jpg,new_whale w_0d8fb3f w_8507226 w_56ddb00 w_b0a5c8d
ce37ec31.jpg,new_whale w_6ddff9b w_53dbf9d w_2071a4c w_5b99089
ce3bafb3.jpg,new_whale w_9496577 w_5cb5fc3 w_73b705e w_ae07541
ce49cdf0.jpg,new_whale w_41901e5 w_c0323f5 w_8c605d2 w_b074cdf
ce4ad6ea.jpg,new_whale w_f369a80 w_3eaef21 w_1ec267f w_f1396bd
ce4b73b3.jpg,new_whale w_050d056 w_19ca2c6 w_993d66c w_02d5fad
ce4bdd76.jpg,new_whale w_fdc8bf6 w_338b130 w_770eb84 w_c7f1975
ce52203b.jpg,new_whale w_fdc8bf6 w_0e737d0 w_b2d937a w_d141590
ce531f11.jpg,new_whale w_693c9ee w_7c44934 w_f81e77a w_62f804d
ce560884.jpg,new_whale w_0a97a25 w_11f6df1 w_4855bd3 w_026fdf8
ce5ac18a.jpg,new_whale w_64433af w_e1f55ad w_feab6f3 w_2b0028d
ce5b376b.jpg,new_whale w_c0d494d w_71764b4 w_932c8cd w_bb2d34d
ce5e1776.jpg,new_whale w_2039053 w_e6d0696 w_64f3545 w_3d66298
ce65614b.jpg,new_whale w_b0e05b1 w_eb0a6ed w_54fc5b3 w_3f91e04
ce768c25.jpg,new_whale w_7a892ea w_dfbfe10 w_69185bb w_5ffa454
ce79ac9d.jpg,new_whale w_dbc392b w_4fd48e7 w_25871da w_24a2923
ce7f0f40.jpg,new_whale w_fbcb6e4 w_1969a9d w_675e8e9 w_0a565c5
ce84b19e.jpg,new_whale w_b6ae946 w_f803b29 w_987a36f w_eb47189
ce920072.jpg,new_whale w_693c9ee w_c0d494d w_7586198 w_654a5bb
ce92d1f8.jpg,new_whale w_ee948c6 w_1489751 w_c07f119 w_3f91e04
ce9b0cda.jpg,new_whale w_49bbc79 w_7bda16b w_2a939eb w_89e159a
cea3155d.jpg,new_whale w_daeb296 w_7ed0d17 w_238bbbf w_7c7a78c
cea71d14.jpg,new_whale w_7554f44 w_dbda0d6 w_9605bf1 w_b6410bc
cea7c2f3.jpg,new_whale w_f0af1f8 w_964ce09 w_82c9c67 w_2dc2ef2
ceaa37ba.jpg,new_whale w_9d83b4d w_c11fce0 w_25a38b8 w_b5144b0
ceb127eb.jpg,new_whale w_2ac83b0 w_efd3f81 w_c58b474 w_4e52a49
ceb1e59d.jpg,new_whale w_ddbf533 w_4b7b80b w_8968506 w_0a97a25
cec42f8c.jpg,new_whale w_429e9ad w_4e52a49 w_9a967cb w_43be268
cec552c8.jpg,new_whale w_97e9f7f w_fce6ab2 w_2e4fecc w_3ce788a
cec72768.jpg,new_whale w_c30959a w_d9055d1 w_43be268 w_9ca943b
cec7f7a0.jpg,new_whale w_28fa29e w_ec02248 w_94e1ed4 w_030294d
ced030db.jpg,new_whale w_08d1ccd w_5f6fb4e w_91b7c58 w_86cc90f
ced03913.jpg,new_whale w_60c5e7e w_a1350a7 w_85755f7 w_5d96ba4
ced7921c.jpg,new_whale w_90ec71a w_bcf23a8 w_c9e1cdc w_6c803bf
cedc6713.jpg,new_whale w_fd1cb9d w_4e03f66 w_0faef4d w_4ebeafb
cee074f5.jpg,new_whale w_3af4e73 w_a0ae961 w_4855bd3 w_d1bbde9
cee666d0.jpg,new_whale w_d0157fd w_fd587bc w_5fc5ea5 w_80d95d6
cee824cf.jpg,new_whale w_dbda0d6 w_b066aa6 w_86ff8a6 w_2071a4c
cefcef2d.jpg,new_whale w_eff7e35 w_d6a6360 w_e41f2fa w_41ed8e8
cefdd18d.jpg,new_whale w_4cba6b2 w_2dd15d3 w_4457d27 w_96b8436
cf050799.jpg,new_whale w_7cca153 w_376a413 w_ab2d17a w_f3db3f1
cf077493.jpg,new_whale w_9875c12 w_981a39b w_ec87420 w_2c3f440
cf08963b.jpg,new_whale w_67de30b w_20eb13c w_43be268 w_309a2b3
cf09606c.jpg,new_whale w_c068ed3 w_f256b56 w_648a9a8 w_23526cb
cf0a3123.jpg,new_whale w_4855bd3 w_bb2d34d w_a59905f w_1dff010
cf0f9e55.jpg,new_whale w_2216a46 w_d382236 w_99c07e8 w_afef556
cf18eb6b.jpg,new_whale w_5dc1c2d w_1ec267f w_cae7677 w_6e120c4
cf1ba9e3.jpg,new_whale w_b9f5b8b w_2f07b15 w_31d3999 w_3d187b5
cf1cbbc3.jpg,new_whale w_b6886e5 w_5d6786e w_6c803bf w_d2be6cc
cf1d4f2e.jpg,new_whale w_6460698 w_40a8760 w_0729511 w_2f54c3c
cf20d93d.jpg,new_whale w_9496577 w_b0e05b1 w_0e7cb1c w_fd1cb9d
cf25894b.jpg,new_whale w_503ff17 w_7311fe4 w_4c8e7ae w_2d99a0c
cf2a74d8.jpg,new_whale w_8141223 w_170bacc w_1948625 w_dc7c5a0
cf2aa502.jpg,new_whale w_c529cf1 w_3ac13d2 w_e7a238b w_2f6a962
cf2d09a4.jpg,new_whale w_5ba417d w_eb39613 w_f0d8be1 w_3b99025
cf2d2f49.jpg,new_whale w_0466071 w_a524549 w_9923d21 w_1ec267f
cf2fcccd.jpg,new_whale w_3b0894d w_6e8486d w_c0d494d w_18eee6e
cf31aa9b.jpg,new_whale w_bb2d34d w_8c1e2e4 w_b6689cc w_abe383e
cf341a44.jpg,new_whale w_1e3ce01 w_c0cfd5b w_4b7b80b w_b96d4e0
cf34a692.jpg,new_whale w_bf8c3d2 w_a59905f w_12f2352 w_987a36f
cf3fe8ed.jpg,new_whale w_53baa9b w_8f593d4 w_6710cf8 w_c133ea8
cf463460.jpg,new_whale w_96fd936 w_2e27b77 w_98f0e93 w_fe49bc4
cf529c55.jpg,new_whale w_ee17a08 w_96fd936 w_d4119a7 w_7b035cc
cf53de28.jpg,new_whale w_7759db0 w_778ee6e w_4378542 w_552a16e
cf54f051.jpg,new_whale w_3e1bdd0 w_156c0db w_fe054f3 w_4791b4c
cf5b1136.jpg,new_whale w_fcfcf68 w_6c23fcc w_6c99c53 w_95aad92
cf5cd6d3.jpg,new_whale w_5d0a13f w_c11fce0 w_98baff9 w_528e753
cf5f4d8c.jpg,new_whale w_2392b4c w_143b201 w_8a31e6c w_813c5be
cf5f90d2.jpg,new_whale w_b1d054c w_b1a4f29 w_87050a3 w_4e68ddc
cf66720a.jpg,new_whale w_42c631a w_edf5f77 w_12d9132 w_f81c626
cf68bfd6.jpg,new_whale w_c5d7c03 w_c9e1cdc w_fe6f08d w_bcf23a8
cf6c34ad.jpg,new_whale w_19e8a2d w_bb2d34d w_73d5489 w_dcb1f2a
cf848ac9.jpg,new_whale w_b081817 w_27cf4e2 w_7b770ec w_bc76fde
cf874a53.jpg,new_whale w_c01e25d w_a524549 w_b1a4f29 w_bf70a3f
cf8a4363.jpg,new_whale w_cae7677 w_ba8c7bc w_1a229eb w_f0f0dbb
cf8b22fc.jpg,new_whale w_9605bf1 w_3fc3d07 w_5be8e63 w_7c7a78c
cf966ef5.jpg,new_whale w_cd88a48 w_dbda0d6 w_0e737d0 w_ee17a08
cf98e481.jpg,new_whale w_2f6a962 w_06ff732 w_0f96780 w_3694c7d
cf9f6ccf.jpg,new_whale w_8c1ec28 w_21e178f w_ab4cae2 w_1eafe46
cfa3fd9d.jpg,new_whale w_d88328d w_fd1cb9d w_c27d036 w_a14ccaa
cfac97b5.jpg,new_whale w_fbcb6e4 w_81df82e w_dbc4dcc w_0e25cf2
cfb5a337.jpg,new_whale w_5e99ca7 w_9e22ded w_ab4cae2 w_8a2e496
cfb5de85.jpg,new_whale w_2f283f3 w_d2be6cc w_87050a3 w_3061bdd
cfbb1298.jpg,new_whale w_6c8601e w_1dc66b7 w_acff672 w_ccca0db
cfbcf385.jpg,new_whale w_5010531 w_ca0ec7c w_f8e6546 w_1431f4b
cfbd1cdb.jpg,new_whale w_cf82352 w_7a53e0c w_2d29ddd w_67de30b
cfbe141e.jpg,new_whale w_73b705e w_c0d494d w_abe383e w_2a04ceb
cfbe82ed.jpg,new_whale w_7419e4b w_721d2e9 w_b08520c w_f4d89bb
cfca5ca6.jpg,new_whale w_1e68ef5 w_d224115 w_3e1a037 w_3d187b5
cfd6e3a1.jpg,new_whale w_569c2c7 w_79b12d8 w_0e737d0 w_d89b29e
cfd778e3.jpg,new_whale w_ed8a846 w_8a438a4 w_ab4cae2 w_5470134
cfd9b723.jpg,new_whale w_2957331 w_cb6a206 w_4e1f7bd w_b39c722
cfe38bab.jpg,new_whale w_1a5beb9 w_cd70e8b w_17cb04d w_651cbb7
cfe6a10e.jpg,new_whale w_f183341 w_4bf5a06 w_0e737d0 w_63fc906
cfe8e834.jpg,new_whale w_2fd21ec w_c9e1cdc w_5d335c3 w_95874a5
cfea85b9.jpg,new_whale w_0c42dba w_98baff9 w_b0e05b1 w_90a743c
cfeab383.jpg,new_whale w_fe6c1f3 w_4fdaa2a w_cae7677 w_4e52a49
cff259e5.jpg,new_whale w_bbad9a2 w_1d53d9c w_7554f44 w_48bcad8
cff43979.jpg,new_whale w_0729511 w_9ceb05d w_77e1d3f w_4855bd3
cff5ac47.jpg,new_whale w_fbcb6e4 w_1b224c1 w_9151503 w_479e3e5
cff74bcc.jpg,new_whale w_861cc1c w_1310342 w_92f705d w_e2e56e9
cff871dc.jpg,new_whale w_dff77b6 w_e9cacbf w_c34afd7 w_38e4aae
d002a759.jpg,new_whale w_2e4fecc w_c57623d w_3e25a26 w_941581c
d00cf68a.jpg,new_whale w_5ba417d w_62799b5 w_f93d780 w_1a9f141
d00de8a2.jpg,new_whale w_c9dc73e w_7257028 w_7e8b270 w_5fbef36
d0131afb.jpg,new_whale w_f256b56 w_c068ed3 w_fce6ab2 w_56ddb00
d01e1f7d.jpg,new_whale w_515838e w_1b6d171 w_6556c5c w_e4971dc
d03023a8.jpg,new_whale w_ccfdb00 w_b71d930 w_62ca7c8 w_3add848
d037284c.jpg,new_whale w_82ec5f0 w_f19faeb w_8044362 w_65428d9
d03cb19b.jpg,new_whale w_f792125 w_d19a884 w_f83b1f9 w_0e4f53c
d03fbdbb.jpg,new_whale w_c11932e w_3698eaf w_7e8b270 w_1272a31
d041b6fc.jpg,new_whale w_0e737d0 w_fba3bde w_e3b2cfa w_4b7b80b
d0440188.jpg,new_whale w_6c803bf w_aa3d7b8 w_67de30b w_96b697f
d0443183.jpg,new_whale w_da6d50b w_98baff9 w_1609b19 w_8044362
d048a4e2.jpg,new_whale w_7554f44 w_6202983 w_ab4cae2 w_98baff9
d04c18c7.jpg,new_whale w_fc7cc24 w_fd1cb9d w_e156c87 w_8d46cef
d055d77b.jpg,new_whale w_1948625 w_aed1e43 w_62ca7c8 w_fb72090
d055f675.jpg,new_whale w_dd52cfc w_64783fe w_0899118 w_f8e6546
d0587356.jpg,new_whale w_b47a4a1 w_fd07344 w_e69cef0 w_656afeb
d0592246.jpg,new_whale w_dbda0d6 w_40323ac w_6547e12 w_fe054f3
d0596e4f.jpg,new_whale w_b4732ef w_238bbbf w_18eee6e w_6d05f7f
d05d867f.jpg,new_whale w_89e159a w_813c5be w_62f804d w_9e1e278
d05f439b.jpg,new_whale w_89e159a w_fc15159 w_fd1cb9d w_b6689cc
d061a6a0.jpg,new_whale w_25d7f93 w_ee17a08 w_0f16be3 w_4659acf
d067cc8d.jpg,new_whale w_6f2c662 w_1743d93 w_18eee6e w_fba3bde
d074bf4d.jpg,new_whale w_d148982 w_bdbec6c w_76d2cce w_601b6d4
d0771c12.jpg,new_whale w_12cdfbd w_b29214f w_07616fd w_62c3998
d07da5cc.jpg,new_whale w_522ba14 w_3e4bb3f w_2c75202 w_03a2ed7
d08414b2.jpg,new_whale w_d6a6360 w_bc93e4a w_de20ab0 w_76d2cce
d08a1ee0.jpg,new_whale w_0e4f53c w_f115d53 w_f178867 w_56f2b1e
d08c5c3f.jpg,new_whale w_f8e6546 w_db2baec w_3061bdd w_3fffc61
d09346a5.jpg,new_whale w_046634b w_f438375 w_b6886e5 w_ab4cae2
d094c3b7.jpg,new_whale w_a6a7dbf w_3d187b5 w_7778174 w_c3684ba
d09f4381.jpg,new_whale w_8b56cb1 w_f2e9055 w_18eee6e w_d663f4f
d0a1f1fe.jpg,new_whale w_7b442c4 w_0fa8587 w_8044362 w_279b255
d0a44805.jpg,new_whale w_993dbe8 w_b074cdf w_a59221a w_9875c12
d0a971cc.jpg,new_whale w_347b648 w_adc6e1b w_d96a0cd w_d3ce445
d0aa9317.jpg,new_whale w_5436d75 w_402784d w_ab4cae2 w_e6ec8ee
d0ac21a9.jpg,new_whale w_98d4838 w_fc7cc24 w_f5b8faf w_44cccf6
d0ae139b.jpg,new_whale w_49bbc79 w_4c9d3df w_559ce61 w_89e159a
d0b651cb.jpg,new_whale w_37223f9 w_8936f42 w_6d4dedc w_e84ca75
d0bb8290.jpg,new_whale w_7c7a78c w_1d05772 w_d1d8f98 w_8db45b7
d0c0a031.jpg,new_whale w_d9fdd15 w_3039e7a w_f4e0748 w_4fdaa2a
d0c1060a.jpg,new_whale w_e54feba w_18eee6e w_7879ee1 w_a22f338
d0c1bea7.jpg,new_whale w_7386509 w_f21f2ec w_33e7def w_efe57c7
d0c34bcd.jpg,new_whale w_693c9ee w_f9bd832 w_98baff9 w_86113c4
d0c35685.jpg,new_whale w_1a5e7a2 w_95874a5 w_a335e80 w_17ee910
d0c4a21c.jpg,new_whale w_41901e5 w_0d48a7d w_44a6b62 w_c71bf0e
d0c5219f.jpg,new_whale w_3331656 w_759b647 w_fa32440 w_1287fbc
d0c8026a.jpg,new_whale w_73cbacd w_503ff17 w_71bfc77 w_7c7a78c
d0c813c9.jpg,new_whale w_db474c7 w_c90feaa w_b033b36 w_1dff010
d0c9c8d3.jpg,new_whale w_fd1cb9d w_fe87f0a w_eaad6a8 w_f4e0748
d0d00acd.jpg,new_whale w_cd88a48 w_8c1ec28 w_dbda0d6 w_0de84f0
d0d1693e.jpg,new_whale w_721d2e9 w_5c23454 w_7419e4b w_5f50b5e
d0d53abf.jpg,new_whale w_552a16e w_a59905f w_1e3ce01 w_38158d6
d0d5448b.jpg,new_whale w_4c9d3df w_3fe1eb9 w_0b0d88d w_3166a4d
d0d59d84.jpg,new_whale w_ae1db8a w_dcb1f2a w_2d99a0c w_e964ae8
d0d757ac.jpg,new_whale w_48dd419 w_7554f44 w_c352046 w_3f5e7fc
d0d8b37a.jpg,new_whale w_62c3998 w_1a5e7a2 w_338d945 w_dcb1f2a
d0da3c12.jpg,new_whale w_b6ae946 w_4b7b80b w_60c5e7e w_ba53619
d0e30f09.jpg,new_whale w_5010531 w_3674103 w_b9e00eb w_cae7677
d0eb746b.jpg,new_whale w_b1a4f29 w_7eb2c7c w_6992521 w_8c30867
d0ed2c07.jpg,new_whale w_ca5f17f w_d3c8520 w_b688397 w_73d5489
d0ee5026.jpg,new_whale w_8238d51 w_67de30b w_ad32646 w_4659acf
d0f07fdc.jpg,new_whale w_b074cdf w_9c61d57 w_7554f44 w_403f92f
d0f3d444.jpg,new_whale w_ec354a5 w_8db45b7 w_40323ac w_480b2d4
d0f3d5bc.jpg,new_whale w_2fdaa7f w_f8e6546 w_4b95330 w_b0e05b1
d0f6ccfb.jpg,new_whale w_1d53d9c w_35063ed w_f746a73 w_3bc8a47
d0fd157d.jpg,new_whale w_2901dbf w_01f9086 w_2a18a44 w_ace8c54
d1037bf0.jpg,new_whale w_8464638 w_b9e00eb w_ac851eb w_540fd73
d10e4ab4.jpg,new_whale w_8c3db0a w_73d5489 w_2b939eb w_a1350a7
d11cdaff.jpg,new_whale w_2f81b85 w_18eee6e w_4a1e58b w_71c7322
d1207ae8.jpg,new_whale w_b074cdf w_c57623d w_50db782 w_d1b13bb
d121140e.jpg,new_whale w_46a4137 w_f4c78e5 w_f8e6546 w_ab1c859
d12533c4.jpg,new_whale w_6ce20f3 w_53549df w_11b993a w_059ac60
d1258c8a.jpg,new_whale w_c9111ac w_1911cbb w_6c803bf w_aa15df6
d1293237.jpg,new_whale w_fea7fe6 w_6fcceaf w_6d17527 w_125095f
d12b2e59.jpg,new_whale w_8ba2066 w_3af4e73 w_c00534d w_31fb9f0
d12ee88c.jpg,new_whale w_8459e39 w_2085f2e w_eb7c39f w_2ac83b0
d130cc71.jpg,new_whale w_7ed0d17 w_217e78a w_cb7b682 w_ee17a08
d13a7599.jpg,new_whale w_e61dd6d w_d2be6cc w_8d83172 w_6c803bf
d13b8dbf.jpg,new_whale w_693c9ee w_98baff9 w_a254eb0 w_515838e
d13d0378.jpg,new_whale w_e74980b w_4855bd3 w_b890652 w_817f022
d13de039.jpg,new_whale w_9caed77 w_eb0a6ed w_5f50b5e w_bd61ca9
d143c2c5.jpg,new_whale w_57c8da9 w_efebfe8 w_08f1502 w_8209e5c
d14565ba.jpg,new_whale w_1274a11 w_60eba40 w_9e4a26f w_37374fa
d14ccee1.jpg,new_whale w_8bc3f0a w_daa4876 w_2fdf63b w_024358d
d14f844f.jpg,new_whale w_d663f4f w_7554f44 w_8abcb09 w_4b7b80b
d14f9b46.jpg,new_whale w_d148982 w_33c3ce1 w_48dd419 w_7459706
d153b5a0.jpg,new_whale w_ed3bd5b w_2071a4c w_3197568 w_227ed79
d1585241.jpg,new_whale w_38e4aae w_4a78bf2 w_b6689cc w_bb2d34d
d158855f.jpg,new_whale w_7394d75 w_0771d4b w_fd698a3 w_0c3295a
d15a91c2.jpg,new_whale w_db0ad01 w_cece268 w_6719a5b w_2356a6d
d15eaccb.jpg,new_whale w_b0e05b1 w_d2f7b3c w_73e1d5b w_94bc64e
d1603069.jpg,new_whale w_4072313 w_64433af w_133ecf4 w_410142f
d16576db.jpg,new_whale w_30660bc w_a8ec52f w_5e57e8b w_e0f6444
d165fade.jpg,new_whale w_414f402 w_0087fdd w_5f7c402 w_449a34e
d1769ff3.jpg,new_whale w_2386a5a w_34c4927 w_2d99a0c w_d9fdd15
d185776b.jpg,new_whale w_44cb3ee w_1eafe46 w_70e49bc w_97768ee
d1863c13.jpg,new_whale w_3de676c w_38e4aae w_49bbc79 w_b729b1f
d18a01bc.jpg,new_whale w_bbd9409 w_9b67e87 w_d89b29e w_540fd73
d18e8e3e.jpg,new_whale w_a20c1e5 w_a2b3d53 w_e84ca75 w_a74742c
d190d916.jpg,new_whale w_899f659 w_3580734 w_5919cf7 w_3c0bbac
d1966a33.jpg,new_whale w_4855bd3 w_ad6edbe w_87050a3 w_b283b00
d1988e21.jpg,new_whale w_cd88a48 w_20eb13c w_2f81b85 w_64f3545
d199d693.jpg,new_whale w_dd52cfc w_38efc2d w_dbbe0d4 w_2d99a0c
d1a27b01.jpg,new_whale w_b4732ef w_92d55a6 w_2d99a0c w_238bbbf
d1a4a0a7.jpg,new_whale w_e6d0696 w_fd1cb9d w_f6b952e w_3d66298
d1abb0d6.jpg,new_whale w_7fc15e6 w_367b996 w_0dee306 w_77607b5
d1ae94dc.jpg,new_whale w_7dee51b w_d52bc74 w_3136deb w_3674103
d1af36db.jpg,new_whale w_a22afc6 w_0a565c5 w_63d5016 w_80bae3a
d1b207ea.jpg,new_whale w_33fc58d w_2fe43c7 w_71c7322 w_fea7fe6
d1b947f0.jpg,new_whale w_3f904cf w_73d5489 w_b1d6681 w_0e7cb1c
d1bbde8c.jpg,new_whale w_96fd936 w_3d66298 w_2901dbf w_fd1cb9d
d1c2753b.jpg,new_whale w_b8ea509 w_49a3b14 w_dbf4e7f w_d2ab9c4
d1c43711.jpg,new_whale w_ab4cae2 w_5f84b1a w_b9f5b8b w_98baff9
d1cb2bc7.jpg,new_whale w_0ea2545 w_0d60fdd w_2d963bb w_8fd5636
d1d73564.jpg,new_whale w_a254eb0 w_98baff9 w_ab4cae2 w_6202983
d1dc3919.jpg,new_whale w_f6fb689 w_42addf7 w_dcb1f2a w_de2ff33
d1e23c7c.jpg,new_whale w_68b47a1 w_5dddfbe w_142402e w_1f2a32a
d1eae2a1.jpg,new_whale w_aeca19c w_977d881 w_70b4610 w_392bee3
d1ef605e.jpg,new_whale w_6611a71 w_bc93297 w_076daec w_35c8057
d1ff9279.jpg,new_whale w_98baff9 w_e02fe7b w_d9adb4f w_a2a1378
d203994b.jpg,new_whale w_0e9f6d9 w_dff2982 w_59eb8ae w_d382236
d207e5f7.jpg,new_whale w_53859b2 w_5bc7e7f w_e7f8e67 w_0bc1db0
d208c8aa.jpg,new_whale w_2730966 w_67de30b w_4b04829 w_01a51a6
d20b3ede.jpg,new_whale w_59eb8ae w_3cf3853 w_d382236 w_7538a4c
d20d4ee0.jpg,new_whale w_2dbb0fe w_64433af w_9c5ed68 w_3e1bdd0
d20fd809.jpg,new_whale w_ace8c54 w_5cc2285 w_35063ed w_7e8b270
d211508a.jpg,new_whale w_35ffe80 w_ab2d17a w_86a7464 w_0bc712b
d213fff0.jpg,new_whale w_813c5be w_0fce9a3 w_abe383e w_f4e0748
d21b4c21.jpg,new_whale w_44cccf6 w_3d0bc7a w_ad6edbe w_aed1e43
d22be6cf.jpg,new_whale w_7aaa569 w_f546b0a w_9989964 w_09d48d1
d22c3228.jpg,new_whale w_540fd73 w_b9e00eb w_31fb9f0 w_5010531
d22dada0.jpg,new_whale w_c622a3f w_cb7b682 w_fa32440 w_217e78a
d22fda7f.jpg,new_whale w_68a3df0 w_1c22d7e w_d708c5a w_c0d494d
d232d25a.jpg,new_whale w_0408054 w_5c07f42 w_9b401eb w_422420c
d2346ce7.jpg,new_whale w_73cbacd w_bb2d34d w_5e04db0 w_367b996
d23ee7cd.jpg,new_whale w_b0e05b1 w_7852bd1 w_f8e6546 w_4b95330
d2421a1e.jpg,new_whale w_bb37d93 w_6c803bf w_18eee6e w_b6886e5
d245a567.jpg,new_whale w_c0d494d w_0b04c08 w_7285eb3 w_5b99089
d24dc75b.jpg,new_whale w_ab4cae2 w_1ac4c38 w_0f96780 w_ab9fa59
d250ee2a.jpg,new_whale w_b688397 w_302af0a w_4b95330 w_a5f7fce
d2541f84.jpg,new_whale w_b074cdf w_f03ca16 w_c5f9e78 w_54cd8e0
d25801ef.jpg,new_whale w_0b04c08 w_7554f44 w_243e33e w_4fb3c95
d25d0bec.jpg,new_whale w_6c803bf w_18eee6e w_1ae1386 w_06972d2
d25e053e.jpg,new_whale w_7ba4b5a w_2a939eb w_dbd28fa w_9ca943b
d262d8e1.jpg,new_whale w_fd1cb9d w_559ce61 w_aae82f8 w_89e159a
d2639d02.jpg,new_whale w_a779e16 w_c0d494d w_eac205a w_be4d5b8
d264a697.jpg,new_whale w_398aa7f w_62f299e w_4e7fc3e w_67de30b
d2673571.jpg,new_whale w_c27d036 w_51969d2 w_acff672 w_1dc66b7
d2771a03.jpg,new_whale w_cd1f1ed w_8d83172 w_48a98d7 w_7c7a78c
d2790ee7.jpg,new_whale w_0d39a68 w_3de676c w_cf00b01 w_28ce17c
d289d340.jpg,new_whale w_0e81e60 w_66c1b54 w_243e33e w_6c803bf
d28eed0c.jpg,new_whale w_279b255 w_cdda58e w_3a94311 w_477ccf5
d28fbb3b.jpg,new_whale w_813c5be w_f70bf4d w_3026ce2 w_64f3545
d2975ce1.jpg,new_whale w_c11932e w_7f199c6 w_af890ad w_d89b29e
d297a4ef.jpg,new_whale w_a533837 w_217e78a w_993d66c w_0c6dbbe
d29d831d.jpg,new_whale w_1a70685 w_5c0e858 w_6865ccb w_38e4aae
d2a1d878.jpg,new_whale w_3e75bf3 w_e0efc4f w_38efce7 w_97eaa0e
d2acb0bc.jpg,new_whale w_9dab60c w_c27d036 w_4a1e58b w_1dc66b7
d2b325e5.jpg,new_whale w_2b969fe w_7554f44 w_7c7a78c w_88b5d47
d2b8a000.jpg,new_whale w_4759be5 w_8044362 w_98baff9 w_ba17206
d2b960e7.jpg,new_whale w_6202983 w_861cc1c w_8397970 w_eb0a6ed
d2c0fcda.jpg,new_whale w_cda4b05 w_ae07541 w_abc2eda w_0771d4b
d2c419e9.jpg,new_whale w_6f2de72 w_89e451c w_656afeb w_9ea2cc3
d2c56379.jpg,new_whale w_3fc3d07 w_8507226 w_90f74ae w_b70a0c4
d2c7170f.jpg,new_whale w_0853262 w_98baff9 w_25a38b8 w_2c1634b
d2c971f5.jpg,new_whale w_5fda054 w_2e4fecc w_7e8b270 w_86431c7
d2ca299b.jpg,new_whale w_61cf42e w_1d05772 w_40cc259 w_d1d8f98
d2d0abe5.jpg,new_whale w_20eb13c w_fba3bde w_4ebeafb w_67de30b
d2d22d0c.jpg,new_whale w_33b9360 w_2d99a0c w_1a70685 w_6c803bf
d2d2455a.jpg,new_whale w_31446aa w_23526cb w_0c45f5e w_6d17527
d2dde68e.jpg,new_whale w_fba3bde w_9ec358c w_d1ffed1 w_92f705d
d2e1c35d.jpg,new_whale w_e73c666 w_82ed7a7 w_f0af1f8 w_0e4f53c
d2ed0d55.jpg,new_whale w_cc5fae7 w_656ef35 w_3cbccb7 w_cd65880
d2f50925.jpg,new_whale w_02c9470 w_5d96ba4 w_b2f1afa w_b081817
d305a922.jpg,new_whale w_ff7630a w_778ee6e w_d47a33f w_12f2352
d30c608d.jpg,new_whale w_9562910 w_0fc4835 w_bc76fde w_7a2dfd7
d30d4e50.jpg,new_whale w_02cf46c w_4ebeafb w_18eee6e w_21e178f
d311cb35.jpg,new_whale w_8d9c6fc w_62c3998 w_9741f42 w_b75f378
d31585b5.jpg,new_whale w_26edeb8 w_f790728 w_8d46cef w_fd1cb9d
d31950d2.jpg,new_whale w_d430a78 w_8c605d2 w_acee288 w_02facde
d31988b2.jpg,new_whale w_797e546 w_1da7080 w_d141590 w_5ae47d9
d31b2427.jpg,new_whale w_3136deb w_2658649 w_70715c1 w_76106aa
d31c1682.jpg,new_whale w_fbcb6e4 w_cd88a48 w_b318111 w_17136dc
d3225aa0.jpg,new_whale w_7311fe4 w_243e33e w_741861e w_9948a99
d328ed24.jpg,new_whale w_b71eab2 w_10a366f w_6c803bf w_7f867ec
d332b8e6.jpg,new_whale w_98baff9 w_654a5bb w_469e847 w_c0d494d
d333cd4b.jpg,new_whale w_88f693b w_2b0028d w_98baff9 w_aa64cc1
d3381187.jpg,new_whale w_bdd0576 w_af890ad w_acc33ca w_e10dff3
d33b2ebd.jpg,new_whale w_084d01c w_e214820 w_4659acf w_67de30b
d348b335.jpg,new_whale w_3ca387d w_e6b3dd4 w_21e178f w_7c7a78c
d3499618.jpg,new_whale w_33032d1 w_c3684ba w_886257d w_29eb3b2
d34f8cfe.jpg,new_whale w_488cdd8 w_009dc00 w_ca5f17f w_9205d40
d3505240.jpg,new_whale w_3e1ba5b w_abe383e w_38e4aae w_8c957e0
d3520181.jpg,new_whale w_71c7322 w_d382236 w_f438375 w_2fe43c7
d35d6d1c.jpg,new_whale w_dd8299b w_73d5489 w_7e8b270 w_7459706
d35e342a.jpg,new_whale w_540fd73 w_e0818df w_fba3bde w_66c1b54
d365c136.jpg,new_whale w_3de676c w_6af9dd7 w_b33e728 w_44cccf6
d36c51a6.jpg,new_whale w_d3ef4b2 w_7c7a78c w_613723e w_fd1cb9d
d37430fd.jpg,new_whale w_b38374a w_e0f6444 w_77ee0be w_06a6351
d3800d53.jpg,new_whale w_b55242e w_073f071 w_c4c8491 w_1f10750
d382e6ee.jpg,new_whale w_b9e00eb w_d49402a w_ed8a846 w_b4d182b
d386888c.jpg,new_whale w_d2f7b3c w_fd1cb9d w_2fe43c7 w_987a36f
d3876ffe.jpg,new_whale w_43be268 w_9577f88 w_932c8cd w_693c9ee
d3884270.jpg,new_whale w_badfc4b w_38e4aae w_3e1ba5b w_c61ed17
d38b60af.jpg,new_whale w_de20ab0 w_73d5489 w_1ec267f w_b9417ee
d38bd0e7.jpg,new_whale w_5e0e662 w_17ee910 w_48a98d7 w_741861e
d38ed9ef.jpg,new_whale w_e700deb w_b71eab2 w_d0b3293 w_900fab7
d3984191.jpg,new_whale w_b0e05b1 w_9151503 w_7028d77 w_73d5489
d39bc062.jpg,new_whale w_4f248f3 w_15d7ecf w_3572e7e w_fea7fe6
d3b1e2ec.jpg,new_whale w_dbc392b w_b1c44fe w_2c1dafa w_fe4c603
d3b23cff.jpg,new_whale w_bc62c0e w_2c0af5e w_c2474a2 w_0b04c08
d3be9227.jpg,new_whale w_1287fbc w_12cdfbd w_f022f78 w_b067417
d3c4f5bb.jpg,new_whale w_62f299e w_b6c4efa w_3326396 w_1febbf3
d3c5b113.jpg,new_whale w_e59294d w_47d2bc6 w_293b5e4 w_97f5054
d3c80b06.jpg,new_whale w_b074cdf w_4b7b80b w_693c9ee w_98baff9
d3cda094.jpg,new_whale w_b6689cc w_38e4aae w_89e159a w_2d99a0c
d3cf7753.jpg,new_whale w_89e159a w_9771603 w_813c5be w_2a939eb
d3d15ebc.jpg,new_whale w_2b3fe8e w_817f022 w_7cfaa82 w_7b035cc
d3d1da7a.jpg,new_whale w_75bac95 w_898bb9a w_73c9ba2 w_f314558
d3dc96b9.jpg,new_whale w_19dc50f w_1652da1 w_0b3f313 w_3f90907
d3e01b61.jpg,new_whale w_8c1dab2 w_b31d830 w_eb47189 w_63035d1
d3e174e6.jpg,new_whale w_8d83172 w_6c803bf w_a59905f w_816d344
d3e61914.jpg,new_whale w_4b87cba w_ae07541 w_33973bf w_dfbfe10
d3f3befc.jpg,new_whale w_d96c946 w_096bc48 w_b88a8d8 w_8a66718
d3fd282f.jpg,new_whale w_3320e76 w_80171b9 w_88e5933 w_e449d3a
d405465c.jpg,new_whale w_b0e05b1 w_f8e6546 w_1a229eb w_1e1a051
d406e002.jpg,new_whale w_38158d6 w_41ed8e8 w_e86cf21 w_900fab7
d40ac623.jpg,new_whale w_2282bb8 w_dad56c9 w_0e737d0 w_b96d4e0
d40cd6be.jpg,new_whale w_b7d5069 w_40323ac w_3674103 w_c708dc7
d41f6cdb.jpg,new_whale w_a7d4668 w_c263d43 w_788b689 w_c00534d
d421da7e.jpg,new_whale w_010a1fa w_17377c9 w_a524549 w_1deadd7
d4276124.jpg,new_whale w_eb44149 w_d9fdd15 w_89d9c03 w_90ec71a
d428068e.jpg,new_whale w_309a2b3 w_32a920b w_38e4aae w_4a78bf2
d4288df7.jpg,new_whale w_cdda58e w_7f867ec w_e02fe7b w_fce6ab2
d4299275.jpg,new_whale w_ca40961 w_559ce61 w_efe57c7 w_4f6fabd
d43eac34.jpg,new_whale w_1235317 w_8459e39 w_0a565c5 w_eb9ab29
d443cb99.jpg,new_whale w_98baff9 w_9ea2cc3 w_9875c12 w_d428980
d444086f.jpg,new_whale w_29fc831 w_91361f0 w_9cb529f w_4e52a49
d4467e68.jpg,new_whale w_9a0c14d w_cef690d w_d4ab7ad w_1f6e1db
d448c47d.jpg,new_whale w_084d01c w_97666c8 w_867c363 w_aa15df6
d44dc8cb.jpg,new_whale w_bf69a19 w_3c0bbac w_1a229eb w_cc504e7
d44e9336.jpg,new_whale w_6c803bf w_c9e1cdc w_3d0bc7a w_2d99a0c
d455e5ac.jpg,new_whale w_73b705e w_c0d494d w_97f5054 w_6202983
d457f81a.jpg,new_whale w_4ebeafb w_60eba40 w_de3cab3 w_fb8ca1e
d45b4f32.jpg,new_whale w_b074cdf w_b0e05b1 w_1d53d9c w_98baff9
d4660728.jpg,new_whale w_c0560ac w_12cdfbd w_4e52a49 w_9d0e84a
d469caec.jpg,new_whale w_fc7cc24 w_43be268 w_3a7d86d w_7419e4b
d4709d30.jpg,new_whale w_408c5a7 w_d9aab0a w_ab6bb0a w_7f999ff
d471c57e.jpg,new_whale w_2fd21ec w_c9e1cdc w_95874a5 w_8e451d9
d47891b3.jpg,new_whale w_6dc7db6 w_f6c23d5 w_3de676c w_f185562
d478e034.jpg,new_whale w_9b00e07 w_900fab7 w_7049d9f w_17e8554
d4879242.jpg,new_whale w_48dd419 w_e3bb130 w_6132293 w_fe87f0a
d488141d.jpg,new_whale w_e54feba w_17136dc w_2d2d7fe w_43be268
d4890c11.jpg,new_whale w_8459e39 w_f03ca16 w_b9e00eb w_70715c1
d491794b.jpg,new_whale w_b0e05b1 w_cae7677 w_f0f0dbb w_a526492
d4920338.jpg,new_whale w_c11932e w_eab49b7 w_5297ab3 w_f774c8b
d492693c.jpg,new_whale w_9caed77 w_851a7f4 w_63d1ea6 w_f19faeb
d4941a17.jpg,new_whale w_c027e4e w_c751211 w_0ebd514 w_5444df0
d494b4ec.jpg,new_whale w_6a7478d w_71f6bc5 w_cc22f68 w_e24a84d
d49f3807.jpg,new_whale w_fba3bde w_1287fbc w_5d86f98 w_2d2d7fe
d4a4c731.jpg,new_whale w_eb47189 w_3f90907 w_affdf5d w_ab6bb0a
d4a6d837.jpg,new_whale w_02d5fad w_cb7b682 w_b942708 w_b6d4901
d4a7c830.jpg,new_whale w_02e5407 w_7257028 w_1f6e1db w_45e8ea5
d4a84616.jpg,new_whale w_73b705e w_2a04ceb w_17ee910 w_abe383e
d4a861b1.jpg,new_whale w_9db9ef5 w_4e52a49 w_f4e0748 w_1b1c4f1
d4b1acdf.jpg,new_whale w_98baff9 w_eb0a6ed w_9ea2cc3 w_2fdf63b
d4bb64b9.jpg,new_whale w_8d88c82 w_39d2684 w_8044362 w_648a9a8
d4bb6cef.jpg,new_whale w_4f6fabd w_ee9c4d7 w_98d4838 w_f3bd33a
d4bbf6d8.jpg,new_whale w_f18af3b w_e54feba w_79185c2 w_1eafe46
d4be92d6.jpg,new_whale w_d635930 w_70715c1 w_7763134 w_269b090
d4cbf59c.jpg,new_whale w_d635930 w_86ff8a6 w_b066aa6 w_ff7630a
d4cc2295.jpg,new_whale w_243e33e w_7311fe4 w_741861e w_b7d5069
d4cfb57a.jpg,new_whale w_a1b985a w_80d95d6 w_ef52dd3 w_2b0fc31
d4d9cd26.jpg,new_whale w_4f37147 w_898eb3b w_e2d0aaa w_84398be
d4ddd304.jpg,new_whale w_076c122 w_28fa29e w_2d99a0c w_6132293
d4e271b6.jpg,new_whale w_ee17a08 w_9875c12 w_de3cab3 w_12cdfbd
d4e36e5b.jpg,new_whale w_a254eb0 w_14ba846 w_fe95ab8 w_3674103
d4e3750d.jpg,new_whale w_31d3999 w_55647bd w_ca5abbb w_bccfcc1
d4e71bc4.jpg,new_whale w_5f7c402 w_1c69443 w_0087fdd w_8c1e2e4
d4e93588.jpg,new_whale w_3a7d86d w_fc7cc24 w_2482b4a w_d6815ff
d4ede83f.jpg,new_whale w_059ac60 w_5f8b9b9 w_b074cdf w_83accca
d4f41bb7.jpg,new_whale w_c9111ac w_86b9dfd w_18eee6e w_b34793e
d4f76e7d.jpg,new_whale w_4f248f3 w_fea7fe6 w_e0f6444 w_5014d6c
d4f7be8b.jpg,new_whale w_e700deb w_c4c8491 w_5ea3410 w_d663f4f
d500cdc1.jpg,new_whale w_19e5482 w_7885601 w_898bb9a w_ad1d93b
d5025d72.jpg,new_whale w_8e25bfa w_3c4062e w_54fc5b3 w_fd698a3
d5065586.jpg,new_whale w_c027e4e w_ca27f31 w_a5ab9d1 w_43be268
d50abed7.jpg,new_whale w_89317b0 w_ae07541 w_4114553 w_662a132
d50bf77c.jpg,new_whale w_fd07344 w_b6886e5 w_fdc8bf6 w_8ba2066
d512d60a.jpg,new_whale w_61e1076 w_dcb4be9 w_ee23a5f w_7c7a78c
d51f7593.jpg,new_whale w_41ed8e8 w_ace5d0c w_20eb13c w_0a97a25
d5282a5c.jpg,new_whale w_5a6d315 w_dcb1f2a w_bcb0696 w_38e4aae
d52d472c.jpg,new_whale w_8b56cb1 w_d2be6cc w_286ec5f w_62ca7c8
d52d4760.jpg,new_whale w_3ae3603 w_36eb0b1 w_c0bb183 w_477ccf5
d52f0e5e.jpg,new_whale w_badfc4b w_3d66298 w_4e7fc3e w_92c7ace
d52fde76.jpg,new_whale w_a25d46c w_b9e00eb w_d9f1ea6 w_4c4c001
d5319e7b.jpg,new_whale w_a837660 w_b9f5b8b w_7311fe4 w_b678944
d531a5a3.jpg,new_whale w_556df30 w_3b0894d w_c3aaa3a w_98413c8
d53afcc9.jpg,new_whale w_06972d2 w_d1bbde9 w_b6886e5 w_e3b2cfa
d53de219.jpg,new_whale w_6ae1eaf w_a69bb2b w_0175a35 w_2739d94
d53e855c.jpg,new_whale w_552a16e w_c55c9cd w_d36f58c w_243e33e
d53fda5e.jpg,new_whale w_60eba40 w_34a0eab w_8c605d2 w_37374fa
d548ab74.jpg,new_whale w_773509f w_2a939eb w_43be268 w_dbd28fa
d5575add.jpg,new_whale w_050d056 w_19ca2c6 w_993d66c w_02d5fad
d558f9d2.jpg,new_whale w_dfbfe10 w_3cc4e90 w_3461d6d w_a524549
d5591b46.jpg,new_whale w_b4eeae6 w_0103030 w_31d3999 w_d642d4e
d55aa9e0.jpg,new_whale w_d382236 w_8d5ede1 w_a687e28 w_cb32cb8
d560c0b8.jpg,new_whale w_056be75 w_9e1e818 w_19c29aa w_3197568
d563520c.jpg,new_whale w_d3c8520 w_493c000 w_588d5d7 w_9b6b87d
d56368b2.jpg,new_whale w_778ee6e w_1ac4c38 w_71c7322 w_9771603
d5678e81.jpg,new_whale w_8bc853a w_a38fee3 w_38e4aae w_01b2250
d56a68bb.jpg,new_whale w_1eff98a w_a524549 w_8f1aa27 w_0771d4b
d56d47b4.jpg,new_whale w_8534390 w_a59905f w_2863d51 w_9a94e29
d5713f8d.jpg,new_whale w_296749b w_71c7322 w_67de30b w_900fab7
d57328f3.jpg,new_whale w_f3bd33a w_414f402 w_f208155 w_38e4aae
d574bdc3.jpg,new_whale w_98d4838 w_3166a4d w_4f6fabd w_63131a3
d57b483b.jpg,new_whale w_9a5cd8e w_b0e05b1 w_1c32062 w_cae7677
d57c4895.jpg,new_whale w_82bb763 w_f4224b9 w_8d4654f w_cae7677
d5833a89.jpg,new_whale w_cae7677 w_7e8b270 w_e3c119c w_434ad6a
d58ebb10.jpg,new_whale w_c3d523d w_aa16da4 w_1eafe46 w_429e9ad
d590329f.jpg,new_whale w_1287fbc w_06a6351 w_13c6b6b w_41ed8e8
d5991789.jpg,new_whale w_dcb1f2a w_d2be6cc w_17ee910 w_95874a5
d59967d9.jpg,new_whale w_b95307d w_b942708 w_da63cba w_1a5e7a2
d59f1e3f.jpg,new_whale w_41ec10a w_c2474a2 w_656afeb w_f6fb689
d5a5bd3c.jpg,new_whale w_6c803bf w_33b9360 w_1743d93 w_d2be6cc
d5ab8c4c.jpg,new_whale w_da63cba w_3197568 w_da2efe0 w_fe49bc4
d5b028e1.jpg,new_whale w_e69cef0 w_22bb9b3 w_3197568 w_389c788
d5b7045b.jpg,new_whale w_3f5e7fc w_3d187b5 w_e3c119c w_243e33e
d5b81cd7.jpg,new_whale w_78a6f56 w_7257028 w_76b6f7c w_4be373e
d5bc373b.jpg,new_whale w_5ba417d w_9dc4181 w_a0149f9 w_a2e2f8e
d5c62412.jpg,new_whale w_76390b4 w_a526492 w_288e40b w_20c671c
d5cae284.jpg,new_whale w_c57623d w_024358d w_fe36b07 w_4bf5a06
d5cd1cf6.jpg,new_whale w_d94db94 w_dd52cfc w_1c2fb13 w_3d0bc7a
d5cdbba3.jpg,new_whale w_64f3545 w_6af9dd7 w_d88328d w_29fc831
d5ce8aca.jpg,new_whale w_084d01c w_1c69443 w_37c23fa w_0600ecf
d5d7da9a.jpg,new_whale w_d3c8520 w_964ce09 w_a43fcbb w_0ead9d7
d5e28a50.jpg,new_whale w_711aaa1 w_18eee6e w_17e8554 w_a2b3d53
d5e4007d.jpg,new_whale w_c11932e w_73d5489 w_ce29d2a w_3d12652
d5ec8128.jpg,new_whale w_1287fbc w_43b50e5 w_fba3bde w_c3d523d
d5ed917f.jpg,new_whale w_faa4239 w_e082823 w_0e737d0 w_8464638
d5edc9f4.jpg,new_whale w_7852bd1 w_f86488a w_98dcedd w_2d99a0c
d5f2bc6a.jpg,new_whale w_992c775 w_f86488a w_ee9c4d7 w_2f6a962
d5f8846e.jpg,new_whale w_e3b236d w_9122179 w_d25a717 w_b478c13
d60189c1.jpg,new_whale w_dbda0d6 w_5a2075e w_540fd73 w_861cc1c
d6067d58.jpg,new_whale w_ccc8e31 w_9df0865 w_9ec358c w_423e872
d60c9e62.jpg,new_whale w_681dba6 w_8044362 w_2e27b77 w_367b996
d60fdb4b.jpg,new_whale w_3dd210a w_8f1aa27 w_010a1fa w_19e8a2d
d618c37c.jpg,new_whale w_43be268 w_569c2c7 w_8867074 w_62f804d
d618e314.jpg,new_whale w_fea7fe6 w_056be75 w_480b2d4 w_6202983
d61e5f63.jpg,new_whale w_542f8ca w_303518a w_9a2d56b w_302c025
d624177a.jpg,new_whale w_abe383e w_1ed4dde w_b1acbb9 w_3d66298
d6242b8d.jpg,new_whale w_dd52cfc w_e449d3a w_b2f1afa w_c80d300
d626c3a3.jpg,new_whale w_74de378 w_8c1ec28 w_4b7b80b w_9577f88
d62808aa.jpg,new_whale w_fe49bc4 w_d9adb4f w_c00534d w_fdc8bf6
d62958ac.jpg,new_whale w_e61dd6d w_49bbc79 w_44cccf6 w_0d39a68
d62c1d47.jpg,new_whale w_8b1cd49 w_c9e1cdc w_aca9607 w_6c803bf
d6353f08.jpg,new_whale w_b6886e5 w_c133ea8 w_bb2d34d w_77e1d3f
d6360436.jpg,new_whale w_aed1e43 w_4a81594 w_aa9b995 w_d0e5d1d
d6376bb7.jpg,new_whale w_026fdf8 w_d47a33f w_cd88a48 w_4659acf
d63e01a4.jpg,new_whale w_8bc853a w_286ec5f w_e3b236d w_3bc8a47
d6410526.jpg,new_whale w_d663f4f w_434ad6a w_4e68ddc w_7554f44
d641082e.jpg,new_whale w_5ba417d w_0a565c5 w_3fcb80e w_015c991
d642d6a3.jpg,new_whale w_b074cdf w_7f0700f w_6202983 w_480b2d4
d64afc51.jpg,new_whale w_97e7648 w_1da7080 w_3aa2073 w_73d5489
d64b7034.jpg,new_whale w_1dff010 w_37dd956 w_ef2f0f0 w_18eee6e
d6514de9.jpg,new_whale w_1f2a32a w_11b993a w_2dae424 w_41a79d7
d6518f14.jpg,new_whale w_aeca19c w_7311fe4 w_d142b00 w_fe6617a
d652720c.jpg,new_whale w_d7de1ee w_6202983 w_c0cfd5b w_4b7b80b
d6575239.jpg,new_whale w_40323ac w_b4732ef w_1eafe46 w_6202983
d659dfd4.jpg,new_whale w_cd02407 w_c34afd7 w_1dc6d62 w_8d46cef
d65aa415.jpg,new_whale w_71c7322 w_d9055d1 w_6e742e5 w_3d66298
d65b91be.jpg,new_whale w_2d29ddd w_32602d9 w_34801a4 w_8861715
d6663006.jpg,new_whale w_eac205a w_0a97a25 w_b7d5069 w_7ba4b5a
d673c06e.jpg,new_whale w_c9e1cdc w_d7760f0 w_516bedb w_11adaae
d675a20c.jpg,new_whale w_a21cc97 w_4f248f3 w_4fb3c95 w_b9e00eb
d6789a1b.jpg,new_whale w_c11932e w_87050a3 w_010a1fa w_d148982
d67ac710.jpg,new_whale w_4e52a49 w_d02787f w_0a97a25 w_dcb1f2a
d67afdb2.jpg,new_whale w_acff672 w_7214e98 w_f81c626 w_a8e5d39
d680128b.jpg,new_whale w_9ceb05d w_1eafe46 w_98baff9 w_d19a884
d6810576.jpg,new_whale w_1eafe46 w_3b5403b w_9ca943b w_fe49bc4
d681479f.jpg,new_whale w_22bcbd6 w_7c7a78c w_861cc1c w_43be268
d686370f.jpg,new_whale w_9b67e87 w_d89b29e w_c9e1cdc w_63db6f9
d688f172.jpg,new_whale w_95f9670 w_17370ba w_ed69e9c w_d09e61a
d6894e74.jpg,new_whale w_93f1362 w_032d44d w_c35b3ae w_cd01afb
d68cbf9d.jpg,new_whale w_5817e08 w_a3c6ed0 w_9cb2dba w_1272a31
d68e7852.jpg,new_whale w_5a6bf1f w_db2baec w_6b4af70 w_8c1ec28
d697a910.jpg,new_whale w_0bc712b w_dd52cfc w_c0323f5 w_0e32aa2
d697e675.jpg,new_whale w_b4732ef w_11adaae w_7db10cc w_1f09cdd
d69ae68b.jpg,new_whale w_0e4f53c w_7918071 w_5297ab3 w_518129a
d69b6308.jpg,new_whale w_9875c12 w_9ea2cc3 w_89e159a w_fc15159
d69ed890.jpg,new_whale w_9ca943b w_bbf20b4 w_6c899ff w_6af9dd7
d6a1e954.jpg,new_whale w_0e32aa2 w_14964c1 w_e41f2fa w_3ee3d16
d6a319db.jpg,new_whale w_13c6b6b w_b678944 w_bf3449f w_70b9e55
d6a8377f.jpg,new_whale w_17ee910 w_932c8cd w_61e1076 w_3fe1eb9
d6aca4a6.jpg,new_whale w_fd1cb9d w_43be268 w_147b62b w_8d46cef
d6ae5f4e.jpg,new_whale w_c39c56e w_7b0fb1d w_bf14813 w_1306632
d6bbc2c9.jpg,new_whale w_56f2b1e w_d8e681c w_b1d6681 w_f178867
d6be9171.jpg,new_whale w_ff7630a w_4e68ddc w_7554f44 w_b066aa6
d6bed141.jpg,new_whale w_25d7f93 w_a4f77bd w_67de30b w_fe49bc4
d6c5601b.jpg,new_whale w_b6689cc w_38e4aae w_82bab38 w_4e52a49
d6d1132f.jpg,new_whale w_2f283f3 w_dbda0d6 w_0da589d w_b7d5069
d6d6617b.jpg,new_whale w_4b7b80b w_62ca7c8 w_fb72090 w_31b020c
d6d87704.jpg,new_whale w_7b035cc w_429e9ad w_4e52a49 w_d88328d
d6da6c7c.jpg,new_whale w_a21cc97 w_d663f4f w_9875c12 w_e02fe7b
d6e589dc.jpg,new_whale w_e156c87 w_2850471 w_4285435 w_a22f338
d6e6367d.jpg,new_whale w_59eb8ae w_b6886e5 w_95874a5 w_0e9f6d9
d6e95719.jpg,new_whale w_57c14db w_b14007c w_57e8a80 w_a2a1378
d6ea337b.jpg,new_whale w_cd70e8b w_1d05772 w_1596a47 w_11adaae
d6eee867.jpg,new_whale w_f1a4389 w_a526492 w_a18d0dc w_960b6f0
d6f1adc8.jpg,new_whale w_d663f4f w_434ad6a w_4b7b80b w_aa16da4
d7108439.jpg,new_whale w_026fdf8 w_d47a33f w_cd88a48 w_4659acf
d71a1124.jpg,new_whale w_2071a4c w_b738048 w_3197568 w_53dbf9d
d72a3e13.jpg,new_whale w_ee948c6 w_0e7cb1c w_5010531 w_73d5489
d732142a.jpg,new_whale w_5f9508d w_89e159a w_6132293 w_8201aa8
d7417c14.jpg,new_whale w_e8c4623 w_f8e6546 w_338b130 w_c5f9e78
d7457a36.jpg,new_whale w_98baff9 w_2952678 w_7586198 w_dd90e0a
d74aa0e5.jpg,new_whale w_f70f725 w_4e52a49 w_dfbfe10 w_6af9dd7
d74f82dc.jpg,new_whale w_03c84ef w_ef99fe9 w_82bb763 w_ed07d84
d7531cbd.jpg,new_whale w_9ca943b w_ee17a08 w_3fa2cb1 w_b478c13
d758e8fe.jpg,new_whale w_c57623d w_dbda0d6 w_024358d w_fe49bc4
d75b681a.jpg,new_whale w_1b1c4f1 w_3f90907 w_87e00c8 w_8bde95b
d76db9aa.jpg,new_whale w_a965f14 w_b074f5e w_ca8bfb4 w_8717ef3
d773d2b1.jpg,new_whale w_d3857a6 w_4ebeafb w_e6f746e w_43be268
d77f2bae.jpg,new_whale w_5f7c402 w_864cc78 w_414f402 w_eb8429c
d7912574.jpg,new_whale w_48dd419 w_c0d494d w_cb7b682 w_5b99089
d7946a0f.jpg,new_whale w_4a069df w_f19faeb w_7554f44 w_243e33e
d7975578.jpg,new_whale w_5ea3410 w_8397970 w_97bc172 w_24ac53d
d79ffcb9.jpg,new_whale w_3f90907 w_afef556 w_38e4aae w_2d99a0c
d7a5724e.jpg,new_whale w_8f1aa27 w_e4971dc w_a4d41b4 w_af9a47a
d7a98fb3.jpg,new_whale w_851a7f4 w_eb39613 w_b074f5e w_7e8b270
d7abb3a4.jpg,new_whale w_3b0894d w_1a5e7a2 w_d2ab9c4 w_864be50
d7aecccb.jpg,new_whale w_c5f9e78 w_44a6b62 w_f37508c w_6232813
d7b0dcb7.jpg,new_whale w_fe49bc4 w_8c1dab2 w_613f90d w_67de30b
d7b72fc3.jpg,new_whale w_0a97a25 w_dfd7ee8 w_7c943ab w_d663f4f
d7b7a1ba.jpg,new_whale w_a3cd405 w_8ba2066 w_637f363 w_2c0af5e
d7bfe96d.jpg,new_whale w_2dbb0fe w_676ddb0 w_6badfcf w_966e86e
d7c1613b.jpg,new_whale w_8867074 w_43be268 w_ba8c7bc w_e62a48d
d7c48b9d.jpg,new_whale w_08f1502 w_4133134 w_dbda0d6 w_361e290
d7d3afad.jpg,new_whale w_3b5403b w_43be268 w_ee17a08 w_853c1f7
d7d3e8a4.jpg,new_whale w_2730966 w_e41fd4f w_b0e05b1 w_73d5489
d7d8514a.jpg,new_whale w_ae07541 w_eb47189 w_0beef28 w_29fc831
d7d9cfda.jpg,new_whale w_0b3b659 w_fab0a22 w_29670e2 w_367b996
d7de3d69.jpg,new_whale w_057c418 w_a2633d4 w_abc2eda w_3de676c
d7e142a3.jpg,new_whale w_0e737d0 w_bbf20b4 w_a06bdc4 w_ab4cae2
d7e2ee9a.jpg,new_whale w_41c0098 w_750dc93 w_1e45a47 w_76048fe
d7e686fd.jpg,new_whale w_95874a5 w_11138db w_18eee6e w_c9e1cdc
d7ed434f.jpg,new_whale w_cd1f1ed w_7f40920 w_1facad2 w_6e8486d
d7f16798.jpg,new_whale w_8861715 w_20eb13c w_43be268 w_fd1cb9d
d7f30d78.jpg,new_whale w_99ad599 w_4624237 w_ad0d6ec w_07e92ee
d7f5fe9d.jpg,new_whale w_8cf18ac w_d96a0cd w_4fd48e7 w_afef556
d7f64363.jpg,new_whale w_2f6a962 w_67de30b w_62f804d w_0f96780
d7f77ae3.jpg,new_whale w_35453e0 w_a2660fd w_49bbc79 w_62c3998
d7f9321a.jpg,new_whale w_e3bb130 w_34c4927 w_ae07541 w_1e3ce01
d7fc990e.jpg,new_whale w_c5d7c03 w_17ee910 w_fa32440 w_98baff9
d801d9a9.jpg,new_whale w_cf25b86 w_e61dd6d w_540fd73 w_1eafe46
d802106f.jpg,new_whale w_ae0ab55 w_540fd73 w_cf3c233 w_3172910
d804bf76.jpg,new_whale w_94e071d w_19e8a2d w_f774c8b w_73d5489
d80b1004.jpg,new_whale w_1431f4b w_5010531 w_243e33e w_d2e1f2a
d80b9307.jpg,new_whale w_3d0bc7a w_0013924 w_fcee41d w_9ec358c
d81cd8c5.jpg,new_whale w_dc4c2ba w_a26a029 w_1609b19 w_d94db94
d8249316.jpg,new_whale w_abc2eda w_057c418 w_dfbfe10 w_f803b29
d8252b80.jpg,new_whale w_1eafe46 w_4d98ef7 w_9ea2cc3 w_67c1b6f
d82b89c9.jpg,new_whale w_41c0098 w_44a6b62 w_7caa4fe w_a58f64d
d83605e3.jpg,new_whale w_b95307d w_07abdff w_33fc58d w_dfec7a3
d83a40e3.jpg,new_whale w_403f92f w_b074cdf w_d0157fd w_dace6e9
d840a41d.jpg,new_whale w_0e737d0 w_0408054 w_b066aa6 w_7554f44
d84fc06b.jpg,new_whale w_c17a537 w_989fbbb w_66c1b54 w_7875b79
d85b2b48.jpg,new_whale w_42c631a w_4cedbf8 w_e6f5e09 w_b7a832a
d85b3143.jpg,new_whale w_7c9fd46 w_87e8446 w_41901e5 w_97da401
d85ec000.jpg,new_whale w_993d66c w_4e52a49 w_654a5bb w_aa16da4
d85f19da.jpg,new_whale w_b17f9ea w_ab1c859 w_44beff0 w_20548a7
d86a4d66.jpg,new_whale w_9562910 w_0bc712b w_35ffe80 w_642bd9e
d8741c52.jpg,new_whale w_338d945 w_bb2d34d w_cd1f1ed w_97f5054
d875b102.jpg,new_whale w_fea7fe6 w_159f36b w_1638016 w_3b99025
d876af41.jpg,new_whale w_c128384 w_1a229eb w_4dfe7cb w_d6df554
d87820fc.jpg,new_whale w_01c2cb0 w_0869575 w_4ebeafb w_3026ce2
d880c3fb.jpg,new_whale w_7c943ab w_024358d w_9c70a11 w_5384c57
d8818def.jpg,new_whale w_0d60fdd w_9434f0c w_9989964 w_1ec0481
d885b32f.jpg,new_whale w_3b0894d w_3f91e04 w_3bb210a w_6b82ccc
d8873404.jpg,new_whale w_62f804d w_711aaa1 w_0beef28 w_651cbb7
d88e6f69.jpg,new_whale w_8e451d9 w_ffa7427 w_222dcb7 w_9b401eb
d890ff44.jpg,new_whale w_778ee6e w_b41e229 w_2fe43c7 w_9ca943b
d8991510.jpg,new_whale w_5bc5fc1 w_d58a303 w_35063ed w_b0e05b1
d89ca68d.jpg,new_whale w_e1431ba w_bcf23a8 w_076c122 w_639aed5
d8a25966.jpg,new_whale w_d94db94 w_e594616 w_5a81425 w_a26a029
d8a51e11.jpg,new_whale w_8f2fb79 w_6202983 w_e02fe7b w_654a5bb
d8a97653.jpg,new_whale w_8b22583 w_5e57e8b w_41cd8bc w_a1e017f
d8ac7170.jpg,new_whale w_db0ad01 w_31d3999 w_a965f14 w_cd65880
d8b45efd.jpg,new_whale w_db2baec w_b588283 w_bbc2a14 w_7db10cc
d8bb3432.jpg,new_whale w_c66638b w_867c9e1 w_705e0fb w_8533569
d8be738b.jpg,new_whale w_5c07f42 w_dcd7a1d w_bb2d34d w_18a854b
d8c0d629.jpg,new_whale w_a526492 w_8c605d2 w_d62128e w_73d5489
d8c2f203.jpg,new_whale w_b688397 w_2fdaa7f w_ecb9a79 w_73d5489
d8c74b1b.jpg,new_whale w_d382236 w_4855bd3 w_5014d6c w_33fc58d
d8cc22d9.jpg,new_whale w_62f299e w_a5ab9d1 w_479e3e5 w_3b5403b
d8cf3ba1.jpg,new_whale w_8bc853a w_4790f64 w_38e4aae w_aae82f8
d8d3ddba.jpg,new_whale w_b4369cc w_0e737d0 w_0dee306 w_4a81594
d8dbc21a.jpg,new_whale w_2663598 w_e4b5d0b w_e5edb40 w_243e33e
d8dc5ae5.jpg,new_whale w_62f299e w_67de30b w_2f97ce6 w_7cfaa82
d8de25e2.jpg,new_whale w_0d39a68 w_1287fbc w_dcb1f2a w_21e178f
d8df80bd.jpg,new_whale w_03c6d18 w_8e451d9 w_64830fa w_94cd45e
d8e3aead.jpg,new_whale w_3d187b5 w_0a91f24 w_7e8b270 w_9496577
d8e477dc.jpg,new_whale w_d8e752e w_89e451c w_71764b4 w_bb2d34d
d8e51768.jpg,new_whale w_f5b8faf w_c8d20aa w_dfbfe10 w_87050a3
d8eb8e4e.jpg,new_whale w_026fdf8 w_b0e05b1 w_1ac4c38 w_ab9fa59
d8ec36e0.jpg,new_whale w_aae82f8 w_6af9dd7 w_38e4aae w_6b03eb4
d8ef79fe.jpg,new_whale w_17370ba w_9ca943b w_dfbfe10 w_1287fbc
d8efc55e.jpg,new_whale w_73b705e w_c0d494d w_97f5054 w_6202983
d8f91e7c.jpg,new_whale w_d663f4f w_2be1c9c w_8b1ca89 w_22bcbd6
d900c6fc.jpg,new_whale w_a1fe45d w_e03755a w_a58f64d w_adb041c
d9070108.jpg,new_whale w_f6fb689 w_69e1d0a w_f546b0a w_c9e1cdc
d9080f26.jpg,new_whale w_62c3998 w_c9e1cdc w_1a5e7a2 w_62f804d
d909d833.jpg,new_whale w_e09d8cf w_8397970 w_01cbcbf w_1af5d59
d90de498.jpg,new_whale w_b96d4e0 w_6ef68ed w_0e737d0 w_03a2ed7
d9127fd3.jpg,new_whale w_6710cf8 w_a59905f w_18eee6e w_3af4e73
d918fec9.jpg,new_whale w_1a229eb w_eff7e35 w_2d963bb w_8fd5636
d91d9085.jpg,new_whale w_efe57c7 w_0e0e856 w_222dcb7 w_df15cc8
d929c372.jpg,new_whale w_8b56cb1 w_0f96780 w_d915632 w_8d46cef
d9327922.jpg,new_whale w_a59905f w_ead305f w_01cbcbf w_2d29ddd
d93330ee.jpg,new_whale w_3de676c w_cb32cb8 w_dfbfe10 w_0d39a68
d9335bf5.jpg,new_whale w_414a0d7 w_a01d903 w_bb2d34d w_7c9fd46
d933e5e4.jpg,new_whale w_cd65880 w_8fab53d w_654a5bb w_2071a4c
d934ab91.jpg,new_whale w_1ac4c38 w_9ec358c w_ccfdb00 w_7b035cc
d93be194.jpg,new_whale w_3e5069e w_6b03eb4 w_d382236 w_f208155
d93fc767.jpg,new_whale w_6c803bf w_c39fceb w_98baff9 w_7f867ec
d943fd51.jpg,new_whale w_8238d51 w_aa3d7b8 w_17dc953 w_54c00ad
d944924e.jpg,new_whale w_5c32d2a w_b0e05b1 w_7f40920 w_c690728
d94f5b5c.jpg,new_whale w_6545984 w_8507226 w_76b6f7c w_4b7b80b
d95505ed.jpg,new_whale w_98baff9 w_693c9ee w_0e737d0 w_40323ac
d955f83d.jpg,new_whale w_0245a27 w_490b224 w_cc8d317 w_4a3032d
d956c474.jpg,new_whale w_67de30b w_9948a99 w_1306632 w_449503f
d95eb698.jpg,new_whale w_fd1cb9d w_05b2ddd w_bf8c3d2 w_67c1b6f
d9611535.jpg,new_whale w_d3f5be3 w_540fd73 w_2fe43c7 w_b41e229
d962ccf2.jpg,new_whale w_f95ef7c w_70e49bc w_06ff732 w_db93738
d96474de.jpg,new_whale w_6547e12 w_735ce7d w_2071a4c w_dbda0d6
d9679edf.jpg,new_whale w_7f4cd72 w_434ad6a w_b7d5069 w_eb0a6ed
d96882b8.jpg,new_whale w_136ab04 w_03a2ed7 w_b066aa6 w_136337c
d96c23a1.jpg,new_whale w_3d66298 w_78ba632 w_e0efc4f w_b7d5069
d970ac91.jpg,new_whale w_1743d93 w_12f2352 w_3db53dc w_6c803bf
d9719878.jpg,new_whale w_49bbc79 w_2d99a0c w_89e159a w_813c5be
d974ca79.jpg,new_whale w_f546b0a w_219e33c w_1e7bb93 w_143b201
d976303f.jpg,new_whale w_dd76ce2 w_989fbbb w_8e25bfa w_701972b
d97bb43b.jpg,new_whale w_9205d40 w_d3c8520 w_73cbacd w_4df0b12
d9820fc9.jpg,new_whale w_97666c8 w_084d01c w_cd70e8b w_1596a47
d98404e4.jpg,new_whale w_8c1e2e4 w_c8126db w_89e159a w_861cc1c
d988a578.jpg,new_whale w_3580734 w_af890ad w_2c75202 w_31fb9f0
d989c020.jpg,new_whale w_d2be6cc w_3664a22 w_fba3bde w_1287fbc
d991447d.jpg,new_whale w_06a6351 w_9ec358c w_8b56cb1 w_532fb22
d9948a81.jpg,new_whale w_a01d903 w_d7ddf9c w_2c75202 w_fd07344
d99a62f1.jpg,new_whale w_3e1ba5b w_5817e08 w_64f3545 w_662a132
d9a49704.jpg,new_whale w_2392b4c w_3d187b5 w_09f9fd3 w_f4224b9
d9a550b4.jpg,new_whale w_89e159a w_3026ce2 w_987a36f w_62f804d
d9ab6236.jpg,new_whale w_2f6a962 w_3694c7d w_43eea34 w_0f96780
d9b6419f.jpg,new_whale w_6b851b1 w_0b0b7cc w_d635930 w_c6f1bff
d9b6f1e3.jpg,new_whale w_1e45a47 w_da2efe0 w_5ad2030 w_4ebeafb
d9baf73d.jpg,new_whale w_77607b5 w_b3655a6 w_d89b29e w_fba3bde
d9bcd079.jpg,new_whale w_8643ba3 w_14964c1 w_fba3bde w_7427ace
d9bee4cb.jpg,new_whale w_00c4901 w_80d95d6 w_6257bdf w_d3c8520
d9c68a97.jpg,new_whale w_8044362 w_8a66718 w_853c1f7 w_d9fdd15
d9c9e17c.jpg,new_whale w_4fa1bd5 w_932c8cd w_9ca943b w_1287fbc
d9cc888e.jpg,new_whale w_12f2352 w_6c803bf w_ff70408 w_516bedb
d9ced8dc.jpg,new_whale w_338b130 w_62ca7c8 w_00fbb4e w_469e847
d9d6c43c.jpg,new_whale w_a1237e3 w_dab75ca w_528e753 w_f44277f
d9e32fa4.jpg,new_whale w_42f935c w_e7f03cf w_3694c7d w_0c6dbbe
d9e36a9f.jpg,new_whale w_c0d494d w_73b705e w_b6689cc w_abe383e
d9e4447d.jpg,new_whale w_3a94311 w_2d57dce w_a74742c w_861cc1c
d9e5bd66.jpg,new_whale w_80d95d6 w_65139e4 w_d142b00 w_4b8d0c9
d9ea8936.jpg,new_whale w_e64c9a6 w_7dee51b w_0e737d0 w_98baff9
d9eaba60.jpg,new_whale w_eb7c39f w_70daaba w_c068ed3 w_5102893
d9ecdc32.jpg,new_whale w_2cde7c0 w_fd1cb9d w_2d99a0c w_89e159a
d9eea8cc.jpg,new_whale w_a494171 w_13c6b6b w_63db6f9 w_fe49bc4
d9ef55be.jpg,new_whale w_9ca943b w_4ebeafb w_bd65ef8 w_e02fe7b
d9eff7f5.jpg,new_whale w_96b697f w_8c1e2e4 w_67de30b w_6c803bf
d9f261d8.jpg,new_whale w_f63d8b0 w_96d9eaf w_395d578 w_693c9ee
d9f4cd36.jpg,new_whale w_6f211a9 w_4cba6b2 w_697c72e w_99ad599
d9f9009f.jpg,new_whale w_c9eb806 w_af890ad w_73d5489 w_028ca0d
da09c665.jpg,new_whale w_cd88a48 w_dbda0d6 w_c58b474 w_0e737d0
da0da311.jpg,new_whale w_71764b4 w_abe383e w_932c8cd w_eb47189
da0db126.jpg,new_whale w_9dc6e7f w_c9e1cdc w_b3cc032 w_95874a5
da1077e6.jpg,new_whale w_3e57104 w_797e546 w_5b1fa1d w_7875b79
da13e63b.jpg,new_whale w_1eafe46 w_b721e96 w_d33592e w_a59905f
da146a48.jpg,new_whale w_5acfa65 w_8f1aa27 w_bc76fde w_c17a537
da167ccd.jpg,new_whale w_7c44934 w_95874a5 w_43be268 w_d663f4f
da1d85c1.jpg,new_whale w_cd01afb w_8f1aa27 w_eb34c4d w_895007f
da1ddc03.jpg,new_whale w_e64ad53 w_777f59a w_966e86e w_2216a46
da24495c.jpg,new_whale w_06dbe6b w_cdda58e w_db93738 w_6202983
da24aa9c.jpg,new_whale w_5dfafa5 w_403f92f w_97da401 w_91b7c58
da264c9b.jpg,new_whale w_7e49f1e w_fd1cb9d w_f4fc8cc w_53baa9b
da341896.jpg,new_whale w_540fd73 w_eaeb1f0 w_5384c57 w_def505e
da3a722c.jpg,new_whale w_1e45a47 w_da2efe0 w_5ad2030 w_4ebeafb
da3ab9a4.jpg,new_whale w_ba332ae w_6c803bf w_02cf46c w_987a36f
da3bd28c.jpg,new_whale w_97eaa0e w_0de84f0 w_8a98ddb w_6fcceaf
da3e6060.jpg,new_whale w_b0e05b1 w_1e1a051 w_cbedcb0 w_966e86e
da43c524.jpg,new_whale w_b31d830 w_076c122 w_0771d4b w_eb47189
da4524f9.jpg,new_whale w_e826a6f w_c263d43 w_2870b33 w_fbb485b
da47452f.jpg,new_whale w_34801a4 w_d96a0cd w_01c2cb0 w_98413c8
da525ab0.jpg,new_whale w_2a939eb w_c30959a w_28ce17c w_a9dd349
da5443cf.jpg,new_whale w_d148982 w_99c07e8 w_c128384 w_de20ab0
da544b00.jpg,new_whale w_434ad6a w_9ceb05d w_ab6db0f w_1e3ce01
da54df47.jpg,new_whale w_5f6fb4e w_08d1ccd w_219e33c w_b6301f8
da5762f8.jpg,new_whale w_f4ac89a w_44beff0 w_cb7b682 w_993d66c
da5fbbaa.jpg,new_whale w_f83b1f9 w_5021993 w_7b770ec w_136337c
da631cfc.jpg,new_whale w_d19a884 w_e3fbc27 w_cbd271b w_73c9ba2
da6a57b5.jpg,new_whale w_80618a3 w_43966a3 w_1029f4e w_50eb157
da6e9eb8.jpg,new_whale w_505a141 w_11adaae w_e80641a w_9ea2cc3
da73501e.jpg,new_whale w_530f87b w_01a4234 w_0853262 w_e54feba
da7ca602.jpg,new_whale w_e0f1df1 w_444a844 w_28fa29e w_5dbe64d
da7deaa8.jpg,new_whale w_4d528e4 w_c390258 w_0827d51 w_479e3e5
da7f4fdb.jpg,new_whale w_89973e5 w_34c4927 w_eb47189 w_4e52a49
da80e62c.jpg,new_whale w_cd65880 w_8fab53d w_654a5bb w_2071a4c
da8366ff.jpg,new_whale w_2901dbf w_e26c35f w_de3cab3 w_fc15159
da8892ae.jpg,new_whale w_17ee910 w_8d08f9e w_dcb1f2a w_1287fbc
da9b246f.jpg,new_whale w_ca8bfb4 w_e09e886 w_18a854b w_79b42cd
da9d074f.jpg,new_whale w_47f29cd w_2e27b77 w_ca5abbb w_993d66c
da9d7263.jpg,new_whale w_3e1ba5b w_6865ccb w_38e4aae w_8d83172
da9f012f.jpg,new_whale w_1f2a32a w_34c8690 w_b9f5b8b w_1f0da94
daa2289d.jpg,new_whale w_a58f64d w_60c5e7e w_b6c4efa w_ef6e6a9
dab256ef.jpg,new_whale w_8d46cef w_67de30b w_6710cf8 w_8b56cb1
dab8bda7.jpg,new_whale w_045d9fc w_9577f88 w_57304ba w_e55a554
dabeb1f9.jpg,new_whale w_8533569 w_1287fbc w_9b401eb w_e0bbddc
dac0701d.jpg,new_whale w_3bb210a w_d382236 w_3b483d3 w_2e872af
dac946b7.jpg,new_whale w_a1350a7 w_5010531 w_24bdae3 w_1638016
dacad0c3.jpg,new_whale w_4953ce7 w_44edba9 w_964ce09 w_6992521
dacc1ec9.jpg,new_whale w_6ae1eaf w_540fd73 w_4b7b80b w_40323ac
dad24756.jpg,new_whale w_ebff750 w_d37b55b w_00cb685 w_ab4cae2
dad31acf.jpg,new_whale w_ddbf533 w_e59294d w_daec6d3 w_fec6413
dad9cac9.jpg,new_whale w_7554f44 w_d5ec83f w_4b7b80b w_988f6b3
dad9db4f.jpg,new_whale w_a7202e1 w_e430ce0 w_3f754d6 w_6a4e5f2
dadb12cb.jpg,new_whale w_8fab53d w_0c42dba w_a1237e3 w_98baff9
dadcc860.jpg,new_whale w_c241e72 w_7dee51b w_bccfcc1 w_98baff9
dade9a9c.jpg,new_whale w_8d83172 w_1dff010 w_33b9360 w_987a36f
dae08edb.jpg,new_whale w_39c7462 w_217e78a w_19c29aa w_d47e2e3
dae480cb.jpg,new_whale w_fd1cb9d w_4fdaa2a w_3d66298 w_fbcb6e4
dae4f0c8.jpg,new_whale w_ccfdb00 w_ab6db0f w_2d57dce w_e5250e9
dae63cfe.jpg,new_whale w_b0e05b1 w_7554f44 w_ab4cae2 w_8fab53d
dae6f03b.jpg,new_whale w_e2ddc60 w_8148b95 w_3a9ee71 w_0c3295a
dae86182.jpg,new_whale w_fba3bde w_a59905f w_e62a48d w_18eee6e
daea8a15.jpg,new_whale w_d382236 w_d2be6cc w_5b672ea w_7538a4c
dafacfdb.jpg,new_whale w_3cfeb1a w_058547a w_06f0fd3 w_a3abc56
db010fc1.jpg,new_whale w_20da4cf w_3326396 w_0337aa5 w_e4f1fcc
db0247c3.jpg,new_whale w_eb39613 w_02d5fad w_bf38f05 w_7e8b270
db02586f.jpg,new_whale w_c8126db w_5fc0120 w_b6886e5 w_cae7677
db072963.jpg,new_whale w_48dd419 w_302af0a w_4d358e5 w_7554f44
db0bc720.jpg,new_whale w_530f87b w_b5d8846 w_0dee306 w_8044362
db0e7737.jpg,new_whale w_2c75202 w_c00534d w_73d5489 w_6ae1eaf
db148642.jpg,new_whale w_db93738 w_c9dd32e w_d19a884 w_3d1c2ef
db156097.jpg,new_whale w_cd70e8b w_1a5beb9 w_479e3e5 w_1596a47
db18258d.jpg,new_whale w_798bf53 w_6a16373 w_c7b05e7 w_97666c8
db1a6516.jpg,new_whale w_0a97a25 w_dfd7ee8 w_7c943ab w_d663f4f
db1ac2ed.jpg,new_whale w_987a36f w_142dce1 w_d4fa6f3 w_3a7d86d
db1fab8b.jpg,new_whale w_f03ca16 w_e09e886 w_2952678 w_0626e4d
db22c073.jpg,new_whale w_f314558 w_5b1fa1d w_2cca6a1 w_cc60002
db276e4c.jpg,new_whale w_9c5ed68 w_7c7a78c w_e0f6444 w_309a2b3
db282883.jpg,new_whale w_f8c3a63 w_98baff9 w_eeb5fa7 w_e5250e9
db2b73fa.jpg,new_whale w_90f74ae w_e8c35dc w_eac205a w_8507226
db2d4466.jpg,new_whale w_1ecfe96 w_cf00b01 w_ae07541 w_0d39a68
db2febd0.jpg,new_whale w_18eee6e w_c9e1cdc w_9b67e87 w_db3621e
db327d40.jpg,new_whale w_80171b9 w_42dd100 w_305ed07 w_410142f
db3a20cd.jpg,new_whale w_8fd5636 w_64433af w_2e872af w_8114b1b
db3caa70.jpg,new_whale w_ca813c2 w_17964ef w_ab4bd59 w_44f0fa2
db3e0637.jpg,new_whale w_b0362e2 w_a2a1378 w_25d7f93 w_7c7a78c
db42d86b.jpg,new_whale w_813c5be w_f18df18 w_372ae75 w_3d66298
db4af59d.jpg,new_whale w_97f5054 w_4be8a3e w_9875c12 w_414a0d7
db4b1189.jpg,new_whale w_0c70bc3 w_6c803bf w_7a2dfd7 w_cd1f1ed
db4c1e42.jpg,new_whale w_fe922c3 w_4fd48e7 w_6232813 w_1b1c4f1
db54d54b.jpg,new_whale w_e54feba w_44fc081 w_4a1e58b w_26edeb8
db57ffee.jpg,new_whale w_7419e4b w_f1b565a w_7b035cc w_de3cab3
db63aa98.jpg,new_whale w_6202983 w_9146eae w_b9f5b8b w_3e0f25d
db66bebd.jpg,new_whale w_e5250e9 w_8a4b8ef w_f2c9e07 w_8c1e2e4
db6d89d1.jpg,new_whale w_c4f3619 w_5297ab3 w_0f9166e w_002dc11
db725f2d.jpg,new_whale w_bf38f05 w_02d5fad w_fa32440 w_e6541e4
db78ecfa.jpg,new_whale w_4c25641 w_e5250e9 w_53baa9b w_4cff2f8
db7c2abc.jpg,new_whale w_ddb4c8d w_18df014 w_9c61d57 w_0e737d0
db7c5cf2.jpg,new_whale w_3d66298 w_f4e0748 w_3e1ba5b w_511c464
db7e605f.jpg,new_whale w_e73d83c w_dcb1f2a w_5c07f42 w_ab2d17a
db80508c.jpg,new_whale w_8cf18ac w_4fd48e7 w_03c84ef w_de3cab3
db849ff6.jpg,new_whale w_1c69443 w_6c803bf w_53ed912 w_62f804d
db85cd11.jpg,new_whale w_3ae3603 w_c102ec3 w_530f87b w_8044362
db8a291b.jpg,new_whale w_b033b36 w_efebfe8 w_43be268 w_db474c7
db8d2ec0.jpg,new_whale w_9d704ab w_9ceb05d w_0869575 w_a59905f
db918eff.jpg,new_whale w_b066aa6 w_2c3f440 w_0b04c08 w_a254eb0
db937758.jpg,new_whale w_94cd45e w_02d5fad w_d9aab0a w_1000f90
db941cb1.jpg,new_whale w_d22af00 w_67c1b6f w_0e4f53c w_f83b1f9
db945c64.jpg,new_whale w_037955e w_aa64cc1 w_9d83b4d w_b089088
db9567d3.jpg,new_whale w_4643de5 w_6f2309d w_224000c w_aa64cc1
db967269.jpg,new_whale w_b6301f8 w_1cd9331 w_b0e05b1 w_21e178f
db9994c9.jpg,new_whale w_c22307d w_2d29ddd w_c3684ba w_33032d1
db9e9b26.jpg,new_whale w_cc1f8bc w_b29214f w_07616fd w_da2efe0
dba2739e.jpg,new_whale w_b074cdf w_2ac83b0 w_08f1502 w_70daaba
dba778ff.jpg,new_whale w_4d528e4 w_1596a47 w_d1d8f98 w_43eea34
dba9aa05.jpg,new_whale w_2cdf820 w_662a132 w_da2efe0 w_b942708
dbab4ec3.jpg,new_whale w_530f87b w_2d2d7fe w_76d2cce w_bf69a19
dbaf9042.jpg,new_whale w_acbc912 w_51652ee w_c4cafb8 w_89ca343
dbb810fe.jpg,new_whale w_edcb241 w_874cf52 w_ba53619 w_5a6d315
dbb8668f.jpg,new_whale w_1235317 w_4785de7 w_db9e932 w_0d2dc7e
dbbcc754.jpg,new_whale w_ea4935f w_c58b474 w_4c9d3df w_c0d494d
dbc2438d.jpg,new_whale w_7c7a78c w_e02fe7b w_24ac53d w_36eb0b1
dbc80cc7.jpg,new_whale w_d6e437d w_1eafe46 w_8db45b7 w_8867074
dbcf3da0.jpg,new_whale w_1a5e7a2 w_3b0894d w_2d99a0c w_d5ec83f
dbd10696.jpg,new_whale w_38e4aae w_32a920b w_b729b1f w_56bbc91
dbd28368.jpg,new_whale w_0e737d0 w_98baff9 w_6202983 w_06dbe6b
dbd377d5.jpg,new_whale w_7a9f3f6 w_0e9f6d9 w_2d99a0c w_17ee910
dbd42fb3.jpg,new_whale w_32a920b w_1dff010 w_b9ee5ec w_4e11add
dbd61d07.jpg,new_whale w_c30959a w_43be268 w_778ee6e w_9ca943b
dbd76895.jpg,new_whale w_4ebeafb w_71764b4 w_44cccf6 w_02cf46c
dbd8e955.jpg,new_whale w_9ea2cc3 w_9d704ab w_a59905f w_18eee6e
dbde78b4.jpg,new_whale w_bcad8eb w_3694c7d w_7377b2b w_20848b7
dbe3443f.jpg,new_whale w_83df8d5 w_7918071 w_e6f5e09 w_701972b
dbe6a206.jpg,new_whale w_e73d83c w_7538922 w_43be268 w_53f79bc
dbe7cce5.jpg,new_whale w_19a5685 w_aa16da4 w_98baff9 w_5f82501
dbe7d626.jpg,new_whale w_bde9c34 w_6d274b2 w_b9e00eb w_0e737d0
dbe7e18c.jpg,new_whale w_4759be5 w_fce6ab2 w_8044362 w_43e45b6
dbe9a507.jpg,new_whale w_06ff732 w_f95ef7c w_db93738 w_0aae8c1
dbea348e.jpg,new_whale w_17ee910 w_4114553 w_a965f14 w_73b705e
dbeab806.jpg,new_whale w_ad1d93b w_4e8f84d w_a26a029 w_3c4062e
dbef3f40.jpg,new_whale w_62f804d w_b7d5069 w_4ebeafb w_43be268
dbf01f65.jpg,new_whale w_fdc8bf6 w_d3ef4b2 w_656afeb w_b4a5677
dbf3d520.jpg,new_whale w_91b7c58 w_9694b9d w_2d09595 w_cad1a8d
dbfd586a.jpg,new_whale w_a422d00 w_f8aacbd w_1c6d5f0 w_45aac7a
dc05f424.jpg,new_whale w_6202983 w_434ad6a w_2f283f3 w_45e8ea5
dc078c9e.jpg,new_whale w_7778174 w_cc22f68 w_3a9ee71 w_80bae3a
dc0849d4.jpg,new_whale w_5d335c3 w_4ebeafb w_2d99a0c w_43eea34
dc0c3f36.jpg,new_whale w_8329cea w_c1b685f w_1c22d7e w_91b7c58
dc13c8bd.jpg,new_whale w_53859b2 w_0bc1db0 w_98baff9 w_6aa5e66
dc1e5c75.jpg,new_whale w_67de30b w_3061bdd w_6c803bf w_62f804d
dc1f9ee7.jpg,new_whale w_3fe1eb9 w_1772ed2 w_6737f89 w_49bbc79
dc2723c3.jpg,new_whale w_7f3a122 w_fb7a56b w_a25d46c w_b4eeae6
dc2b8129.jpg,new_whale w_0771d4b w_2d99a0c w_cc3a724 w_6d05f7f
dc2c838d.jpg,new_whale w_c9111ac w_d4fa6f3 w_77166cc w_9ec358c
dc2d7341.jpg,new_whale w_d428980 w_cd88a48 w_12f2352 w_06972d2
dc2f02d0.jpg,new_whale w_94da90b w_f3db3f1 w_013bbcf w_a71aa99
dc37ced5.jpg,new_whale w_f19faeb w_c57623d w_861cc1c w_02b775b
dc43c802.jpg,new_whale w_69a9f72 w_0753c29 w_d6a6360 w_f8cd6b6
dc44e20c.jpg,new_whale w_75378d3 w_556df30 w_3b0894d w_715d152
dc462aee.jpg,new_whale w_45b90d9 w_05ec84e w_c06dd6e w_cece268
dc47bb21.jpg,new_whale w_4e1f7bd w_778ee6e w_dbd2cff w_5415fcb
dc4b3f14.jpg,new_whale w_b688397 w_b4151b7 w_f7a0fd7 w_5d96ba4
dc4c2d2a.jpg,new_whale w_f6c23d5 w_3de676c w_0d39a68 w_fe2742d
dc4db7ba.jpg,new_whale w_be4d5b8 w_218b25e w_be3c0f5 w_1eafe46
dc55b120.jpg,new_whale w_97e9f7f w_6c9a524 w_18eee6e w_3cf3853
dc587b91.jpg,new_whale w_fba3bde w_20eb13c w_640f91d w_b6c4efa
dc648168.jpg,new_whale w_3e6a161 w_1272a31 w_a646643 w_a93c8f9
dc649b21.jpg,new_whale w_60cc444 w_2658649 w_ebff750 w_1894a1c
dc65164e.jpg,new_whale w_53064a6 w_a59905f w_98baff9 w_993dbe8
dc66cdb8.jpg,new_whale w_11f6df1 w_d9055d1 w_02facde w_026fdf8
dc6790a9.jpg,new_whale w_307065e w_9ec358c w_c9e1cdc w_a7d4668
dc6c8f06.jpg,new_whale w_7586198 w_979a6ef w_fa32440 w_f4ac89a
dc6e29e1.jpg,new_whale w_7417b12 w_f546b0a w_ace8c54 w_1703ee5
dc6f04be.jpg,new_whale w_f8e6546 w_8ba2066 w_b066aa6 w_cbedcb0
dc7c5a59.jpg,new_whale w_affc813 w_303518a w_d175300 w_441bd21
dc886436.jpg,new_whale w_654a5bb w_40323ac w_6c803bf w_3d0bc7a
dc8b7ed7.jpg,new_whale w_136337c w_f19faeb w_4fb3c95 w_b074cdf
dc8bb559.jpg,new_whale w_9dc4181 w_7554f44 w_86b3f04 w_b9e00eb
dc8cfbac.jpg,new_whale w_5966fff w_10bea88 w_6f31916 w_8fd5636
dc9473c9.jpg,new_whale w_5f68f56 w_0265cb6 w_666b072 w_901363f
dc9ac5fe.jpg,new_whale w_2071a4c w_c622a3f w_5021993 w_36a4e8b
dc9b227f.jpg,new_whale w_7292419 w_6547e12 w_b0e05b1 w_8a2e496
dc9c8035.jpg,new_whale w_71e6583 w_a59221a w_7554f44 w_66c1b54
dc9c8d83.jpg,new_whale w_a254eb0 w_b066aa6 w_eb0a6ed w_dbda0d6
dc9df000.jpg,new_whale w_fc15159 w_8c1e2e4 w_1a70685 w_2d99a0c
dc9f0191.jpg,new_whale w_acff672 w_71c7322 w_1596a47 w_6a2328a
dca1b55e.jpg,new_whale w_32a920b w_414f402 w_bb37d93 w_efa1fc7
dca6b8fb.jpg,new_whale w_c1c73c0 w_39d2684 w_bc7e06a w_6dbb861
dca86460.jpg,new_whale w_4e52a49 w_ee17a08 w_4c9d3df w_f0f0dbb
dcb1689d.jpg,new_whale w_2a939eb w_e93d181 w_49bbc79 w_0771d4b
dcb901d7.jpg,new_whale w_7257028 w_e05ee50 w_e57b487 w_7554f44
dcbc9ad4.jpg,new_whale w_3de676c w_057c418 w_cb32cb8 w_dfbfe10
dcc31dce.jpg,new_whale w_e375961 w_b074cdf w_5470134 w_e0f6444
dcc3557a.jpg,new_whale w_f256b56 w_2658649 w_648a9a8 w_693c9ee
dcc6b939.jpg,new_whale w_eb44149 w_559ce61 w_6a3210a w_6247b2e
dcc7215a.jpg,new_whale w_0c3295a w_f5cc2fd w_95874a5 w_56743d6
dcd72abd.jpg,new_whale w_efd3f81 w_cd01afb w_c57623d w_b067417
dcdbf5b0.jpg,new_whale w_f0d8be1 w_d8f848c w_48dd419 w_d9aab0a
dce8a585.jpg,new_whale w_c11932e w_73d5489 w_ce29d2a w_3d12652
dcf8ca21.jpg,new_whale w_ff70408 w_516bedb w_1a70685 w_656afeb
dd0706d7.jpg,new_whale w_1d53d9c w_7554f44 w_91b7c58 w_eb0a6ed
dd092b29.jpg,new_whale w_8c3db0a w_73d5489 w_2b939eb w_a1350a7
dd0db063.jpg,new_whale w_42addf7 w_de2ff33 w_302af0a w_7f199c6
dd12d4c9.jpg,new_whale w_d66572d w_3fcb80e w_bf77b13 w_aa7e5f4
dd19dcc4.jpg,new_whale w_b80d2cb w_70715c1 w_3050553 w_477ccf5
dd202366.jpg,new_whale w_3e0f25d w_4504167 w_5af7a9c w_db93738
dd229eef.jpg,new_whale w_9b318aa w_62c3998 w_1ecfe96 w_1b332ba
dd2880fb.jpg,new_whale w_9562910 w_cb2f78e w_ab2d17a w_2eabd5a
dd2a1035.jpg,new_whale w_6e47e0e w_f21f2ec w_8719b04 w_cd1f1ed
dd306781.jpg,new_whale w_6f2de72 w_89e451c w_656afeb w_9ea2cc3
dd31158b.jpg,new_whale w_a837660 w_491607b w_1703ee5 w_e826a6f
dd33e855.jpg,new_whale w_db474c7 w_99ad599 w_e4d3ec3 w_73d5489
dd3432e1.jpg,new_whale w_3650949 w_afef556 w_c4cafb8 w_b0e05b1
dd372f9f.jpg,new_whale w_e158680 w_a2633d4 w_945aefe w_a2660fd
dd394aa9.jpg,new_whale w_159f36b w_fea7fe6 w_1717a13 w_aae82f8
dd39b81f.jpg,new_whale w_69185bb w_17ee910 w_6d274b2 w_3fe1eb9
dd3c22f7.jpg,new_whale w_8c3db0a w_eac205a w_53951e6 w_83df8d5
dd3ef64f.jpg,new_whale w_63d1ea6 w_2071a4c w_7e8b270 w_41f0a7e
dd414009.jpg,new_whale w_01687a8 w_0beef28 w_7049d9f w_449a34e
dd48e070.jpg,new_whale w_8e92130 w_243e33e w_d19a884 w_f19faeb
dd4c8568.jpg,new_whale w_88c4d5e w_6375873 w_8e3ebeb w_71c7322
dd555a25.jpg,new_whale w_b47a4a1 w_338d945 w_aa7a302 w_58a2388
dd579529.jpg,new_whale w_e55a554 w_d9adb4f w_57304ba w_4e68ddc
dd57e008.jpg,new_whale w_98baff9 w_f8c3a63 w_338b130 w_735ce7d
dd5b75c1.jpg,new_whale w_701972b w_9caed77 w_c0323f5 w_642bd9e
dd604a5b.jpg,new_whale w_76ebad6 w_b9e00eb w_8ba2066 w_1272a31
dd649761.jpg,new_whale w_73d5489 w_302af0a w_2730966 w_87050a3
dd7b9472.jpg,new_whale w_3d0bc7a w_4a78bf2 w_b34793e w_97f5054
dd7eabb9.jpg,new_whale w_ed10a36 w_9948a99 w_9967edd w_aa64cc1
dd865a8c.jpg,new_whale w_528e753 w_395d578 w_648a9a8 w_6c99c53
dd8b19b9.jpg,new_whale w_fe49bc4 w_67599af w_987a36f w_a59905f
dd8f8e7e.jpg,new_whale w_b942708 w_2356a6d w_67fecca w_9146eae
dd8fb188.jpg,new_whale w_0a97a25 w_5b672ea w_796eebc w_69e1d0a
dd90add7.jpg,new_whale w_df21074 w_79f5620 w_a3abc56 w_7b442c4
dda00fe5.jpg,new_whale w_330f897 w_b942708 w_d9aab0a w_17ee910
dda442bc.jpg,new_whale w_68820e8 w_693c9ee w_ed5a7c6 w_faf538a
dda85ee5.jpg,new_whale w_49bbc79 w_b29214f w_33973bf w_62c3998
ddac18a1.jpg,new_whale w_38e4aae w_8d83172 w_49bbc79 w_44cccf6
ddac6503.jpg,new_whale w_6232813 w_2e872af w_0f96780 w_1cb2134
ddb4e88d.jpg,new_whale w_693c9ee w_eb0a6ed w_1eafe46 w_98baff9
ddb5c116.jpg,new_whale w_3e25a26 w_18df014 w_3f2a05c w_402784d
ddb6d754.jpg,new_whale w_ab9fa59 w_f18df18 w_7b1abbf w_4a7080a
ddb706ee.jpg,new_whale w_6c803bf w_18eee6e w_9ec358c w_a59905f
ddbd3d3f.jpg,new_whale w_6361632 w_3d0bc7a w_1a5e7a2 w_e61dd6d
ddbd799b.jpg,new_whale w_95874a5 w_bb2d34d w_5c07f42 w_c9e1cdc
ddbec211.jpg,new_whale w_ed8a846 w_8a2e496 w_081dd6e w_b329c00
ddbf29e1.jpg,new_whale w_d9adb4f w_e964ae8 w_aae82f8 w_d141590
ddbf9401.jpg,new_whale w_1894a1c w_9d83b4d w_8a997b8 w_1d0e29a
ddc1bbba.jpg,new_whale w_fbce8b4 w_60eba40 w_e24a84d w_82dabf6
ddc2b22a.jpg,new_whale w_36eb0b1 w_c8af414 w_9d5f5cc w_8861715
ddd0bbf3.jpg,new_whale w_5982299 w_ea6651e w_96c6151 w_823fcbb
ddd28412.jpg,new_whale w_a3c6ed0 w_1272a31 w_9cb2dba w_2e872af
ddd79900.jpg,new_whale w_b96d4e0 w_0e737d0 w_693c9ee w_e3c119c
ddd94f02.jpg,new_whale w_ec02248 w_4d528e4 w_78948b5 w_62f299e
dde06dff.jpg,new_whale w_1287fbc w_43b50e5 w_18eee6e w_d2be6cc
dde3d26a.jpg,new_whale w_7554f44 w_98baff9 w_43be268 w_88d11b1
dde6372d.jpg,new_whale w_c3ff6f2 w_339c8ae w_64433af w_a965f14
de001f28.jpg,new_whale w_36eb0b1 w_c48ad3e w_7c7a78c w_3694c7d
de045b0d.jpg,new_whale w_b7fe199 w_6d274b2 w_1717a13 w_243e33e
de048131.jpg,new_whale w_d663f4f w_ec02248 w_4ebeafb w_9ceb05d
de070db5.jpg,new_whale w_3cf3853 w_817f022 w_9ec358c w_fba3bde
de07789f.jpg,new_whale w_57c14db w_15427c3 w_837646b w_b0e05b1
de080d9d.jpg,new_whale w_96b697f w_6710cf8 w_67de30b w_6c803bf
de098549.jpg,new_whale w_07616fd w_9771603 w_4c9d3df w_6a3210a
de14251c.jpg,new_whale w_0899118 w_dd52cfc w_1da7080 w_4b95330
de147cfa.jpg,new_whale w_cfe35d4 w_8397970 w_0f96780 w_d32adcd
de16a38b.jpg,new_whale w_d1eab36 w_9e7cada w_db474c7 w_c30959a
de2d08c0.jpg,new_whale w_7586198 w_a38d1a3 w_44beff0 w_b6689cc
de3309db.jpg,new_whale w_a4f1419 w_b688397 w_1431f4b w_5010531
de336799.jpg,new_whale w_de3cab3 w_fc76ede w_8fab53d w_12c3d3d
de4317ee.jpg,new_whale w_70715c1 w_b1d054c w_b1a4f29 w_eac205a
de44b7b8.jpg,new_whale w_aa7e5f4 w_d3f5be3 w_3745f59 w_a21cc97
de45642d.jpg,new_whale w_4bf5a06 w_f83b1f9 w_5dfafa5 w_d22af00
de4961f7.jpg,new_whale w_aae82f8 w_42aa161 w_fd1cb9d w_d59cb45
de4a6b63.jpg,new_whale w_4e52a49 w_2f89dfe w_157ba16 w_cef690d
de4cdafc.jpg,new_whale w_0e4f53c w_19e5482 w_f0f0dbb w_30cf2ca
de5165ed.jpg,new_whale w_2fdee7b w_414f402 w_3cf3853 w_cd88a48
de5378bc.jpg,new_whale w_97493dd w_b9e00eb w_7554f44 w_f6411ea
de583314.jpg,new_whale w_f8e6546 w_b0e05b1 w_2d2de1d w_24ac53d
de592ff8.jpg,new_whale w_8044362 w_681dba6 w_bccfcc1 w_31d3999
de600cb7.jpg,new_whale w_482c51f w_3197568 w_541b160 w_9ca943b
de602042.jpg,new_whale w_cd02407 w_1eafe46 w_92d55a6 w_901363f
de605374.jpg,new_whale w_4b7b80b w_8643ba3 w_c926fc3 w_def505e
de6d8039.jpg,new_whale w_6c803bf w_94e1ed4 w_1e3ce01 w_a91b997
de6e20e7.jpg,new_whale w_35c5d43 w_a01d903 w_d4bc10d w_d175300
de6ea162.jpg,new_whale w_fe49bc4 w_9ca943b w_4a81594 w_43be268
de71e442.jpg,new_whale w_cb7b682 w_c0d494d w_654a5bb w_1e3ce01
de7390ac.jpg,new_whale w_b081817 w_a93c8f9 w_48a5b86 w_5d96ba4
de7da5c2.jpg,new_whale w_7554f44 w_4b7b80b w_c0d494d w_accd48e
de8018da.jpg,new_whale w_d6df554 w_0e96943 w_bf4880a w_717a293
de84a71d.jpg,new_whale w_bb2d34d w_b6689cc w_d4eb9ed w_cf00b01
de86be93.jpg,new_whale w_08ddb50 w_88d11b1 w_f7fed13 w_e3b2cfa
de894350.jpg,new_whale w_c00534d w_7c91fa7 w_1703ee5 w_235b156
de8d4345.jpg,new_whale w_a524549 w_656afeb w_d3ef4b2 w_e45bc18
de8d934b.jpg,new_whale w_ea6651e w_5982299 w_3a94311 w_2c19c4a
de9138a0.jpg,new_whale w_d3c8520 w_697c72e w_99ad599 w_cae7677
de915e90.jpg,new_whale w_5ad2030 w_c02ac49 w_aed1e43 w_530f87b
de92c4fa.jpg,new_whale w_1287fbc w_da2efe0 w_3197568 w_d9aab0a
de9855be.jpg,new_whale w_e2d0aaa w_648a9a8 w_fce6ab2 w_3136deb
de9b3a6a.jpg,new_whale w_bde9c34 w_56743d6 w_941ca6a w_b7d5069
de9d59b0.jpg,new_whale w_b0e05b1 w_98baff9 w_7028d77 w_5e99ca7
dea3c068.jpg,new_whale w_82ed7a7 w_797e546 w_f014da3 w_e449d3a
dea5538a.jpg,new_whale w_1161030 w_6232813 w_2dae424 w_f22f3e3
dea960b2.jpg,new_whale w_2d99a0c w_87e00c8 w_0b0d88d w_338d945
deb23bc1.jpg,new_whale w_814a588 w_14c8f15 w_fba3bde w_d5ec83f
debd177c.jpg,new_whale w_8a31e6c w_eb39613 w_f83b1f9 w_5ba417d
dec4d574.jpg,new_whale w_76c1200 w_837646b w_7885601 w_19e5482
dec917ca.jpg,new_whale w_4b7b80b w_2f89dfe w_c8bf168 w_73bed18
decd4108.jpg,new_whale w_ad87135 w_ed8a846 w_b939998 w_b329c00
dee19e87.jpg,new_whale w_130508d w_8c605d2 w_0466071 w_85cdd9b
dee21e9f.jpg,new_whale w_0beef28 w_2f1e886 w_6c899ff w_3411b9f
dee306f6.jpg,new_whale w_2282bb8 w_9577f88 w_d3ab153 w_c57623d
deea8c19.jpg,new_whale w_d428980 w_6c803bf w_e8d0bac w_67de30b
deed5a98.jpg,new_whale w_9434f0c w_1a229eb w_e84ca75 w_7e8b270
def24038.jpg,new_whale w_0a565c5 w_5ba417d w_07e92ee w_9caed77
df00a243.jpg,new_whale w_38e4aae w_fc7cc24 w_d037229 w_3e73d8a
df04756b.jpg,new_whale w_6f211a9 w_48dd419 w_ee17a08 w_ace5d0c
df0a37cb.jpg,new_whale w_57e8a80 w_98baff9 w_6c9aa21 w_e0ba9ae
df0eb942.jpg,new_whale w_d9adb4f w_2fdf63b w_0e737d0 w_bc62c0e
df1289a7.jpg,new_whale w_7f1f728 w_7459706 w_52a081c w_9f1fafb
df129bf1.jpg,new_whale w_be4d5b8 w_c0d494d w_480b2d4 w_f2a7635
df14c91f.jpg,new_whale w_4c8e7ae w_b678944 w_1287fbc w_67de30b
df1ac5ef.jpg,new_whale w_206742f w_8ba2066 w_73d5489 w_b0e05b1
df1e6794.jpg,new_whale w_3af4e73 w_62f804d w_18eee6e w_b6886e5
df222b19.jpg,new_whale w_3e1ccc9 w_dfd7ee8 w_569c2c7 w_fe19618
df22980b.jpg,new_whale w_a14a253 w_85755f7 w_de2c79f w_22d812d
df2cbddd.jpg,new_whale w_0a97a25 w_c94f464 w_8103039 w_cae7677
df2e0a1d.jpg,new_whale w_db93738 w_2bb8c37 w_fcfcf68 w_6202983
df31666e.jpg,new_whale w_7459706 w_d89b29e w_57304ba w_7c943ab
df35c7ac.jpg,new_whale w_837646b w_872a86c w_c13a4e3 w_1dff010
df3705fd.jpg,new_whale w_6c803bf w_2a939eb w_7bda16b w_49bbc79
df3752a8.jpg,new_whale w_1274a11 w_9ea2cc3 w_9ec358c w_48a98d7
df3a2bda.jpg,new_whale w_6c9aa21 w_68820e8 w_8fab53d w_693c9ee
df3a53ff.jpg,new_whale w_a464d28 w_0e7cb1c w_fdf60bb w_6047e81
df4139e6.jpg,new_whale w_932c8cd w_29d2cec w_0a97a25 w_b7d5069
df44c079.jpg,new_whale w_5f50b5e w_0bfb109 w_73d5489 w_989fbbb
df4891f4.jpg,new_whale w_ace8c54 w_2f89dfe w_5b672ea w_1703ee5
df4ba615.jpg,new_whale w_0408054 w_94cd45e w_9c70a11 w_87050a3
df4d9645.jpg,new_whale w_7e8b270 w_63d1ea6 w_c3ff6f2 w_2b0028d
df4d96a1.jpg,new_whale w_b47a4a1 w_59eb8ae w_6c803bf w_6e8486d
df4e8e26.jpg,new_whale w_5c0e858 w_5af463d w_12f2352 w_38e4aae
df55a903.jpg,new_whale w_58087ce w_b0362e2 w_b081817 w_f0a4a2a
df58a875.jpg,new_whale w_54c00ad w_62f299e w_e700deb w_6710cf8
df5a2901.jpg,new_whale w_1ec267f w_d234e6b w_f1396bd w_b0e05b1
df5a2c16.jpg,new_whale w_987a36f w_6202983 w_c58b474 w_a59905f
df5ca0f3.jpg,new_whale w_c3d523d w_6232813 w_b7d5069 w_750dc93
df70bd9b.jpg,new_whale w_5b99089 w_5e57e8b w_ff1b64c w_0e7cb1c
df808c42.jpg,new_whale w_f8e6546 w_9c5ed68 w_89e159a w_60c5e7e
df880bf0.jpg,new_whale w_4c8244d w_147b62b w_e0e5c9e w_fd1cb9d
df888f49.jpg,new_whale w_d47e2e3 w_f19faeb w_b9e00eb w_f83b1f9
df8899ef.jpg,new_whale w_e02fe7b w_a2a1378 w_80c692d w_e5d6443
df89eeb3.jpg,new_whale w_c2474a2 w_b0362e2 w_76390b4 w_98baff9
df8b4902.jpg,new_whale w_a91b997 w_53064a6 w_8c1e2e4 w_e3c1ec4
df8e718b.jpg,new_whale w_cbedcb0 w_5d96ba4 w_5d84c65 w_1272a31
df93b378.jpg,new_whale w_71c7322 w_57c8da9 w_8c1ec28 w_06972d2
df9c5b04.jpg,new_whale w_5624f08 w_3b3b9b2 w_78999a6 w_865c2ba
dfa342b6.jpg,new_whale w_8963cff w_ab9fa59 w_cae7677 w_f438375
dfa460a8.jpg,new_whale w_9ca943b w_8d5ede1 w_d8f848c w_64f3545
dfa924e4.jpg,new_whale w_89dcef1 w_9ca943b w_2184d07 w_613723e
dfaba667.jpg,new_whale w_35063ed w_21b3754 w_2eb180f w_ebe0ad5
dfac46ab.jpg,new_whale w_5e04db0 w_1287fbc w_dcb1f2a w_fd07344
dfad99f9.jpg,new_whale w_002222a w_df309be w_53859b2 w_c71115a
dfadc08f.jpg,new_whale w_4dd966d w_650bd05 w_4ebeafb w_dbc4dcc
dfb09e75.jpg,new_whale w_1287fbc w_da2efe0 w_13c6b6b w_33909b8
dfb13dad.jpg,new_whale w_6315bc6 w_e449d3a w_0e4f53c w_7885601
dfb3e2ea.jpg,new_whale w_c622a3f w_02d5fad w_42dd100 w_5ba417d
dfba04ef.jpg,new_whale w_6c803bf w_6361632 w_3d0bc7a w_2e977e2
dfbb9cea.jpg,new_whale w_2dcbf82 w_fd1cb9d w_d47e2e3 w_a19eecd
dfc16352.jpg,new_whale w_3aa2073 w_0740d28 w_f8e6546 w_c926fc3
dfc50a4b.jpg,new_whale w_96fd936 w_6361632 w_fe87f0a w_dc7c5a0
dfc5f746.jpg,new_whale w_7aaa569 w_c3f9618 w_ac87f37 w_392bee3
dfc60347.jpg,new_whale w_528e753 w_367b996 w_6b45921 w_7914111
dfc9b491.jpg,new_whale w_ec79861 w_515838e w_9875c12 w_eb0a6ed
dfcbfcca.jpg,new_whale w_78948b5 w_d1d8f98 w_43eea34 w_4d528e4
dfcecd08.jpg,new_whale w_f4e0748 w_6c803bf w_c529cf1 w_9d5f5cc
dfcff5be.jpg,new_whale w_a71aa99 w_15f29b7 w_8e4abc9 w_8a3449f
dfd5ec7f.jpg,new_whale w_3f90907 w_4c8e7ae w_503ff17 w_7c7a78c
dfdbfd22.jpg,new_whale w_1e1a051 w_f932abc w_b074cdf w_a1237e3
dfddd2b8.jpg,new_whale w_fb2b2c2 w_ce29d2a w_d49402a w_e548eb7
dfe0f6d5.jpg,new_whale w_666b072 w_5570053 w_dbd2cff w_5f68f56
dfeb9b46.jpg,new_whale w_ee9c4d7 w_1772ed2 w_9ec358c w_0beef28
dff182ea.jpg,new_whale w_516bedb w_18eee6e w_6c803bf w_3af4e73
dff4b248.jpg,new_whale w_4e52a49 w_b9417ee w_0a97a25 w_73d5489
dff62efc.jpg,new_whale w_471cca4 w_94cd45e w_1eafe46 w_1dc6d62
e004a474.jpg,new_whale w_156c0db w_7dee51b w_1cb2134 w_9caed77
e013c343.jpg,new_whale w_813c5be w_c0d494d w_932c8cd w_1e3ce01
e0197a66.jpg,new_whale w_9bcb0f8 w_fa32440 w_03c6d18 w_9562910
e01c542c.jpg,new_whale w_18eee6e w_7fc15e6 w_d2be6cc w_c9e1cdc
e01cd459.jpg,new_whale w_4b7b80b w_95874a5 w_43be268 w_aa16da4
e021f5e1.jpg,new_whale w_c0d494d w_693c9ee w_f438375 w_9ea2cc3
e03effcb.jpg,new_whale w_8c1ec28 w_1d84278 w_0e737d0 w_1eafe46
e05581c0.jpg,new_whale w_8867074 w_bb37d93 w_f75302f w_3745f59
e058d696.jpg,new_whale w_92c7ace w_d88328d w_7b035cc w_3411b9f
e05c3e7e.jpg,new_whale w_0853262 w_494dd45 w_0dee306 w_0e737d0
e05e46d7.jpg,new_whale w_8fab53d w_1854334 w_f81c626 w_77e1d3f
e060d2fa.jpg,new_whale w_cece268 w_33f5747 w_db0ad01 w_35c8057
e068fcc2.jpg,new_whale w_f19faeb w_4b7b80b w_3f5e7fc w_dbda0d6
e0697e43.jpg,new_whale w_3aa2073 w_d3c8520 w_ecbf9fa w_3027b8f
e06da7e4.jpg,new_whale w_9b6b87d w_4c4c001 w_99ad599 w_288e40b
e076af68.jpg,new_whale w_e0f1df1 w_dfbfe10 w_32a920b w_93e1b76
e078c8ee.jpg,new_whale w_469f571 w_fa32440 w_a533837 w_3c2ec7a
e07fd75d.jpg,new_whale w_9ea2cc3 w_bb2d34d w_7179c98 w_7e253e1
e080f337.jpg,new_whale w_49bbc79 w_85f9040 w_f21f2ec w_17ee910
e085197e.jpg,new_whale w_54c00ad w_8c1e2e4 w_b820615 w_296749b
e088fc6a.jpg,new_whale w_eb47189 w_4e52a49 w_41ed8e8 w_6e8486d
e08abe4a.jpg,new_whale w_ba92e42 w_a524549 w_cbedcb0 w_799556e
e0905de9.jpg,new_whale w_30660bc w_a8ec52f w_f19faeb w_2e872af
e09b80a3.jpg,new_whale w_1da7080 w_d141590 w_59349ea w_1dd8e68
e09b8ac3.jpg,new_whale w_facffea w_3d66298 w_6c899ff w_6af9dd7
e09e9344.jpg,new_whale w_1e68ef5 w_1969a9d w_693c9ee w_62799b5
e0a4b31f.jpg,new_whale w_0e10dbe w_a5431ca w_fba3bde w_686408a
e0a5766a.jpg,new_whale w_fb72090 w_acbc912 w_693c9ee w_c0bb183
e0a65d64.jpg,new_whale w_2e4fecc w_6d17527 w_8f50a1f w_0c45f5e
e0a6de89.jpg,new_whale w_e0ba9ae w_90201e3 w_23dce10 w_3326396
e0a7159c.jpg,new_whale w_69e7dab w_b7a832a w_3c3c632 w_f4224b9
e0a9e64a.jpg,new_whale w_aef3680 w_b0aabf9 w_19ca2c6 w_c3d523d
e0ac04e3.jpg,new_whale w_acff672 w_1dc66b7 w_1596a47 w_a8e5d39
e0af5744.jpg,new_whale w_f22f3e3 w_4fd48e7 w_612f4a2 w_6443ad1
e0b0faec.jpg,new_whale w_4fa1bd5 w_87050a3 w_d2be6cc w_a2b3d53
e0ba16be.jpg,new_whale w_4855bd3 w_987a36f w_59eb8ae w_8d83172
e0c07f1d.jpg,new_whale w_654a5bb w_f438375 w_ab4cae2 w_4d98ef7
e0c6ac16.jpg,new_whale w_bc5beaa w_9948a99 w_136337c w_c57623d
e0cfd48b.jpg,new_whale w_861cc1c w_8397970 w_754c69f w_c95a0ea
e0cffa7c.jpg,new_whale w_1235317 w_dbda0d6 w_d6e5334 w_2085f2e
e0d5c7c1.jpg,new_whale w_7e48479 w_a67a1bc w_0e737d0 w_98baff9
e0d6c3fa.jpg,new_whale w_c0d494d w_73b705e w_98baff9 w_cb7b682
e0d6c515.jpg,new_whale w_6a3210a w_fc7cc24 w_80211fd w_dfbfe10
e0d823e6.jpg,new_whale w_bcb0696 w_d6e437d w_b4eeae6 w_08d1ccd
e0d8b65d.jpg,new_whale w_0869575 w_9a8684f w_1af5d59 w_8397970
e0d9164a.jpg,new_whale w_b9f5b8b w_9ff699b w_18eee6e w_71764b4
e0df22f3.jpg,new_whale w_ab4bd59 w_913a2ad w_17964ef w_9ca943b
e0e2acd8.jpg,new_whale w_7257028 w_36a4e8b w_5a6d315 w_338b130
e0e3e27f.jpg,new_whale w_fcfcf68 w_fae3939 w_6c99c53 w_54cd8e0
e0e6d96d.jpg,new_whale w_e9ffbe9 w_01d6ca0 w_f0af1f8 w_dd52cfc
e0e98dd3.jpg,new_whale w_d663f4f w_a59905f w_fd1cb9d w_ad32646
e0ea524a.jpg,new_whale w_38e4aae w_853c1f7 w_b6689cc w_d9fdd15
e0ebee1b.jpg,new_whale w_3326396 w_081dd6e w_7f867ec w_0f92544
e0f1f2f5.jpg,new_whale w_6c803bf w_4855bd3 w_3061bdd w_a14ccaa
e0f378cc.jpg,new_whale w_c9e1cdc w_6e8486d w_bb2d34d w_b6886e5
e0fa1a0f.jpg,new_whale w_8f1946f w_1596a47 w_cd70e8b w_eb8429c
e0fd4056.jpg,new_whale w_7554f44 w_4e68ddc w_d663f4f w_acc33ca
e106c476.jpg,new_whale w_a3cd405 w_0e737d0 w_b074cdf w_d19a884
e10906cf.jpg,new_whale w_ad32646 w_4e52a49 w_d663f4f w_37dd956
e1110b60.jpg,new_whale w_a048f26 w_54cd8e0 w_ddbf533 w_98baff9
e11177f9.jpg,new_whale w_0e4f53c w_b8ea509 w_ebe0ad5 w_3f904cf
e111b2cc.jpg,new_whale w_398aa7f w_15d7ecf w_4f248f3 w_9948a99
e1159e3d.jpg,new_whale w_cc5fae7 w_bf77b13 w_f19faeb w_1e7bb93
e119f2d7.jpg,new_whale w_6af9dd7 w_fd1cb9d w_2d29ddd w_e156c87
e12457fb.jpg,new_whale w_0899118 w_b0e05b1 w_9caed77 w_4b95330
e13818ad.jpg,new_whale w_2e42cc0 w_103488f w_bb2d34d w_6ee7470
e13bf974.jpg,new_whale w_2957331 w_69185bb w_73b705e w_85f9040
e13d71d6.jpg,new_whale w_9dc4181 w_86cc90f w_18a854b w_73c9ba2
e14189c6.jpg,new_whale w_49bbc79 w_44cccf6 w_c9e1cdc w_38e4aae
e14221fd.jpg,new_whale w_06ff732 w_d33c2ed w_eac205a w_fdf60bb
e144fc5a.jpg,new_whale w_19ca2c6 w_71764b4 w_f12415b w_17e8554
e146fb7c.jpg,new_whale w_cc3a724 w_7214e98 w_73d5489 w_1d53d9c
e152fa6f.jpg,new_whale w_53859b2 w_97493dd w_5c62a56 w_cd01afb
e15730d3.jpg,new_whale w_e64c9a6 w_98ab48e w_c0d494d w_eb39613
e15f8b53.jpg,new_whale w_17ee910 w_fa32440 w_affdf5d w_1287fbc
e163617d.jpg,new_whale w_930bc39 w_b9e00eb w_2b8e175 w_76599c3
e16ed43f.jpg,new_whale w_bdbec6c w_7554f44 w_c3d523d w_7cca153
e17288fb.jpg,new_whale w_7ecd94c w_9e862ac w_642bd9e w_ed07d84
e177f396.jpg,new_whale w_9dc4181 w_9434f0c w_ca8bfb4 w_0ea2545
e177fffa.jpg,new_whale w_bf38f05 w_9c3db0a w_7311fe4 w_4848a3c
e17cf0ca.jpg,new_whale w_3461d6d w_35453e0 w_a2660fd w_49bbc79
e17e0956.jpg,new_whale w_cbac51f w_d0b237f w_16d1b32 w_6c803bf
e1841979.jpg,new_whale w_d3c8520 w_6f211a9 w_3aa2073 w_697c72e
e18aff6a.jpg,new_whale w_d2be6cc w_bb2d34d w_6e8486d w_95874a5
e18d41d9.jpg,new_whale w_4fdaa2a w_02facde w_cae7677 w_33b9360
e18f6beb.jpg,new_whale w_817f022 w_e54feba w_6f2c662 w_75f217b
e198a41a.jpg,new_whale w_43be268 w_2d2d7fe w_fba3bde w_6fcceaf
e19d71ac.jpg,new_whale w_900fab7 w_296749b w_71c7322 w_d889b6a
e1a346d3.jpg,new_whale w_2658649 w_f22f3e3 w_98baff9 w_ca8bfb4
e1a34abf.jpg,new_whale w_b074cdf w_b066aa6 w_98baff9 w_a254eb0
e1a3c56e.jpg,new_whale w_5f82501 w_02a768d w_826eb44 w_06dbe6b
e1a7acab.jpg,new_whale w_bb37d93 w_40e3ee7 w_771d855 w_18eee6e
e1a8f9c8.jpg,new_whale w_62c3998 w_4659acf w_0324b97 w_86b9dfd
e1ad9104.jpg,new_whale w_17ee910 w_1287fbc w_0408054 w_c0d494d
e1b2de44.jpg,new_whale w_0408054 w_43be268 w_075aa6e w_6e8486d
e1baa424.jpg,new_whale w_c9e1cdc w_c0d494d w_6202983 w_4e54fac
e1dc4bb0.jpg,new_whale w_cb32cb8 w_3de676c w_d382236 w_0d39a68
e1dd31f9.jpg,new_whale w_be20b46 w_8459e39 w_7377b2b w_4e7e512
e1e028c4.jpg,new_whale w_c0d494d w_73b705e w_cb7b682 w_5b99089
e1e350b5.jpg,new_whale w_5e57e8b w_38efce7 w_1969a9d w_d52bc74
e1e81eb3.jpg,new_whale w_1b1c4f1 w_ee17a08 w_e158680 w_87e00c8
e1eb1a48.jpg,new_whale w_98baff9 w_fce6ab2 w_ba17206 w_b074cdf
e1eb41d0.jpg,new_whale w_2e872af w_b9e00eb w_bdbec6c w_02d5fad
e1f1a336.jpg,new_whale w_fd1cb9d w_fc7cc24 w_2d29ddd w_38e4aae
e1f4063a.jpg,new_whale w_6dbb861 w_302af0a w_d10472d w_48dd419
e1f9ffee.jpg,new_whale w_1d0e29a w_0fa8587 w_70715c1 w_f03ca16
e1fc59c5.jpg,new_whale w_8c9ed42 w_4e52a49 w_654a5bb w_41ed8e8
e20564a3.jpg,new_whale w_c263d43 w_9ea2cc3 w_0e737d0 w_469e847
e20c1b23.jpg,new_whale w_76599c3 w_11f6df1 w_a59905f w_987a36f
e20eecfb.jpg,new_whale w_3674103 w_09c1e0b w_f19faeb w_d52bc74
e21aec61.jpg,new_whale w_08f1502 w_1c6d5f0 w_eb7c39f w_0a565c5
e21bb758.jpg,new_whale w_85755f7 w_5d96ba4 w_22d812d w_e8a8d85
e21c2a5b.jpg,new_whale w_430849b w_2341d0a w_d8df4e5 w_38e4aae
e21d0eea.jpg,new_whale w_8bdc211 w_7885601 w_7e8b270 w_9caed77
e21ee05c.jpg,new_whale w_d22af00 w_c71bf0e w_d19a884 w_09d48d1
e21f0e36.jpg,new_whale w_73d5489 w_813c5be w_cae7677 w_e41fd4f
e22043d8.jpg,new_whale w_62f299e w_df092eb w_d428980 w_048f7a9
e22ad7d4.jpg,new_whale w_b688397 w_c2474a2 w_cc3a724 w_1287fbc
e22e5196.jpg,new_whale w_5d4facb w_4a3032d w_1ecfe96 w_bc93e4a
e22e6c4e.jpg,new_whale w_e988011 w_12c3d3d w_21e178f w_987a36f
e23037d0.jpg,new_whale w_a048f26 w_a1b985a w_80d95d6 w_cd01afb
e2318de7.jpg,new_whale w_60c5e7e w_ed32db9 w_71e851f w_002dc11
e2368ee7.jpg,new_whale w_e45bc18 w_5d84c65 w_d36f58c w_fea7fe6
e2377579.jpg,new_whale w_e9ac2a8 w_693c9ee w_361e290 w_ab4cae2
e23a1451.jpg,new_whale w_f93d780 w_d19a884 w_1eafe46 w_d224115
e23cb39e.jpg,new_whale w_8d46cef w_fd1cb9d w_6f2c662 w_7879ee1
e23ff7e2.jpg,new_whale w_dfbfe10 w_b8f8e69 w_49bbc79 w_057c418
e24590b4.jpg,new_whale w_9dc6e7f w_95874a5 w_7b39dda w_bb2d34d
e247e25d.jpg,new_whale w_64783fe w_af6c7e2 w_ee948c6 w_1dd8e68
e24bbbb7.jpg,new_whale w_f6fb689 w_0e737d0 w_7234b3d w_de2ff33
e24f9735.jpg,new_whale w_7b442c4 w_8044362 w_b4eeae6 w_5f82501
e24feaf5.jpg,new_whale w_a950d1c w_b074cdf w_bc62c0e w_afbc150
e252b5e1.jpg,new_whale w_9b401eb w_b942708 w_da63cba w_13c6b6b
e2563d98.jpg,new_whale w_c22307d w_9cb2dba w_471cca4 w_9c5ed68
e2597c1c.jpg,new_whale w_aae82f8 w_f801078 w_cd1f1ed w_65139e4
e25af704.jpg,new_whale w_d2f081f w_9df0865 w_718ce15 w_7f40920
e261399a.jpg,new_whale w_3d66298 w_64f3545 w_813c5be w_0beef28
e264ef13.jpg,new_whale w_9b098ea w_7dee51b w_7946258 w_b69eb76
e26fa15f.jpg,new_whale w_abe383e w_73b705e w_3b0894d w_b6886e5
e273bd8a.jpg,new_whale w_41a79d7 w_11b993a w_b6a95e0 w_2dae424
e2740479.jpg,new_whale w_b4eeae6 w_a58f64d w_b9f5b8b w_966e86e
e274c59b.jpg,new_whale w_de3cab3 w_ab1c859 w_d10472d w_4b7b80b
e278c9e8.jpg,new_whale w_361e290 w_71c7322 w_1eafe46 w_50729c4
e27e8336.jpg,new_whale w_91572bb w_d09e61a w_3449e4f w_3f907d6
e27feb98.jpg,new_whale w_6c803bf w_67599af w_4855bd3 w_12f2352
e2814ca2.jpg,new_whale w_f78c287 w_89e159a w_6c8601e w_67de30b
e2822a29.jpg,new_whale w_e6ced04 w_b9f5b8b w_61d516e w_f544197
e2864c9a.jpg,new_whale w_39043c9 w_2cca6a1 w_6fa41e8 w_ee948c6
e2885e5d.jpg,new_whale w_0b3b659 w_f5771d1 w_ab1c859 w_98baff9
e28b2c55.jpg,new_whale w_5bc5fc1 w_93bf5f4 w_35063ed w_d58a303
e28b5f9c.jpg,new_whale w_b738048 w_c0d494d w_d47e2e3 w_bc9dc37
e29a68b4.jpg,new_whale w_4ae9b0a w_d49402a w_8a2793e w_f774c8b
e29bce1e.jpg,new_whale w_b7f2cde w_398aa7f w_fba3bde w_7427ace
e2a10a23.jpg,new_whale w_2cdf820 w_c9e1cdc w_b6689cc w_17ee910
e2a2832c.jpg,new_whale w_050d056 w_bf77b13 w_993d66c w_c0287a9
e2a6b322.jpg,new_whale w_c9dc73e w_ab1c859 w_a965f14 w_b96d4e0
e2ac0e08.jpg,new_whale w_002222a w_78a4639 w_675e8e9 w_fd6f24f
e2ac38fa.jpg,new_whale w_5f82501 w_8044362 w_ba53619 w_2fdaa7f
e2bcee81.jpg,new_whale w_8420f42 w_b96d4e0 w_8f50a1f w_2952678
e2c164ed.jpg,new_whale w_98baff9 w_8ba2066 w_6092d5c w_693c9ee
e2c8597c.jpg,new_whale w_1dc66b7 w_6c803bf w_bb2d34d w_4855bd3
e2ca6095.jpg,new_whale w_b638c8f w_1743d93 w_6598219 w_c708776
e2d3aacc.jpg,new_whale w_ca8bfb4 w_e57b3ce w_cece268 w_f79b3f9
e2d569d2.jpg,new_whale w_73d5489 w_a526492 w_40a8760 w_cae7677
e2d93a3d.jpg,new_whale w_86b3de4 w_e3c0ae5 w_5ba417d w_376a413
e2e187a6.jpg,new_whale w_837646b w_1e1a051 w_b0e05b1 w_4b95330
e2e5b218.jpg,new_whale w_ed8a846 w_c13a4e3 w_5fbef36 w_14ba846
e2e7cf6f.jpg,new_whale w_38e4aae w_559ce61 w_64f3545 w_6e8486d
e2e9f06a.jpg,new_whale w_4ec48a9 w_f3bd33a w_4e1f7bd w_2957331
e2eb5bd3.jpg,new_whale w_058547a w_98baff9 w_0c42dba w_b0e05b1
e2eba8ea.jpg,new_whale w_fe19618 w_b8dff40 w_4fdaa2a w_62f804d
e2ef24f9.jpg,new_whale w_eb458bf w_55ce558 w_f8e6546 w_203e9d5
e2f875b3.jpg,new_whale w_3320e76 w_80171b9 w_80d95d6 w_feab6f3
e2fc9436.jpg,new_whale w_648a9a8 w_a9f41fd w_e2d0aaa w_b6c0c65
e30051c6.jpg,new_whale w_a964291 w_4659acf w_41ed8e8 w_b7d5069
e3012de6.jpg,new_whale w_c6be61e w_fa96a3d w_7763134 w_222dcb7
e3077d30.jpg,new_whale w_48dd419 w_654a5bb w_2071a4c w_ab4cae2
e307b7c2.jpg,new_whale w_2a32d3d w_9b804bd w_fdc8bf6 w_07e92ee
e31d9146.jpg,new_whale w_8c1ec28 w_a7d4668 w_741861e w_6202983
e31f309f.jpg,new_whale w_c622a3f w_b96d4e0 w_6d17527 w_a965f14
e321d1d5.jpg,new_whale w_a59905f w_13249f1 w_296749b w_54c00ad
e329558d.jpg,new_whale w_b0e05b1 w_40a8760 w_f0f0dbb w_73d5489
e3333016.jpg,new_whale w_bf38f05 w_f792125 w_fa32440 w_67fecca
e33d5738.jpg,new_whale w_c61de62 w_17ee910 w_cc8d317 w_affdf5d
e34a2318.jpg,new_whale w_43be268 w_4790f64 w_9ca943b w_3b0894d
e34b41c7.jpg,new_whale w_9b3ed01 w_5c62a56 w_4ec7c66 w_6f580eb
e34d3ca6.jpg,new_whale w_5c07f42 w_e02fe7b w_813c5be w_d0932d8
e34ddd25.jpg,new_whale w_4f248f3 w_9a2d56b w_b9e00eb w_5919cf7
e34edff8.jpg,new_whale w_7a9f3f6 w_44f0fa2 w_9ec358c w_4ebeafb
e352e6ae.jpg,new_whale w_4f248f3 w_00cb685 w_c58b474 w_3197568
e3576159.jpg,new_whale w_3e1ba5b w_a3dbc8f w_71764b4 w_7419e4b
e35f6b16.jpg,new_whale w_fd07344 w_70b9e55 w_53951e6 w_e826a6f
e36dcfc5.jpg,new_whale w_6c803bf w_987a36f w_67de30b w_d428980
e36e1f11.jpg,new_whale w_71c7322 w_affdf5d w_1c32062 w_361e290
e374bdbd.jpg,new_whale w_d47e2e3 w_59786da w_ddad87e w_aa16da4
e37669f5.jpg,new_whale w_5f50b5e w_654a5bb w_7e8b270 w_813c5be
e376c298.jpg,new_whale w_ab6bb0a w_fd07344 w_fba3bde w_95874a5
e378438c.jpg,new_whale w_dfbfe10 w_9288973 w_fd3ce71 w_32a920b
e37c3c24.jpg,new_whale w_251ee17 w_02c2248 w_844f032 w_99365b3
e37d0d22.jpg,new_whale w_73b705e w_abe383e w_c0d494d w_93bf889
e37dc3f9.jpg,new_whale w_532fb22 w_3af4e73 w_62f804d w_b6886e5
e380f597.jpg,new_whale w_e158680 w_945aefe w_36ac97f w_62c548b
e381a3f5.jpg,new_whale w_778ee6e w_2d99a0c w_cf00b01 w_bd6e2dd
e38391c9.jpg,new_whale w_1609b19 w_98baff9 w_8044362 w_ab4cae2
e387d7de.jpg,new_whale w_b7d5069 w_8b56cb1 w_a5a13d0 w_c27d036
e38844b7.jpg,new_whale w_cd02407 w_218b25e w_b588283 w_b1f6e70
e38c3de9.jpg,new_whale w_19ca2c6 w_2e27b77 w_62f804d w_98baff9
e3a14b02.jpg,new_whale w_60759c2 w_29eb3b2 w_5d96ba4 w_5374a4c
e3a281c1.jpg,new_whale w_c1b685f w_143b201 w_e449d3a w_b074f5e
e3ac32ef.jpg,new_whale w_3a94311 w_2d57dce w_a74742c w_861cc1c
e3af1c9a.jpg,new_whale w_2fe43c7 w_33fc58d w_71c7322 w_98507b5
e3b37eb2.jpg,new_whale w_0e9f6d9 w_1dff010 w_8d83172 w_56bbc91
e3b4ffb8.jpg,new_whale w_d09e61a w_d5f0261 w_a965f14 w_da63cba
e3b57056.jpg,new_whale w_693c9ee w_0471bdf w_e3c119c w_5f82501
e3c0cfa0.jpg,new_whale w_e430ce0 w_6ddbb81 w_ff1b64c w_eb0a6ed
e3c50fcd.jpg,new_whale w_6c803bf w_1743d93 w_8c1e2e4 w_77e1d3f
e3d1a5ff.jpg,new_whale w_1f00cb7 w_b074cdf w_e826a6f w_d0157fd
e3d21b29.jpg,new_whale w_3cfeb1a w_f22f3e3 w_8971f1d w_d663f4f
e3d79d08.jpg,new_whale w_ab4bd59 w_0f54cdf w_4f248f3 w_75378d3
e3dc2020.jpg,new_whale w_059e347 w_837646b w_6132293 w_3297a52
e3dd292f.jpg,new_whale w_a837660 w_7311fe4 w_c9566b4 w_79b42cd
e3dd4c06.jpg,new_whale w_eeb5fa7 w_d7de1ee w_8044362 w_2dae424
e3de7137.jpg,new_whale w_367b996 w_da2efe0 w_77607b5 w_40323ac
e3e2e4d3.jpg,new_whale w_da63cba w_847088b w_b39c722 w_3e9d82e
e3e39211.jpg,new_whale w_a19eecd w_01f8a43 w_64a51a4 w_434ad6a
e3e6c901.jpg,new_whale w_49bbc79 w_3461d6d w_3de676c w_dfbfe10
e3e7b8c1.jpg,new_whale w_4c8e7ae w_73b705e w_fa32440 w_361e290
e3f48013.jpg,new_whale w_f8e6546 w_3aa2073 w_987a36f w_ccb4adc
e3f5fb3c.jpg,new_whale w_38158d6 w_3061bdd w_14970b4 w_7e1521a
e3ff4282.jpg,new_whale w_2863d51 w_147b62b w_c30959a w_b4369cc
e3ff5803.jpg,new_whale w_23526cb w_54fc5b3 w_c053b99 w_f672e01
e4037da6.jpg,new_whale w_6c803bf w_67de30b w_b6c4efa w_98baff9
e404d9b9.jpg,new_whale w_540fd73 w_ed67618 w_1287fbc w_e73d83c
e40592af.jpg,new_whale w_7f40920 w_b0e05b1 w_53baa9b w_37bd99a
e40b104f.jpg,new_whale w_d9562f1 w_5deefd9 w_09d48d1 w_83df8d5
e40ce08f.jpg,new_whale w_7586198 w_8420f42 w_75e6bf3 w_20548a7
e40e1039.jpg,new_whale w_c34afd7 w_3e5069e w_e594616 w_69f4311
e40f9251.jpg,new_whale w_680e011 w_f369a80 w_f0a2e40 w_d9f1ea6
e410bd21.jpg,new_whale w_40a8760 w_b0e05b1 w_0d2dc7e w_c11932e
e418ffa0.jpg,new_whale w_7f45825 w_1310342 w_8286350 w_67de30b
e4211022.jpg,new_whale w_c128384 w_1a229eb w_4dfe7cb w_d6df554
e42691df.jpg,new_whale w_99365b3 w_6b851b1 w_544f7e7 w_5f50b5e
e4284977.jpg,new_whale w_07e92ee w_c11932e w_96ba432 w_3dd210a
e42be8c9.jpg,new_whale w_1dc6d62 w_238a4ad w_a13ada3 w_7e8b270
e43188f6.jpg,new_whale w_b074cdf w_15eae33 w_f33b12b w_eb0a6ed
e4353869.jpg,new_whale w_e428015 w_4b7b80b w_3af4e73 w_3ed4763
e4363ac7.jpg,new_whale w_fba3bde w_1948625 w_771d855 w_b6886e5
e438b6ea.jpg,new_whale w_e3f51ec w_8a2e496 w_11b993a w_693c9ee
e43df390.jpg,new_whale w_c9e1cdc w_1a5e7a2 w_662a132 w_bb2d34d
e44789b6.jpg,new_whale w_1489751 w_d2b4956 w_dd52cfc w_376a413
e448588c.jpg,new_whale w_9ca943b w_a21cc97 w_7d7d108 w_e02fe7b
e459ba31.jpg,new_whale w_eb8429c w_4fdaa2a w_9ca943b w_c27d036
e465d82b.jpg,new_whale w_fe49bc4 w_fe95ab8 w_d3ef4b2 w_fdc8bf6
e466c373.jpg,new_whale w_aa16da4 w_2184d07 w_1af5d59 w_3ae3603
e467aeba.jpg,new_whale w_bb2d34d w_97f5054 w_d6d502a w_a01d903
e46fdeae.jpg,new_whale w_7e49f1e w_d4c25b6 w_def715a w_ccbc782
e479aee2.jpg,new_whale w_9875c12 w_eb0a6ed w_4b7b80b w_1eafe46
e4804e24.jpg,new_whale w_3d0bc7a w_89ca343 w_11adaae w_2d99a0c
e4807825.jpg,new_whale w_3d66298 w_78ba632 w_813c5be w_e156c87
e4820abe.jpg,new_whale w_43340c5 w_9d3ba38 w_014250a w_a18d0dc
e4840666.jpg,new_whale w_a254eb0 w_b329c00 w_a526492 w_cae7677
e4852636.jpg,new_whale w_e5250e9 w_34c8690 w_aa70bc3 w_1f0da94
e48f556b.jpg,new_whale w_cd1f1ed w_3af4e73 w_fba3bde w_18eee6e
e4a2b2e2.jpg,new_whale w_e826a6f w_0e737d0 w_bb2d34d w_43c0762
e4a9e1c7.jpg,new_whale w_8cc9b05 w_1272a31 w_ca0ec7c w_5bb7ae9
e4b54435.jpg,new_whale w_f7a0fd7 w_5a81425 w_881f3c4 w_8044362
e4b6a768.jpg,new_whale w_febafc1 w_c0d494d w_6202983 w_4f248f3
e4c04116.jpg,new_whale w_31d3999 w_7b69289 w_9434f0c w_55647bd
e4c1147f.jpg,new_whale w_43be268 w_ee17a08 w_8c1e2e4 w_17ee910
e4c171fd.jpg,new_whale w_d382236 w_8d5ede1 w_7e8b270 w_cb32cb8
e4c5ccc2.jpg,new_whale w_f8e6546 w_f7d5919 w_ddbf533 w_b0e05b1
e4cca099.jpg,new_whale w_fc7cc24 w_616ca36 w_70a31ce w_f803b29
e4cd2332.jpg,new_whale w_4fd48e7 w_25871da w_24a2923 w_18df014
e4cd34e8.jpg,new_whale w_e158680 w_38e4aae w_2d99a0c w_945aefe
e4cd9c89.jpg,new_whale w_218b25e w_b738048 w_c0d494d w_f4ac89a
e4d0a6f7.jpg,new_whale w_9caed77 w_86b3f04 w_4b8d0c9 w_80d95d6
e4d17f0a.jpg,new_whale w_3326396 w_b0e05b1 w_f932abc w_721d2e9
e4d1bf0a.jpg,new_whale w_79071e8 w_987a36f w_96fd936 w_e05ee50
e4d6de44.jpg,new_whale w_96c6151 w_0f92544 w_73cbacd w_12c3d3d
e4ddccbd.jpg,new_whale w_80e649e w_e5edb40 w_2658649 w_084d01c
e4ed3d84.jpg,new_whale w_8431164 w_e09e886 w_06ff732 w_2e27b77
e4edfd8e.jpg,new_whale w_c95a0ea w_0308405 w_fd1cb9d w_987a36f
e4ee0973.jpg,new_whale w_4c8e7ae w_5b99089 w_c0d494d w_c00534d
e4f6caa1.jpg,new_whale w_1c69443 w_867c363 w_8b2cc42 w_084d01c
e4fb2224.jpg,new_whale w_49a3a96 w_53baa9b w_6c803bf w_625a6a9
e4fd330f.jpg,new_whale w_e6f5e09 w_ec87420 w_83df8d5 w_d3c8520
e5069754.jpg,new_whale w_ca6a771 w_42f935c w_0c6d50d w_98baff9
e50cd098.jpg,new_whale w_35453e0 w_89317b0 w_5dbe64d w_62c3998
e512a3ef.jpg,new_whale w_02bb4cf w_96fd936 w_ff94ad6 w_aa16da4
e5175173.jpg,new_whale w_4cff2f8 w_4b7b80b w_7554f44 w_90201e3
e51f607a.jpg,new_whale w_f104523 w_b3e6069 w_b074cdf w_17411dd
e524b5da.jpg,new_whale w_97bc172 w_423e872 w_a2b3d53 w_e0ba9ae
e52e3b77.jpg,new_whale w_f6fb689 w_a01d903 w_fe2742d w_de2ff33
e539fb72.jpg,new_whale w_f8e6546 w_4b7b80b w_b0e05b1 w_8fab53d
e53a4861.jpg,new_whale w_d635930 w_7554f44 w_ff7630a w_a59221a
e53b218e.jpg,new_whale w_06fd726 w_3197568 w_17964ef w_3e1ba5b
e53b3f6f.jpg,new_whale w_60cc444 w_480b2d4 w_0e737d0 w_8ecd3a7
e53cbae6.jpg,new_whale w_fcfcf68 w_6df35bf w_8459e39 w_fae3939
e53e197b.jpg,new_whale w_e39371c w_daa4876 w_993dbe8 w_7554f44
e53f05ea.jpg,new_whale w_3d4900b w_aa16da4 w_778ee6e w_97f5054
e53fc16b.jpg,new_whale w_741861e w_0b4bd89 w_2a18a44 w_4ebeafb
e541a4d4.jpg,new_whale w_89e159a w_aae82f8 w_ca55545 w_fd1cb9d
e5437846.jpg,new_whale w_1287fbc w_0a2af22 w_dcb1f2a w_b942708
e544c3e1.jpg,new_whale w_f19faeb w_d19a884 w_361e290 w_dbda0d6
e54928d5.jpg,new_whale w_b0e05b1 w_7d819df w_5f50b5e w_f0f0dbb
e54bb471.jpg,new_whale w_c06dd6e w_a31900f w_b7fe199 w_410142f
e54c498b.jpg,new_whale w_79b42cd w_7311fe4 w_31d3999 w_2cadad2
e550e478.jpg,new_whale w_c22307d w_3694c7d w_2d29ddd w_0c6dbbe
e5616265.jpg,new_whale w_f546b0a w_c3d523d w_ace8c54 w_3af4e73
e561b0f8.jpg,new_whale w_b14007c w_402784d w_15d1235 w_8044362
e569b830.jpg,new_whale w_7f199c6 w_de2ff33 w_302af0a w_a01d903
e57d01a5.jpg,new_whale w_dcb1f2a w_dcf2001 w_1287fbc w_95874a5
e580c375.jpg,new_whale w_26edeb8 w_2fe43c7 w_20eb13c w_bc9dc37
e582c7f9.jpg,new_whale w_045d9fc w_aa16da4 w_511c464 w_44f66a7
e583b3c8.jpg,new_whale w_94bc64e w_24a2923 w_0f92544 w_ddf14ae
e5879bc4.jpg,new_whale w_143b201 w_3c4062e w_8f28757 w_d22af00
e59d1457.jpg,new_whale w_ad1d93b w_0e4f53c w_30cf2ca w_7875b79
e59d39d3.jpg,new_whale w_35ffe80 w_e4d3ec3 w_d5ec83f w_9923d21
e59f906e.jpg,new_whale w_552a16e w_dbda0d6 w_43be268 w_19ca2c6
e5a2c943.jpg,new_whale w_b4d182b w_1d4f970 w_a254eb0 w_84f9c41
e5a7eb60.jpg,new_whale w_3e5069e w_999275d w_f208155 w_2d99a0c
e5ac86fd.jpg,new_whale w_8c1ec28 w_a254eb0 w_c2474a2 w_c2c4f43
e5b5b78c.jpg,new_whale w_94da90b w_53859b2 w_e7f8e67 w_f3db3f1
e5b61503.jpg,new_whale w_3326396 w_98baff9 w_837646b w_5f50b5e
e5b9d241.jpg,new_whale w_0ac9006 w_4f103de w_b678944 w_7311fe4
e5c00d51.jpg,new_whale w_73e1d5b w_8fab53d w_d96a0cd w_ead305f
e5c09799.jpg,new_whale w_0d39a68 w_a5a13d0 w_affdf5d w_21e178f
e5c7948a.jpg,new_whale w_0e737d0 w_a06bdc4 w_bbf20b4 w_b074cdf
e5c7b97d.jpg,new_whale w_0dee306 w_b318111 w_494dd45 w_367b996
e5cc2bc4.jpg,new_whale w_e8ba2d8 w_69a9f72 w_7377b2b w_8459e39
e5cf1143.jpg,new_whale w_2dae424 w_7554f44 w_b074cdf w_7311fe4
e5df15c3.jpg,new_whale w_569c2c7 w_9948a99 w_21e178f w_b0e05b1
e5df223e.jpg,new_whale w_34a0eab w_10a366f w_43b50e5 w_fa96a3d
e5df3a5f.jpg,new_whale w_09e0cbf w_7c6ad05 w_14964c1 w_8968506
e5e50ad1.jpg,new_whale w_3e6a161 w_a58f64d w_406331a w_87e8446
e5e6b9c1.jpg,new_whale w_1a5e7a2 w_62c3998 w_bb2d34d w_dcb1f2a
e5e9d91c.jpg,new_whale w_0a97a25 w_b0e05b1 w_5dc538d w_4785de7
e5fe3dfc.jpg,new_whale w_7f0700f w_b0e05b1 w_490b224 w_a7f3698
e5fe6cf7.jpg,new_whale w_fbcb6e4 w_b7d5069 w_d47e2e3 w_7c7a78c
e607220f.jpg,new_whale w_a3cd405 w_fd1cb9d w_7c7a78c w_d3ef4b2
e611ed44.jpg,new_whale w_2fe43c7 w_c87c10b w_c27d036 w_026fdf8
e614a7c8.jpg,new_whale w_44cb3ee w_adeee48 w_ead305f w_f792125
e614b474.jpg,new_whale w_2039053 w_3fa2cb1 w_2fd73d9 w_2071a4c
e6185eb2.jpg,new_whale w_fcfcf68 w_6c99c53 w_95aad92 w_5f8b9b9
e61b2d60.jpg,new_whale w_0729511 w_9ceb05d w_693c9ee w_5014d6c
e620d13c.jpg,new_whale w_8717ef3 w_0ea2545 w_9c5ed68 w_c3ff6f2
e626047f.jpg,new_whale w_c1b3568 w_b6886e5 w_1dff010 w_8d83172
e62b99fb.jpg,new_whale w_f6fb689 w_33b9360 w_bb2d34d w_69e1d0a
e62ba47b.jpg,new_whale w_4e52a49 w_7b035cc w_2f6a962 w_d88328d
e62d220b.jpg,new_whale w_fc76ede w_9287bbb w_3a94311 w_395d578
e62d6780.jpg,new_whale w_773509f w_e7a238b w_2fd79c1 w_43be268
e62e3285.jpg,new_whale w_12f2352 w_3694c7d w_91e86c4 w_a13ada3
e63003b8.jpg,new_whale w_19e5d10 w_15427c3 w_524f51e w_98baff9
e6312bb1.jpg,new_whale w_53859b2 w_89e159a w_cf24f84 w_8c66a16
e6336863.jpg,new_whale w_e09e886 w_06ff732 w_00fbb4e w_df21074
e6337915.jpg,new_whale w_97493dd w_82c9c67 w_143b201 w_680e011
e63842b0.jpg,new_whale w_e61dd6d w_3b0894d w_cf00b01 w_62c3998
e63c550a.jpg,new_whale w_9ca943b w_0f54cdf w_acc67ea w_ec354a5
e64104d9.jpg,new_whale w_4b7b80b w_a524549 w_1d53d9c w_35063ed
e641645a.jpg,new_whale w_c58b474 w_b066aa6 w_6202983 w_a837660
e6428ba4.jpg,new_whale w_18eee6e w_21e178f w_48a98d7 w_9ea2cc3
e6472acf.jpg,new_whale w_7763134 w_f19faeb w_217e78a w_80b1c48
e64baa7b.jpg,new_whale w_7248590 w_a1e017f w_2071a4c w_41cd8bc
e6508457.jpg,new_whale w_7554f44 w_83714b7 w_8867074 w_243e33e
e657fd45.jpg,new_whale w_becdfdc w_da0372d w_2c3f440 w_6556c5c
e65918ea.jpg,new_whale w_1f00cb7 w_434ad6a w_b074cdf w_4e68ddc
e6638231.jpg,new_whale w_fa32440 w_b96d4e0 w_77f3e70 w_54b0844
e66421f0.jpg,new_whale w_36a4e8b w_74adf0b w_4fd48e7 w_c4cafb8
e667871d.jpg,new_whale w_dbda0d6 w_87050a3 w_7554f44 w_cae7677
e668e733.jpg,new_whale w_d3ce445 w_2850471 w_813c5be w_1facad2
e6697092.jpg,new_whale w_014a645 w_dd76ce2 w_f104523 w_6734e40
e66ab58e.jpg,new_whale w_143b201 w_871b1b9 w_6ab7b53 w_3e57104
e66f335a.jpg,new_whale w_e62a48d w_71c7322 w_4855bd3 w_9875c12
e6725f25.jpg,new_whale w_143b201 w_fe96bef w_9f718e8 w_1489751
e673af58.jpg,new_whale w_efe57c7 w_de3cab3 w_cf24f84 w_76d84e2
e6745599.jpg,new_whale w_b4732ef w_a365757 w_1eafe46 w_cfddb15
e6790285.jpg,new_whale w_ea96346 w_d2ab9c4 w_4b83ce2 w_063d82f
e67bc4df.jpg,new_whale w_d10c9ff w_be1f35d w_d141590 w_785f62b
e67f94ea.jpg,new_whale w_45b90d9 w_05ec84e w_c06dd6e w_e2d0aaa
e682e910.jpg,new_whale w_5d6786e w_a59905f w_62f804d w_0beef28
e6839ab2.jpg,new_whale w_8534390 w_a59905f w_2863d51 w_67de30b
e68f8bb2.jpg,new_whale w_7294a6a w_9b3ed01 w_690fc6b w_a7c6cf3
e698762b.jpg,new_whale w_7763134 w_43be268 w_47d2bc6 w_bc62c0e
e69e5bf1.jpg,new_whale w_cae7677 w_d663f4f w_aa16da4 w_eb0a6ed
e6a44b84.jpg,new_whale w_01687a8 w_4fd48e7 w_64f3545 w_aa16da4
e6ac0f35.jpg,new_whale w_0cc4a2b w_d428980 w_9a8684f w_01cbcbf
e6afeaf6.jpg,new_whale w_a9f41fd w_eb9ab29 w_fce6ab2 w_fe5e78b
e6b15b91.jpg,new_whale w_7bda16b w_2a939eb w_b05c57f w_6c803bf
e6b928fd.jpg,new_whale w_9bf57f8 w_a3dbc8f w_48a98d7 w_60eba40
e6bde375.jpg,new_whale w_03b5e9a w_7d819df w_3aa2073 w_ed32db9
e6be0e70.jpg,new_whale w_f6411ea w_3e1a037 w_517a3bc w_964ce09
e6bf93b9.jpg,new_whale w_b31d830 w_e6541e4 w_d8eae88 w_5384c57
e6bfaba0.jpg,new_whale w_c1b685f w_77e1d3f w_0a97a25 w_44a6b62
e6c4a7ca.jpg,new_whale w_0d0bc48 w_b688397 w_98baff9 w_25d7f93
e6cdf789.jpg,new_whale w_e27cf3f w_0beef28 w_f3bd33a w_4f6fabd
e6cf6bde.jpg,new_whale w_076c122 w_ccc8e31 w_e61dd6d w_e8778ce
e6d3d647.jpg,new_whale w_5cef366 w_7e8b270 w_23cd105 w_414c24a
e6d6bd0f.jpg,new_whale w_b970272 w_7d9642c w_5d6786e w_b6886e5
e6d7c10d.jpg,new_whale w_2bea4c4 w_dfbfe10 w_e156c87 w_d037229
e6d8e5f1.jpg,new_whale w_3de676c w_5624f08 w_49bbc79 w_0d39a68
e6d9cc0a.jpg,new_whale w_693c9ee w_ff7630a w_48a5b86 w_dbda0d6
e6fa3e31.jpg,new_whale w_6249f5d w_68b47a1 w_9d2ded8 w_997582c
e6fa71e8.jpg,new_whale w_e449d3a w_ee23a5f w_9378098 w_014a645
e7004258.jpg,new_whale w_6249f5d w_bbf58a9 w_3a78626 w_156c0db
e70475b6.jpg,new_whale w_0d39a68 w_f4e0748 w_3c304db w_1ecfe96
e70a8376.jpg,new_whale w_6c803bf w_ea2385d w_7a2dfd7 w_4ebeafb
e72554a5.jpg,new_whale w_7c7a78c w_44a6b62 w_3411b9f w_96fd936
e726ccb0.jpg,new_whale w_2c717fb w_42addf7 w_d89b29e w_cae7677
e731f82d.jpg,new_whale w_5f215db w_95b6cc3 w_656ef35 w_d3f5be3
e738d2ea.jpg,new_whale w_056be75 w_95dd5d2 w_97eaa0e w_8a98ddb
e73ac704.jpg,new_whale w_97f5054 w_17ee910 w_5d96ba4 w_73b705e
e73b96f4.jpg,new_whale w_e7aa703 w_13c6b6b w_156c0db w_3fcb80e
e74729e4.jpg,new_whale w_9ba1eee w_dfbfe10 w_a2633d4 w_0ac6a0a
e7497784.jpg,new_whale w_ab4cae2 w_693c9ee w_4142305 w_540fd73
e74ed7ac.jpg,new_whale w_ff7630a w_86ff8a6 w_7554f44 w_66c1b54
e75306e0.jpg,new_whale w_70b4610 w_eb0a6ed w_9875c12 w_8507226
e75592d1.jpg,new_whale w_02d5fad w_3fc3d07 w_ff1b64c w_42dd100
e7605d7f.jpg,new_whale w_fae3939 w_d0157fd w_403f92f w_8e23e4c
e76146d2.jpg,new_whale w_2d99a0c w_e61dd6d w_5c0e858 w_1a70685
e7632645.jpg,new_whale w_1ec0481 w_eb0a6ed w_0acce53 w_9caed77
e7674dd0.jpg,new_whale w_9b098ea w_4e54fac w_4fd48e7 w_f4ac89a
e76ddad6.jpg,new_whale w_20da4cf w_3c3267c w_fda4fc5 w_987a36f
e770a1b8.jpg,new_whale w_7bda16b w_5af463d w_d9fdd15 w_44cccf6
e77125f1.jpg,new_whale w_2173953 w_d2be6cc w_06972d2 w_5dc538d
e771f46f.jpg,new_whale w_89e159a w_fd1cb9d w_92c7ace w_bcb0696
e775d25f.jpg,new_whale w_dbda0d6 w_06c470d w_91361f0 w_eb0a6ed
e77b458a.jpg,new_whale w_44a6b62 w_b9e00eb w_b678944 w_bdbec6c
e77f316a.jpg,new_whale w_8d83172 w_1a70685 w_987a36f w_1dff010
e78a0547.jpg,new_whale w_837646b w_c2c4f43 w_699be3a w_85755f7
e79d9404.jpg,new_whale w_a2633d4 w_503ff17 w_dff77b6 w_70b9e55
e7a1d21f.jpg,new_whale w_a2a1378 w_bfe749f w_ee9c4d7 w_19eb1b8
e7ad9817.jpg,new_whale w_b678944 w_6202983 w_fb4d1f1 w_6d17527
e7af742a.jpg,new_whale w_fd587bc w_636638f w_5ba417d w_7d4cb72
e7b23328.jpg,new_whale w_efa1fc7 w_05ecba5 w_67de30b w_d428980
e7b2a035.jpg,new_whale w_2282bb8 w_1eafe46 w_0e737d0 w_36a4e8b
e7b3694b.jpg,new_whale w_8cf18ac w_b47a4a1 w_5c07f42 w_ace8c54
e7b5823d.jpg,new_whale w_12c3d3d w_573eb8f w_419d308 w_1717a13
e7b7d1c7.jpg,new_whale w_675e8e9 w_4476e55 w_8691e58 w_b0aed4a
e7ba9fb4.jpg,new_whale w_1d84278 w_ab4cae2 w_eb0a6ed w_1eafe46
e7c148f4.jpg,new_whale w_7bf3a5c w_551f5ca w_fbcb6e4 w_abe383e
e7c72bd0.jpg,new_whale w_de3cab3 w_5436d75 w_cce0444 w_8a66718
e7c92028.jpg,new_whale w_516bedb w_c9e1cdc w_6c803bf w_1a70685
e7c9e5aa.jpg,new_whale w_6a4e5f2 w_186bcab w_06e47e3 w_3f754d6
e7cd4674.jpg,new_whale w_2d99a0c w_127f4c6 w_67de30b w_fc7cc24
e7cf5b05.jpg,new_whale w_9ea2cc3 w_a59905f w_4ebeafb w_7a2dfd7
e7d9db2a.jpg,new_whale w_0819271 w_1eafe46 w_ee17a08 w_b678944
e7e60362.jpg,new_whale w_c39fceb w_826eb44 w_1b6d34d w_09be3ad
e7edf4b5.jpg,new_whale w_0fce9a3 w_17a3581 w_048f7a9 w_fd1cb9d
e7eebb5b.jpg,new_whale w_b6301f8 w_48c9deb w_f86488a w_8201aa8
e7eef00c.jpg,new_whale w_a5deba3 w_48a98d7 w_d4fa6f3 w_4ebeafb
e7f573ba.jpg,new_whale w_cef690d w_987a36f w_367b996 w_4cff2f8
e7f5f9ba.jpg,new_whale w_269b090 w_790c2aa w_60759c2 w_8158b1f
e7fb4b5a.jpg,new_whale w_8114b1b w_73d5489 w_5d84c65 w_2e872af
e7fea4dc.jpg,new_whale w_e3c119c w_b074cdf w_b066aa6 w_4e68ddc
e8034a33.jpg,new_whale w_3cbccb7 w_42f935c w_fd1cb9d w_f8e6546
e815c73f.jpg,new_whale w_7e5cc5e w_33b9360 w_d382236 w_c27d036
e815d139.jpg,new_whale w_4fb3c95 w_dbda0d6 w_0b04c08 w_b074cdf
e8170d86.jpg,new_whale w_2dce318 w_7c2d27c w_d20befa w_3eaef21
e8181ae8.jpg,new_whale w_3bb210a w_8a816b1 w_24a2923 w_1632307
e819c144.jpg,new_whale w_fc15159 w_8c1e2e4 w_1a70685 w_2d99a0c
e81a866d.jpg,new_whale w_c6ac89b w_9ea2cc3 w_17ee910 w_f6fb689
e81d7140.jpg,new_whale w_09f9fd3 w_eb39613 w_f5eb6c6 w_a1e017f
e822fa31.jpg,new_whale w_f79b3f9 w_55647bd w_5f82501 w_4f103de
e8232c01.jpg,new_whale w_5bdb7c2 w_6202983 w_fba3bde w_5a5c560
e8250d97.jpg,new_whale w_52eecb4 w_c39c56e w_cf82352 w_219e33c
e82537d9.jpg,new_whale w_e09e886 w_67de30b w_0d0ecfb w_f792125
e826af79.jpg,new_whale w_4114553 w_12cdfbd w_f5b8faf w_43be268
e830b2dd.jpg,new_whale w_a422d00 w_dc97dc3 w_52e7cf6 w_39f2064
e833a750.jpg,new_whale w_b074cdf w_7554f44 w_7918071 w_e826a6f
e839425b.jpg,new_whale w_0869575 w_ceffa10 w_32602d9 w_398aa7f
e83b46af.jpg,new_whale w_2eabd5a w_9562910 w_ab2d17a w_b081817
e84ef233.jpg,new_whale w_44a6b62 w_6202983 w_750dc93 w_656ef35
e85567d3.jpg,new_whale w_cb5ea24 w_3de676c w_0d39a68 w_f6c23d5
e8563083.jpg,new_whale w_e58fbe3 w_df092eb w_0ebd514 w_a59905f
e858ac12.jpg,new_whale w_d11c53b w_ca4ca6f w_98413c8 w_e5d6443
e85bf914.jpg,new_whale w_98dcedd w_12c3d3d w_5f43cde w_987a36f
e86dbf2d.jpg,new_whale w_238bbbf w_daf1085 w_3f90907 w_eb47189
e86e9949.jpg,new_whale w_c06dd6e w_71e6583 w_38a3f72 w_d51a79f
e871d82d.jpg,new_whale w_34c4927 w_eb47189 w_6132293 w_f803b29
e873c32f.jpg,new_whale w_a59905f w_7f6ce8e w_8c1dab2 w_f81c626
e873cf16.jpg,new_whale w_1743d93 w_1c69443 w_12f2352 w_5007db3
e8748ac2.jpg,new_whale w_1c22d7e w_871b1b9 w_eb0a6ed w_d141590
e88055b2.jpg,new_whale w_55647bd w_31d3999 w_ca5abbb w_7b69289
e88d682a.jpg,new_whale w_c429c2a w_8e25bfa w_cae7677 w_376a413
e88f2cb1.jpg,new_whale w_66fb697 w_73d5489 w_8c3db0a w_3f904cf
e89195be.jpg,new_whale w_0d39a68 w_3de676c w_e62b5d8 w_816d462
e8935343.jpg,new_whale w_78f2e92 w_ee17a08 w_7e8b270 w_ed67618
e894e6b6.jpg,new_whale w_29670e2 w_601b6d4 w_403f92f w_cad1a8d
e8989c33.jpg,new_whale w_1a5beb9 w_ff70408 w_599d0df w_5007db3
e89d534b.jpg,new_whale w_3d4900b w_4e52a49 w_b0e05b1 w_cae7677
e89de9c1.jpg,new_whale w_acff672 w_4855bd3 w_63db6f9 w_f0612be
e89f7d90.jpg,new_whale w_09dd18c w_11c504f w_67de30b w_8044362
e8a19bb5.jpg,new_whale w_bcad8eb w_a2660fd w_3694c7d w_dfbfe10
e8a2a4cb.jpg,new_whale w_2e872af w_1dd8e68 w_60c5e7e w_3bb210a
e8ab4e42.jpg,new_whale w_7ed55c4 w_542f8ca w_303518a w_7c44934
e8ad0836.jpg,new_whale w_b6410bc w_059e347 w_a254eb0 w_ff2ca5c
e8af673c.jpg,new_whale w_0dee306 w_2870b33 w_02d5fad w_b96d4e0
e8b83fff.jpg,new_whale w_18df014 w_096bc48 w_27fc5d3 w_8c1ec28
e8bdaaae.jpg,new_whale w_654a5bb w_7c7a78c w_8fab53d w_861cc1c
e8c58ff0.jpg,new_whale w_43be268 w_68fb716 w_e02fe7b w_9ceb05d
e8cf61d4.jpg,new_whale w_7311fe4 w_993d66c w_a155149 w_79b42cd
e8cfd4fd.jpg,new_whale w_fe49bc4 w_693c9ee w_1eafe46 w_d9adb4f
e8dbaffd.jpg,new_whale w_7ed0d17 w_36ac97f w_050bdac w_217e78a
e8e02c0c.jpg,new_whale w_fd587bc w_7cca153 w_5fc5ea5 w_0e4f53c
e8e10398.jpg,new_whale w_f86488a w_4e52a49 w_e0f1df1 w_d88328d
e8e90f72.jpg,new_whale w_12c3d3d w_f8e6546 w_8fab53d w_f4c78e5
e8eaccfa.jpg,new_whale w_8fac7da w_e30e97f w_3aa2073 w_dd52cfc
e8edb481.jpg,new_whale w_ec38983 w_f5eb6c6 w_8044362 w_5ba417d
e8f30203.jpg,new_whale w_40323ac w_c58b474 w_8464638 w_ee17a08
e8f3c81e.jpg,new_whale w_dbda0d6 w_5f82501 w_243e33e w_ab4cae2
e8faf152.jpg,new_whale w_9288973 w_2d99a0c w_8ebb024 w_aed6a9a
e8fe485c.jpg,new_whale w_33973bf w_0d48a7d w_6247b2e w_19dc50f
e8fef128.jpg,new_whale w_d663f4f w_2be1c9c w_79b42cd w_b4732ef
e902c27b.jpg,new_whale w_a01d903 w_c128384 w_c07f119 w_fd1cb9d
e90bd004.jpg,new_whale w_540fd73 w_491607b w_cb7b682 w_a837660
e90ebcb3.jpg,new_whale w_becdfdc w_578a509 w_231a0c8 w_046a210
e9169109.jpg,new_whale w_99ad599 w_41901e5 w_22da5b6 w_d3c8520
e9199e82.jpg,new_whale w_679f2eb w_7257028 w_402784d w_5fbef36
e91a7edf.jpg,new_whale w_0fce9a3 w_9122179 w_f4e0748 w_26edeb8
e91aa901.jpg,new_whale w_50d2084 w_8719b04 w_1dff010 w_e0f1df1
e91ee0e4.jpg,new_whale w_8968506 w_cae7677 w_98baff9 w_4b7b80b
e9235d46.jpg,new_whale w_d428980 w_8f593d4 w_c133ea8 w_7f40920
e927f721.jpg,new_whale w_b17f9ea w_ab1c859 w_44beff0 w_20548a7
e92890a9.jpg,new_whale w_7ba4b5a w_d2be6cc w_40323ac w_7bcc2d6
e92cc274.jpg,new_whale w_ac05864 w_0dac526 w_11adaae w_9ea2cc3
e92e740e.jpg,new_whale w_44cb3ee w_9c5ed68 w_adb041c w_db93738
e92e9b2d.jpg,new_whale w_e4616da w_901363f w_959b917 w_d141590
e935f7ea.jpg,new_whale w_024358d w_1eafe46 w_dbda0d6 w_eb0a6ed
e938be85.jpg,new_whale w_0d0ecfb w_97f5054 w_6249f5d w_3b99025
e93adc5f.jpg,new_whale w_73d5489 w_c11932e w_a526492 w_f8e6546
e93df57f.jpg,new_whale w_8c1ec28 w_7a95674 w_6202983 w_471cca4
e941e127.jpg,new_whale w_db2baec w_af06773 w_711aaa1 w_10ace22
e948a6c8.jpg,new_whale w_7e8b270 w_0e737d0 w_2739d94 w_cae7677
e94dbb59.jpg,new_whale w_18eee6e w_f2e9055 w_d663f4f w_75f217b
e952f0b8.jpg,new_whale w_cbac51f w_d0b237f w_6c803bf w_18eee6e
e95d6c5d.jpg,new_whale w_63fc906 w_4bf5a06 w_b074cdf w_d5293a1
e95dc6d3.jpg,new_whale w_34c4927 w_eb47189 w_41ed8e8 w_4e52a49
e95e9206.jpg,new_whale w_9c3db0a w_a18d0dc w_5b99089 w_7b770ec
e95ea72d.jpg,new_whale w_89e159a w_f4e0748 w_987a36f w_0ee4d6d
e96d0e16.jpg,new_whale w_1f00cb7 w_aa16da4 w_434ad6a w_4e68ddc
e973e0d3.jpg,new_whale w_c9e1cdc w_6c803bf w_17d5eb9 w_516bedb
e978a654.jpg,new_whale w_7a2dfd7 w_6c803bf w_8d83172 w_987a36f
e97baa6f.jpg,new_whale w_87050a3 w_0e9f6d9 w_9a1d8e7 w_1287fbc
e97cdd5f.jpg,new_whale w_20c671c w_fc61767 w_6734e40 w_493c000
e97d29c7.jpg,new_whale w_c622a3f w_ef89b72 w_8a31e6c w_7b770ec
e982e080.jpg,new_whale w_1d17e8c w_8ecd3a7 w_19aeb9c w_b96d4e0
e9832f71.jpg,new_whale w_11f6df1 w_d2be6cc w_987a36f w_e61dd6d
e9882edc.jpg,new_whale w_8c1ec28 w_785f62b w_db474c7 w_44a6b62
e988f465.jpg,new_whale w_cd01afb w_9205d40 w_f774c8b w_4fb3c95
e98fc0b4.jpg,new_whale w_4dfe7cb w_fd1cb9d w_aae82f8 w_89e159a
e995c24e.jpg,new_whale w_a3cd405 w_e826a6f w_8ba2066 w_0e737d0
e9975c0c.jpg,new_whale w_e61dd6d w_6e8486d w_3b0894d w_3fe1eb9
e9981483.jpg,new_whale w_4f94f26 w_d428980 w_a22f338 w_fd1cb9d
e99a54f1.jpg,new_whale w_0988bbb w_f69889f w_cae7677 w_7538a4c
e99cfc49.jpg,new_whale w_5fc0120 w_59eb8ae w_5b8f282 w_f4fc8cc
e9a70bdd.jpg,new_whale w_e3c0ae5 w_02c2248 w_251ee17 w_2071a4c
e9ae17a0.jpg,new_whale w_02c9470 w_bb2d34d w_964ce09 w_4c4c001
e9b0f5be.jpg,new_whale w_afe953f w_e6d0696 w_4e52a49 w_b066aa6
e9b3f1bb.jpg,new_whale w_2e4fecc w_392bee3 w_e45bc18 w_7d4cb72
e9b689bc.jpg,new_whale w_20eb13c w_fba3bde w_6c803bf w_4b7b80b
e9c197e6.jpg,new_whale w_87cb6bd w_cc3a724 w_67de30b w_7f6ce8e
e9cc7403.jpg,new_whale w_ed10a36 w_06ff732 w_0aae8c1 w_037955e
e9ce076e.jpg,new_whale w_aa16da4 w_c3d523d w_6c3d086 w_6232813
e9ce37f8.jpg,new_whale w_7ed3719 w_896023f w_b55242e w_1aa512b
e9ce8cb2.jpg,new_whale w_1235317 w_430766d w_d6e5334 w_05567a9
e9cf1f63.jpg,new_whale w_a11d17e w_18df014 w_9874f0d w_78a6f56
e9d0d202.jpg,new_whale w_c128384 w_60c5e7e w_0f9166e w_5297ab3
e9dd7dfa.jpg,new_whale w_569c2c7 w_693c9ee w_48a98d7 w_1287fbc
e9e4b698.jpg,new_whale w_fd1cb9d w_1dff010 w_b648329 w_5eda687
e9e56dc7.jpg,new_whale w_8a2e496 w_338b130 w_14964c1 w_3aa2073
e9e94c60.jpg,new_whale w_651cbb7 w_f0612be w_acff672 w_4855bd3
e9e9c00d.jpg,new_whale w_490c8a0 w_2db01d5 w_fe49bc4 w_0e25cf2
e9eb4c61.jpg,new_whale w_3e57104 w_dd76ce2 w_f0f0dbb w_797e546
e9eb5d6e.jpg,new_whale w_b0e05b1 w_c926fc3 w_9287bbb w_96c6151
e9ec236e.jpg,new_whale w_04c1951 w_dd52cfc w_776ba6e w_3c4062e
e9f1453a.jpg,new_whale w_17a2610 w_94e1ed4 w_6c803bf w_711aaa1
e9f6c7aa.jpg,new_whale w_338b130 w_97f5054 w_c0d494d w_d3a5075
e9f90502.jpg,new_whale w_212b985 w_4ebeafb w_2d99a0c w_d6e437d
e9f9a002.jpg,new_whale w_5384c57 w_7554f44 w_7285eb3 w_70daaba
ea0062be.jpg,new_whale w_72e70e5 w_6202983 w_42f935c w_654a5bb
ea106a8e.jpg,new_whale w_11adaae w_9d704ab w_2f6a962 w_895c722
ea18f51a.jpg,new_whale w_fe2742d w_307065e w_95874a5 w_f6c23d5
ea1ba972.jpg,new_whale w_a59905f w_e62a48d w_1dff010 w_7ba4b5a
ea1bed2b.jpg,new_whale w_dcb1f2a w_2d99a0c w_0d48a7d w_8b5885d
ea1d0c09.jpg,new_whale w_12cdfbd w_8d5ede1 w_efe57c7 w_3026ce2
ea240e23.jpg,new_whale w_38e4aae w_6c803bf w_711aaa1 w_fc7cc24
ea26e695.jpg,new_whale w_4fd48e7 w_dad23fa w_62f804d w_fc7cc24
ea2ca0a2.jpg,new_whale w_df092eb w_6710cf8 w_2f97ce6 w_62f299e
ea2ceb3a.jpg,new_whale w_62f299e w_1dd8e68 w_3326396 w_f7fed13
ea383752.jpg,new_whale w_3411b9f w_8201aa8 w_e7a238b w_48a98d7
ea3b85e9.jpg,new_whale w_6710cf8 w_54c00ad w_5e43abb w_67de30b
ea433bf0.jpg,new_whale w_cfddb15 w_4b7b80b w_f8e6546 w_c926fc3
ea48387f.jpg,new_whale w_8e451d9 w_ffa7427 w_222dcb7 w_9b401eb
ea4894b7.jpg,new_whale w_61e1076 w_ffcd98e w_0df2bde w_861cc1c
ea4b9808.jpg,new_whale w_1e3ce01 w_62f804d w_a91b997 w_8d46cef
ea503347.jpg,new_whale w_38e4aae w_2d99a0c w_f7d5919 w_987a36f
ea50933e.jpg,new_whale w_164cfff w_156c0db w_980bb1a w_64f3545
ea50d095.jpg,new_whale w_ba92e42 w_6c42496 w_ed117b3 w_95874a5
ea584311.jpg,new_whale w_7a2dfd7 w_c92b4f5 w_fba3bde w_21e178f
ea59d34b.jpg,new_whale w_67de30b w_a59905f w_fba3bde w_4b83ce2
ea634177.jpg,new_whale w_1d53d9c w_98baff9 w_97f5054 w_d19a884
ea64df85.jpg,new_whale w_9875c12 w_c27d036 w_f28de05 w_dcb1f2a
ea67ef96.jpg,new_whale w_f1a4389 w_ed8a846 w_303518a w_5010531
ea67f81d.jpg,new_whale w_b4d182b w_f0f56dc w_d175300 w_c9eb806
ea69d707.jpg,new_whale w_4c9d3df w_eb0a6ed w_b0e05b1 w_9ea2cc3
ea6b7afc.jpg,new_whale w_1274a11 w_2e42cc0 w_2901dbf w_1febbf3
ea6e545c.jpg,new_whale w_715d152 w_9ca943b w_987a36f w_9771603
ea7263e1.jpg,new_whale w_1ae1386 w_9ceb05d w_2b939eb w_e3c1ec4
ea748c4f.jpg,new_whale w_fe49bc4 w_64f3545 w_67fecca w_9db9ef5
ea770d08.jpg,new_whale w_1c3e5da w_73cbacd w_d142b00 w_733f161
ea7beea8.jpg,new_whale w_3b483d3 w_d141590 w_4f51037 w_f4c78e5
ea7f29b1.jpg,new_whale w_5612fed w_3d2724b w_14970b4 w_c103b25
ea7fdbb3.jpg,new_whale w_826eb44 w_c39fceb w_395d578 w_ce9b95e
ea82eb2d.jpg,new_whale w_43b50e5 w_da2efe0 w_1287fbc w_95874a5
ea83923e.jpg,new_whale w_c9dd32e w_3d1c2ef w_9434f0c w_79b42cd
ea83bbc2.jpg,new_whale w_6af9dd7 w_4e52a49 w_ed69e9c w_f5b8faf
ea931670.jpg,new_whale w_02c2248 w_80bae3a w_cc22f68 w_95aad92
ea9bc450.jpg,new_whale w_a66b2a5 w_df15cc8 w_da2efe0 w_41ed8e8
ea9e91fb.jpg,new_whale w_c9e1cdc w_9ec358c w_97f5054 w_bb2d34d
eaa669ea.jpg,new_whale w_db7e2c5 w_1eafe46 w_fbbc8ba w_3745f59
eab06d58.jpg,new_whale w_d234e6b w_ffa7427 w_18eee6e w_15f29b7
eab11085.jpg,new_whale w_1287fbc w_dff77b6 w_9c3db0a w_bf3449f
eab557b4.jpg,new_whale w_773967d w_0e4f53c w_ac87f37 w_73d5489
eab61e37.jpg,new_whale w_98baff9 w_fce6ab2 w_ba17206 w_b074cdf
eab795f3.jpg,new_whale w_008c602 w_fa8b1ac w_3af4e73 w_853c1f7
eab8de5b.jpg,new_whale w_2168ae2 w_4e52a49 w_02facde w_ef7755e
eaba4f86.jpg,new_whale w_98baff9 w_0e737d0 w_693c9ee w_ce9b95e
eabf0b6f.jpg,new_whale w_fd1cb9d w_7104905 w_8d46cef w_2fe43c7
eabf54b6.jpg,new_whale w_0793503 w_ef52dd3 w_03f060f w_80d95d6
eac1ff52.jpg,new_whale w_33973bf w_d5ec83f w_62c3998 w_0d48a7d
eac22ff0.jpg,new_whale w_8a2e496 w_5470134 w_d8f0f46 w_98baff9
eac26eef.jpg,new_whale w_87050a3 w_d2be6cc w_29d2cec w_4855bd3
eac6830b.jpg,new_whale w_32475a1 w_c068ed3 w_8fb79a2 w_a18c856
eac76c05.jpg,new_whale w_be4d5b8 w_1eafe46 w_56b9dcd w_d96a0cd
ead953cf.jpg,new_whale w_cf24f84 w_38e4aae w_05b2ddd w_56bbc91
eadbfd49.jpg,new_whale w_cc5fae7 w_f03ca16 w_1d0e29a w_9d83b4d
eadc764f.jpg,new_whale w_1f10750 w_73d5489 w_0ee4d6d w_b5ea8a0
eae0150b.jpg,new_whale w_c5f9e78 w_aa64cc1 w_f7fed13 w_22fa4ad
eae47465.jpg,new_whale w_a2f5cc0 w_fa32440 w_9b401eb w_549fbeb
eaeced15.jpg,new_whale w_b729b1f w_3de676c w_0d39a68 w_38e4aae
eaf0116a.jpg,new_whale w_4a3032d w_ada188f w_d9787aa w_8459e39
eaf298d3.jpg,new_whale w_2725793 w_7459706 w_73d5489 w_93bf5f4
eaf93d6e.jpg,new_whale w_987a36f w_1eafe46 w_e4df90a w_fda4fc5
eb011392.jpg,new_whale w_419d308 w_826eb44 w_4bd8388 w_8158b1f
eb057338.jpg,new_whale w_be3c0f5 w_1eafe46 w_be4d5b8 w_4ebeafb
eb07c52d.jpg,new_whale w_83b2cab w_06b6f60 w_1fc14e9 w_46e45e6
eb0c5013.jpg,new_whale w_2216a46 w_3d187b5 w_5126776 w_7292419
eb1033ac.jpg,new_whale w_5af463d w_af06773 w_1a70685 w_6c803bf
eb113c7f.jpg,new_whale w_44cb3ee w_6d4dedc w_1eafe46 w_5c32d2a
eb15e0c6.jpg,new_whale w_831f124 w_4e8f84d w_488cdd8 w_8c605d2
eb1c71e6.jpg,new_whale w_f83b1f9 w_f50ee01 w_898bb9a w_143b201
eb1f8290.jpg,new_whale w_f6411ea w_73d5489 w_3d12652 w_c1b685f
eb216bb8.jpg,new_whale w_1235317 w_c00534d w_3a47dba w_44a6b62
eb26ac67.jpg,new_whale w_fd1cb9d w_6710cf8 w_7104905 w_67de30b
eb2bf500.jpg,new_whale w_95874a5 w_56bbc91 w_5a0d250 w_bb2d34d
eb32e979.jpg,new_whale w_3b3b9b2 w_49bbc79 w_f48b91b w_f4e0748
eb376792.jpg,new_whale w_488cdd8 w_69a9f72 w_b8cba61 w_91b7c58
eb37cfd4.jpg,new_whale w_d663f4f w_aa16da4 w_4e68ddc w_e3c119c
eb38e02c.jpg,new_whale w_6fcceaf w_d47e2e3 w_029013f w_217e78a
eb40c5a3.jpg,new_whale w_1287fbc w_fba3bde w_17ee910 w_87050a3
eb420b75.jpg,new_whale w_71c7322 w_ab4cae2 w_b96d4e0 w_4a7080a
eb43115f.jpg,new_whale w_06fd726 w_d9aab0a w_b08520c w_cb7b682
eb45e7cb.jpg,new_whale w_735ce7d w_3a78626 w_b14007c w_408c5a7
eb488d8f.jpg,new_whale w_dfbfe10 w_89e159a w_4fdaa2a w_2bea4c4
eb49122f.jpg,new_whale w_d663f4f w_61b87f9 w_9ea2cc3 w_a1b985a
eb4f175f.jpg,new_whale w_77607b5 w_90ec71a w_fba3bde w_fc7cc24
eb501f36.jpg,new_whale w_e3c0ae5 w_d9adb4f w_5be8e63 w_778ee6e
eb570bb9.jpg,new_whale w_711aaa1 w_c90feaa w_2d99a0c w_ac49dc5
eb63b9b5.jpg,new_whale w_f19faeb w_36a4e8b w_98baff9 w_5021993
eb6b733b.jpg,new_whale w_867c9e1 w_daec6d3 w_d141590 w_56743d6
eb6e880f.jpg,new_whale w_badfc4b w_fe5e78b w_2d29ddd w_8fd5636
eb6ebb07.jpg,new_whale w_e62b5d8 w_3de676c w_0d39a68 w_6dc7db6
eb6f3c5d.jpg,new_whale w_f60c7e8 w_dab75ca w_403f92f w_fe2aa66
eb71a504.jpg,new_whale w_e826a6f w_61d516e w_43be268 w_0408054
eb7a628f.jpg,new_whale w_bbd9409 w_dd90e0a w_0dee306 w_4a81594
eb7e362e.jpg,new_whale w_fc15159 w_fd1cb9d w_2a939eb w_4c9d3df
eb80c686.jpg,new_whale w_3add848 w_e5250e9 w_8a0192f w_98baff9
eb80cd88.jpg,new_whale w_dcb4be9 w_38b1edd w_7763134 w_57e8a80
eb896e4a.jpg,new_whale w_410fb0a w_f0fc693 w_ab4cae2 w_98baff9
eb9206c9.jpg,new_whale w_ffa78a5 w_883557a w_2f283f3 w_95b6cc3
eb9220e7.jpg,new_whale w_62f804d w_d36f58c w_c3d523d w_72e70e5
eb92d0a4.jpg,new_whale w_04c1951 w_9d65e55 w_c0a4c9d w_eb0a6ed
eb9473f3.jpg,new_whale w_c9e1cdc w_18eee6e w_db3621e w_ab6db0f
eb94c25d.jpg,new_whale w_4fdaa2a w_6c803bf w_1743d93 w_5af463d
eb9aa389.jpg,new_whale w_cc8d317 w_3ce788a w_3c2d938 w_7d19608
eb9cafbf.jpg,new_whale w_7af28d7 w_9ca943b w_62c3998 w_6a3ca27
eb9db7c4.jpg,new_whale w_76048fe w_67fecca w_e09e886 w_b678944
eba60f18.jpg,new_whale w_6c803bf w_1911cbb w_aca9607 w_2d99a0c
ebb15d22.jpg,new_whale w_3f90907 w_95f9670 w_28fa29e w_6132293
ebb65a40.jpg,new_whale w_47f29cd w_31d3999 w_1e4e7a4 w_4b950da
ebbc6e2e.jpg,new_whale w_03a2ed7 w_e0f6444 w_e9ac2a8 w_3fc3d07
ebc62b7e.jpg,new_whale w_1dd8e68 w_f6bd6f8 w_ec853f1 w_6fa41e8
ebc7d07d.jpg,new_whale w_f4224b9 w_ad87135 w_ec38983 w_e0c6ead
ebc858c0.jpg,new_whale w_fc76ede w_7de72c5 w_349fcbc w_0e4ef50
ebd04c38.jpg,new_whale w_309a2b3 w_6e47e0e w_e62b5d8 w_f208155
ebd366df.jpg,new_whale w_67e6b75 w_b282692 w_7324cf5 w_ac851eb
ebd5f728.jpg,new_whale w_b4369cc w_9ea2cc3 w_05b2ddd w_9ceb05d
ebdf100d.jpg,new_whale w_98baff9 w_67de30b w_6202983 w_f438375
ebe0b3f6.jpg,new_whale w_70db0f2 w_2e4fecc w_c57623d w_f81c626
ebe842a0.jpg,new_whale w_9f1fafb w_3af4e73 w_35b01a5 w_94da90b
ebea0983.jpg,new_whale w_f4fc8cc w_d9055d1 w_2fe43c7 w_18eee6e
ebf1185f.jpg,new_whale w_c529cf1 w_d430a71 w_03c84ef w_7b035cc
ebf567e8.jpg,new_whale w_ab4cae2 w_c0d494d w_d5ec83f w_9875c12
ebfba019.jpg,new_whale w_d148982 w_b329c00 w_af9a47a w_3dd210a
ec007f40.jpg,new_whale w_7e1521a w_7dee51b w_d52bc74 w_b0e05b1
ec038cb8.jpg,new_whale w_5d96ba4 w_73185e4 w_f1396bd w_0e4f53c
ec0f071c.jpg,new_whale w_19ca2c6 w_e09e886 w_0fa8587 w_2e4fecc
ec11865a.jpg,new_whale w_e61dd6d w_cf24f84 w_d88328d w_f21f2ec
ec136c6a.jpg,new_whale w_c0d494d w_654a5bb w_73b705e w_abe383e
ec2a6e24.jpg,new_whale w_1eafe46 w_6d4dedc w_6202983 w_3745f59
ec317eba.jpg,new_whale w_2c3f440 w_0b04c08 w_c0a4c9d w_e3c0ae5
ec333fd4.jpg,new_whale w_540fd73 w_18eee6e w_e655c65 w_b074cdf
ec38cb44.jpg,new_whale w_559ce61 w_4fdaa2a w_db2baec w_e26c35f
ec396268.jpg,new_whale w_78999a6 w_d428980 w_6c803bf w_67de30b
ec4bf902.jpg,new_whale w_eb0a6ed w_1eafe46 w_43be268 w_b7d5069
ec4f7d2f.jpg,new_whale w_c0d494d w_1e5a146 w_5b99089 w_eb39613
ec546ed2.jpg,new_whale w_efe57c7 w_0e0e856 w_222dcb7 w_df15cc8
ec5df6c1.jpg,new_whale w_964ce09 w_fe96bef w_9b804bd w_9c8e377
ec5f523a.jpg,new_whale w_d175300 w_6ba46a1 w_35c5d43 w_1deadd7
ec5fa8d0.jpg,new_whale w_ea2385d w_a22f338 w_b6886e5 w_4ebeafb
ec604c09.jpg,new_whale w_ee948c6 w_6abc013 w_d22af00 w_7a892ea
ec613e94.jpg,new_whale w_ace8c54 w_11adaae w_6e8486d w_1a70685
ec67e761.jpg,new_whale w_1a5beb9 w_38770cd w_084d01c w_3db53dc
ec6a452d.jpg,new_whale w_3aa2073 w_837646b w_b6410bc w_f8e6546
ec6d858a.jpg,new_whale w_9ca943b w_9122179 w_9d0e84a w_6af9dd7
ec729497.jpg,new_whale w_38efc2d w_6e8486d w_f21f2ec w_4e52a49
ec807b7f.jpg,new_whale w_d6a6360 w_b7fe199 w_26f9f95 w_3ce788a
ec81eb7a.jpg,new_whale w_87050a3 w_dfbfe10 w_43be268 w_43b50e5
ec86ab5c.jpg,new_whale w_871e32e w_d52bc74 w_3674103 w_ab4cae2
ec875b94.jpg,new_whale w_e158680 w_945aefe w_a2660fd w_a13ada3
ec877334.jpg,new_whale w_01c2cb0 w_44f0fa2 w_987a36f w_67de30b
ec8800b6.jpg,new_whale w_9ca943b w_c58b474 w_6202983 w_9ea2cc3
ec8e43e3.jpg,new_whale w_6c23fcc w_a048f26 w_ddbf533 w_0a97a25
ec8eee93.jpg,new_whale w_6c803bf w_7c8620c w_b8dff40 w_b4369cc
ec8f9a9e.jpg,new_whale w_73d5489 w_7028d77 w_f8e6546 w_5f50b5e
ec9105d2.jpg,new_whale w_ace8c54 w_e826a6f w_73d5489 w_eb0a6ed
ec93b81c.jpg,new_whale w_0b3f313 w_7b39dda w_7139016 w_6132293
ec942998.jpg,new_whale w_44a6b62 w_0c6dbbe w_c0d1701 w_b939998
ec98fd83.jpg,new_whale w_a254eb0 w_1dd8e68 w_f546b0a w_7028d77
ec9ceeb8.jpg,new_whale w_7554f44 w_87782a0 w_867c9e1 w_7918071
ec9db65a.jpg,new_whale w_1287fbc w_17ee910 w_62c548b w_e73d83c
ec9ef3c7.jpg,new_whale w_61b87f9 w_987a36f w_0a97a25 w_3e1ccc9
eca15c80.jpg,new_whale w_9ea2cc3 w_b96d4e0 w_40e3ee7 w_3af4e73
eca6c832.jpg,new_whale w_242a05d w_813c5be w_c8d20aa w_2f6a962
ecaa129c.jpg,new_whale w_861cc1c w_6202983 w_2dea395 w_98baff9
ecad31a0.jpg,new_whale w_b067417 w_8bde95b w_6710cf8 w_a31aa30
ecafe233.jpg,new_whale w_93bf889 w_98baff9 w_8044362 w_693c9ee
ecb4154d.jpg,new_whale w_2b939eb w_e64c9a6 w_73d5489 w_b9e00eb
ecbe57da.jpg,new_whale w_c6372b8 w_dd76ce2 w_0e0e856 w_f460394
ecc0bab3.jpg,new_whale w_6e8486d w_bb2d34d w_932c8cd w_95874a5
ecc19efc.jpg,new_whale w_1f10750 w_8f7b653 w_73d5489 w_b0e05b1
ecc7d8ed.jpg,new_whale w_f93d780 w_5436d75 w_4f28a45 w_d19a884
eccac840.jpg,new_whale w_b074cdf w_98baff9 w_4b7b80b w_ab4cae2
ecd050e9.jpg,new_whale w_c11932e w_96ba432 w_3dd210a w_cae7677
ecd19d72.jpg,new_whale w_21e178f w_1cd9331 w_15c39f4 w_532fb22
ecd6d742.jpg,new_whale w_1274a11 w_8c1e2e4 w_dbaa2b1 w_0a91f24
ece33956.jpg,new_whale w_1eafe46 w_09dd18c w_19ca2c6 w_fe49bc4
ece5536b.jpg,new_whale w_0beef28 w_853c1f7 w_414f402 w_a9dd349
ece57d93.jpg,new_whale w_0087fdd w_bc9dc37 w_af06773 w_8e92baa
ecf07b35.jpg,new_whale w_4759be5 w_75e6bf3 w_fc76ede w_f256b56
ecf637ac.jpg,new_whale w_18eee6e w_4855bd3 w_f81c626 w_ea2385d
ecffa358.jpg,new_whale w_05b2ddd w_e3b236d w_76d84e2 w_7b035cc
ed05a299.jpg,new_whale w_63d5016 w_21e178f w_1287fbc w_68a7146
ed0f8830.jpg,new_whale w_cc54cee w_a965f14 w_d9aab0a w_6dbb861
ed17205b.jpg,new_whale w_fce6ab2 w_9694b9d w_2e4fecc w_8044362
ed239260.jpg,new_whale w_2dae424 w_d6a6360 w_11c504f w_883557a
ed278f82.jpg,new_whale w_e449d3a w_fd698a3 w_a232f9e w_d141590
ed296ca4.jpg,new_whale w_7885601 w_f115d53 w_b7a832a w_d6df554
ed2db5ae.jpg,new_whale w_71c7322 w_ab4cae2 w_4e52a49 w_0e737d0
ed2f1a29.jpg,new_whale w_a01d903 w_d49402a w_5f43cde w_f3d98bc
ed309823.jpg,new_whale w_73d5489 w_b04d4f1 w_beb62cc w_b1a4f29
ed3277d5.jpg,new_whale w_95874a5 w_2fd21ec w_c9e1cdc w_90ec71a
ed34427b.jpg,new_whale w_88b5d47 w_3ae3603 w_60eba40 w_e02fe7b
ed3870b4.jpg,new_whale w_86b3f04 w_33c3ce1 w_62ca7c8 w_b4151b7
ed39ea00.jpg,new_whale w_fdc8bf6 w_07e92ee w_ab2d17a w_1287fbc
ed39ea1e.jpg,new_whale w_eb0a6ed w_f19faeb w_db474c7 w_a8ec52f
ed3acfaa.jpg,new_whale w_5b99089 w_98baff9 w_693c9ee w_b96d4e0
ed3bbff2.jpg,new_whale w_02d5fad w_3fc3d07 w_09dd18c w_1eafe46
ed41305c.jpg,new_whale w_1dff010 w_4e11add w_aae82f8 w_53064a6
ed4411ed.jpg,new_whale w_e8ae8c1 w_eb0a6ed w_2216a46 w_a913945
ed462916.jpg,new_whale w_540fd73 w_dbc4dcc w_4fd48e7 w_78f2e92
ed489d46.jpg,new_whale w_9f3e4f4 w_479e3e5 w_fd1cb9d w_660629d
ed4e8400.jpg,new_whale w_05b2ddd w_d88328d w_38e4aae w_64f3545
ed4f13bb.jpg,new_whale w_5f82501 w_7e8b270 w_2f54c3c w_c1b685f
ed512a73.jpg,new_whale w_fe49bc4 w_6547e12 w_9ca943b w_89d9c03
ed5e9fed.jpg,new_whale w_8bde95b w_4e52a49 w_ee17a08 w_aa16da4
ed645978.jpg,new_whale w_ea90267 w_9875c12 w_d7ffaf2 w_3b89846
ed67b638.jpg,new_whale w_7f81ba5 w_0e737d0 w_fdcfcea w_1eafe46
ed766b22.jpg,new_whale w_8bdc211 w_0ba62fd w_0acce53 w_367b996
ed7ddb31.jpg,new_whale w_721d2e9 w_861cc1c w_398aa7f w_efa1fc7
ed7e74af.jpg,new_whale w_50eb157 w_e5edb40 w_d5293a1 w_73c9ba2
ed7f3f68.jpg,new_whale w_7759db0 w_ef2f0f0 w_987a36f w_6202983
ed892087.jpg,new_whale w_962164f w_4be373e w_cdc0a1c w_e449d3a
ed8d0bf7.jpg,new_whale w_c0560ac w_c6823b1 w_61c1f9c w_ee17a08
ed90048e.jpg,new_whale w_52c8684 w_eb9027d w_96c6151 w_1ec0481
ed94d2ec.jpg,new_whale w_54c00ad w_df092eb w_ef2f0f0 w_9cb529f
ed9da8c6.jpg,new_whale w_0bc712b w_f6fb689 w_97f5054 w_e282300
eda03f9e.jpg,new_whale w_2b443f8 w_dbf4e7f w_797e546 w_7923fdc
eda7fe21.jpg,new_whale w_99ad599 w_ecbf9fa w_1dd8e68 w_2b969fe
edaa7839.jpg,new_whale w_edf5f77 w_ae07541 w_9db9ef5 w_0378699
edac14c7.jpg,new_whale w_99ad599 w_1da7080 w_4be8a3e w_73d5489
edb6818b.jpg,new_whale w_4a78bf2 w_97f5054 w_932c8cd w_67de30b
edb80126.jpg,new_whale w_18a1bf2 w_b4151b7 w_f7a0fd7 w_7885601
edc38c09.jpg,new_whale w_0a97a25 w_147b62b w_9a94e29 w_569c2c7
edc5a060.jpg,new_whale w_0e737d0 w_ca5f17f w_ec79861 w_588d5d7
edc5be7a.jpg,new_whale w_53951e6 w_16ea0b2 w_fba3bde w_db3621e
edc65dbb.jpg,new_whale w_6547e12 w_1fd0d0e w_bf69a19 w_1a229eb
edcaf1dc.jpg,new_whale w_fba3bde w_9ea2cc3 w_e09e886 w_ca0ec7c
edcc6d78.jpg,new_whale w_3f91e04 w_5d96ba4 w_b6410bc w_fb89186
edd01f6e.jpg,new_whale w_2f283f3 w_f438375 w_53064a6 w_17ee910
edd0f719.jpg,new_whale w_e0f6444 w_38efce7 w_f19faeb w_30660bc
edd37de2.jpg,new_whale w_3bc8a47 w_9875c12 w_4dceacc w_79d4855
edd71b21.jpg,new_whale w_813c5be w_3c304db w_b29214f w_49bbc79
edd887f0.jpg,new_whale w_4659acf w_b7d5069 w_4e52a49 w_17e8554
eddc57c4.jpg,new_whale w_c9e1cdc w_db3621e w_3664a22 w_ec87420
ede47195.jpg,new_whale w_ace8c54 w_ab6bb0a w_fa32440 w_8c1ec28
ede64315.jpg,new_whale w_d984eb7 w_dbda0d6 w_e3f51ec w_b0e05b1
ede8d968.jpg,new_whale w_883557a w_9b6d597 w_b96d4e0 w_f02bf23
edef3544.jpg,new_whale w_b970272 w_3af4e73 w_5d6786e w_d2be6cc
edf0516d.jpg,new_whale w_367b996 w_b96d4e0 w_494dd45 w_b4732ef
edf08390.jpg,new_whale w_559ce61 w_8bc853a w_64f3545 w_813c5be
edf11234.jpg,new_whale w_bb2d34d w_e6d3a57 w_fe2742d w_b6886e5
ee03a9f1.jpg,new_whale w_7a2dfd7 w_7e4d894 w_c17a537 w_bc76fde
ee05728a.jpg,new_whale w_a2b3d53 w_cbedcb0 w_ee9c4d7 w_4f0b7d9
ee10c9ec.jpg,new_whale w_ab039e2 w_77ee0be w_1e75406 w_b282692
ee12ee87.jpg,new_whale w_e0cb9c5 w_b4732ef w_bbd9409 w_540fd73
ee15c2cb.jpg,new_whale w_0beef28 w_3694c7d w_f78c287 w_3e1ba5b
ee2061b2.jpg,new_whale w_7185713 w_aed1e43 w_6c803bf w_aa9b995
ee291ed8.jpg,new_whale w_0bc712b w_20c671c w_697c72e w_87050a3
ee29cb00.jpg,new_whale w_227ed79 w_57c8da9 w_7e8b270 w_c622a3f
ee2c2a37.jpg,new_whale w_2f283f3 w_d775542 w_c6b5519 w_dff2982
ee2d54d7.jpg,new_whale w_8d46cef w_8238d51 w_a59905f w_6f2c662
ee2d7e96.jpg,new_whale w_69e7dab w_aa16da4 w_2071a4c w_5f82501
ee2d942a.jpg,new_whale w_9496577 w_0e7cb1c w_1eafe46 w_eb0a6ed
ee301eb5.jpg,new_whale w_7459706 w_8c3db0a w_5010531 w_73d5489
ee3074fa.jpg,new_whale w_0b04c08 w_c00534d w_b9e00eb w_7234b3d
ee328ef8.jpg,new_whale w_242a05d w_9771603 w_89e159a w_34c4927
ee33904a.jpg,new_whale w_20eb13c w_4ebeafb w_c3d523d w_a59905f
ee415ef3.jpg,new_whale w_0fce9a3 w_17136dc w_4ebeafb w_8d46cef
ee42011a.jpg,new_whale w_b4d182b w_fa32440 w_97f5054 w_ace8c54
ee46c019.jpg,new_whale w_3fe1eb9 w_89317b0 w_cf00b01 w_44cccf6
ee4b0cc1.jpg,new_whale w_41ed8e8 w_c666071 w_cef690d w_92e7841
ee4c9730.jpg,new_whale w_8b15b96 w_fe424c3 w_0e4f53c w_2b4da16
ee551c59.jpg,new_whale w_18df014 w_1287fbc w_b067417 w_43be268
ee565a86.jpg,new_whale w_f660d7d w_11f6df1 w_c133ea8 w_987a36f
ee574ece.jpg,new_whale w_9b6b87d w_98baff9 w_ed8a846 w_ab4cae2
ee5c67b1.jpg,new_whale w_0c45f5e w_8044362 w_db0ad01 w_823fcbb
ee626340.jpg,new_whale w_dcb1f2a w_33e7def w_2d99a0c w_e00a916
ee6752ab.jpg,new_whale w_a25caa9 w_fe87f0a w_8d9c6fc w_fc7cc24
ee67b647.jpg,new_whale w_ab1c859 w_21e178f w_f5771d1 w_1287fbc
ee6a201c.jpg,new_whale w_efbb71a w_7bf3a5c w_7e8b270 w_c0d494d
ee6aeb8f.jpg,new_whale w_e0efc4f w_361e290 w_c58b474 w_6202983
ee6aef6b.jpg,new_whale w_3023ee5 w_bb2d34d w_4c9d3df w_9ea2cc3
ee6e946e.jpg,new_whale w_44cb3ee w_0aae8c1 w_44a6b62 w_e02fe7b
ee6fba20.jpg,new_whale w_9b401eb w_541b160 w_13c6b6b w_aed023d
ee6fd7fc.jpg,new_whale w_c5f9e78 w_aa64cc1 w_f7fed13 w_22fa4ad
ee74198e.jpg,new_whale w_1ec0481 w_f932abc w_e3c0ae5 w_70e49bc
ee7f63a3.jpg,new_whale w_90ec71a w_6c803bf w_c9e1cdc w_1f09cdd
ee8375a6.jpg,new_whale w_5bc5fc1 w_d58a303 w_35063ed w_b0e05b1
ee8b9205.jpg,new_whale w_f986587 w_741861e w_1287fbc w_94cd45e
ee8d333b.jpg,new_whale w_2071a4c w_01687a8 w_8044362 w_3881300
ee91640c.jpg,new_whale w_398aa7f w_6c3d086 w_71c7322 w_43be268
ee935210.jpg,new_whale w_ab039e2 w_9947243 w_3a9ee71 w_b7d5069
ee97e057.jpg,new_whale w_f3db3f1 w_97493dd w_b688397 w_a71aa99
ee9f3edf.jpg,new_whale w_9c5ed68 w_8fd5636 w_219e33c w_80171b9
eea491a7.jpg,new_whale w_67de30b w_ab4bd59 w_987a36f w_9ca943b
eea5632a.jpg,new_whale w_a4f77bd w_e2e56e9 w_aa3d7b8 w_853c1f7
eea9b24b.jpg,new_whale w_3f91e04 w_4b7b80b w_bc8d634 w_da6d50b
eeb4dbcb.jpg,new_whale w_d428980 w_0869575 w_9a8684f w_ceffa10
eeb746fa.jpg,new_whale w_85755f7 w_5d96ba4 w_c128384 w_e8a8d85
eeba58ad.jpg,new_whale w_b7d5069 w_c0f3e88 w_4fd48e7 w_bbf20b4
eec1653e.jpg,new_whale w_eb0a6ed w_f19faeb w_dbda0d6 w_efd3f81
eec64ef5.jpg,new_whale w_76ebad6 w_0e4f53c w_ddad87e w_8f1aa27
eec771be.jpg,new_whale w_40323ac w_33e89be w_98baff9 w_4b7b80b
eec84d2f.jpg,new_whale w_44cccf6 w_43b50e5 w_06a6351 w_f6e5eca
eecbf776.jpg,new_whale w_ca13d58 w_7637760 w_56b9dcd w_cece268
eed0cc45.jpg,new_whale w_1d05772 w_cd70e8b w_7c7a78c w_b5383b5
eed7af26.jpg,new_whale w_b96d4e0 w_b5383b5 w_367b996 w_92d390e
eedd11d0.jpg,new_whale w_41ed8e8 w_e3b2cfa w_d32adcd w_eff7e35
eede162e.jpg,new_whale w_1a5beb9 w_cd70e8b w_e1431ba w_651cbb7
eedfaa79.jpg,new_whale w_6df35bf w_76106aa w_058547a w_eb9ab29
eedfb25a.jpg,new_whale w_1b6d171 w_94c6edb w_3d2724b w_7a8ce5a
eee76430.jpg,new_whale w_19a5685 w_aa16da4 w_98baff9 w_5f82501
eee8af8e.jpg,new_whale w_90ec71a w_516bedb w_c9e1cdc w_6dc88a6
eee961a7.jpg,new_whale w_3136deb w_c2474a2 w_648a9a8 w_fae3939
eeea1c83.jpg,new_whale w_6c803bf w_532fb22 w_aca9607 w_3d0bc7a
eeeb4e3c.jpg,new_whale w_abe383e w_fbcb6e4 w_8c1e2e4 w_18a854b
eeedaf09.jpg,new_whale w_56f9abb w_898bb9a w_977d881 w_73c9ba2
eef2c0db.jpg,new_whale w_b29214f w_d5ec83f w_b6886e5 w_2d99a0c
eefe2627.jpg,new_whale w_22d812d w_ca56bf3 w_e8a8d85 w_5297ab3
eeffa31a.jpg,new_whale w_fd1cb9d w_69e998f w_d59cb45 w_42aa161
ef0a6391.jpg,new_whale w_f178867 w_7cca153 w_f50ee01 w_77d2aea
ef0b5e74.jpg,new_whale w_b678944 w_4b7b80b w_2709cfc w_e3c119c
ef0c487d.jpg,new_whale w_92585eb w_d9adb4f w_4f6c7e0 w_243e33e
ef0c81ac.jpg,new_whale w_987a36f w_87050a3 w_b2e1722 w_98baff9
ef1d3a57.jpg,new_whale w_40a8760 w_b0e05b1 w_1948625 w_7f0700f
ef204b0c.jpg,new_whale w_8fab53d w_2071a4c w_5f82501 w_d7de1ee
ef213f34.jpg,new_whale w_a837660 w_4e68ddc w_71764b4 w_cce912e
ef23db91.jpg,new_whale w_eab49b7 w_76ebad6 w_e147c40 w_f4d89bb
ef26210a.jpg,new_whale w_83df8d5 w_dd52cfc w_701972b w_0c8a724
ef269912.jpg,new_whale w_6545984 w_0d48a7d w_4c25641 w_e826a6f
ef27f94e.jpg,new_whale w_8c1e2e4 w_7e93962 w_c0d494d w_e69cef0
ef2d9275.jpg,new_whale w_9f1fafb w_a96d4dc w_5297ab3 w_15f29b7
ef312d5a.jpg,new_whale w_affc813 w_7f199c6 w_1deadd7 w_a524549
ef378839.jpg,new_whale w_eeb5fa7 w_e69cef0 w_17ee910 w_1274a11
ef3b8dad.jpg,new_whale w_7ad8bb3 w_4ae9b0a w_acc33ca w_17411dd
ef3df262.jpg,new_whale w_ace8c54 w_e826a6f w_73d5489 w_eb0a6ed
ef3f772d.jpg,new_whale w_f60c7e8 w_ed5cdab w_b074cdf w_5b5a85d
ef42021b.jpg,new_whale w_9eeb05c w_7386509 w_40a8760 w_73d5489
ef4461d0.jpg,new_whale w_ab039e2 w_9947243 w_3a9ee71 w_3674103
ef499a29.jpg,new_whale w_8861715 w_7f867ec w_c8af414 w_7c7a78c
ef4a99e6.jpg,new_whale w_7427ace w_67de30b w_b0e05b1 w_43966a3
ef5238bd.jpg,new_whale w_c92b4f5 w_8f49fdd w_21e178f w_fba3bde
ef569f83.jpg,new_whale w_bd65ef8 w_2071a4c w_cb7b682 w_f4ac89a
ef598f10.jpg,new_whale w_e09e886 w_2e27b77 w_f79b3f9 w_5f82501
ef59a89c.jpg,new_whale w_6202983 w_fd07344 w_9ea2cc3 w_c58b474
ef5eed8a.jpg,new_whale w_7240516 w_9ceb05d w_71e6583 w_b4732ef
ef63966c.jpg,new_whale w_fba3bde w_cd88a48 w_741861e w_30f095d
ef6586b8.jpg,new_whale w_361e290 w_540fd73 w_6232813 w_22bb9b3
ef69a1e8.jpg,new_whale w_f19faeb w_c4cafb8 w_874cf52 w_e6ec8ee
ef6b9274.jpg,new_whale w_59866ca w_9ca943b w_8f593d4 w_b7d5069
ef6e191b.jpg,new_whale w_8ba2066 w_b6886e5 w_a1d95a3 w_7ca11d6
ef739a2c.jpg,new_whale w_0e737d0 w_8ba2066 w_49ae15d w_c0daf38
ef76b385.jpg,new_whale w_f478955 w_67599af w_e3c0ae5 w_778ee6e
ef827bb0.jpg,new_whale w_6710cf8 w_29cc48b w_71c7322 w_3af4e73
ef85c3d9.jpg,new_whale w_d1d8f98 w_61cf42e w_5f7c402 w_1d05772
ef887316.jpg,new_whale w_43be268 w_552a16e w_d663f4f w_fd1cb9d
ef8ab998.jpg,new_whale w_a31fed5 w_4d528e4 w_cbfbeb4 w_a41d931
ef8c89f7.jpg,new_whale w_98baff9 w_7e48479 w_b074cdf w_ab4cae2
ef8cca1d.jpg,new_whale w_861cc1c w_fab0b50 w_b17f9ea w_8936f42
ef979ebd.jpg,new_whale w_9ec358c w_48a98d7 w_773509f w_9ea2cc3
ef98dba4.jpg,new_whale w_e8a9fb8 w_a67a1bc w_9ec358c w_96b697f
ef9ce2d1.jpg,new_whale w_7554f44 w_7e8b270 w_1d53d9c w_88b5d47
efa06b96.jpg,new_whale w_540fd73 w_361e290 w_43be268 w_bc62c0e
efa17faf.jpg,new_whale w_20f86e1 w_7133c9d w_980bb1a w_fea7fe6
efa654fd.jpg,new_whale w_43be268 w_d663f4f w_540fd73 w_db474c7
efaad29e.jpg,new_whale w_050d056 w_9948a99 w_da6d50b w_7311fe4
efb24d6f.jpg,new_whale w_efbb71a w_372ae75 w_f8c3a63 w_932c8cd
efc2604f.jpg,new_whale w_2a9727c w_3d66298 w_6c899ff w_f86488a
efc68459.jpg,new_whale w_fa32440 w_13c6b6b w_aa7e5f4 w_bf38f05
efcb86f6.jpg,new_whale w_8c66a16 w_2832e90 w_dcb1f2a w_1287fbc
efd323aa.jpg,new_whale w_62c548b w_7427ace w_0265cb6 w_945aefe
efd46822.jpg,new_whale w_17ee910 w_2f283f3 w_f438375 w_3cf3853
efd7a3a1.jpg,new_whale w_147b62b w_71c7322 w_fd1cb9d w_e0e5c9e
efd810e1.jpg,new_whale w_31d3999 w_4f103de w_c0287a9 w_55647bd
efdf84bf.jpg,new_whale w_efe57c7 w_98d4838 w_dfbfe10 w_1772ed2
efdf8b82.jpg,new_whale w_540fd73 w_361e290 w_e0efc4f w_6202983
efe5441b.jpg,new_whale w_b4732ef w_569c2c7 w_43be268 w_d663f4f
efee3262.jpg,new_whale w_09d48d1 w_d22af00 w_fd587bc w_977d881
eff1747c.jpg,new_whale w_8ec2960 w_76d2cce w_2d99a0c w_214c09a
eff2f0cd.jpg,new_whale w_7895123 w_c751211 w_ccc8e31 w_1aea445
effab212.jpg,new_whale w_1a70685 w_c9e1cdc w_fbcb6e4 w_e61dd6d
f000567c.jpg,new_whale w_6163581 w_2e4fecc w_2168906 w_f3b63ba
f002012a.jpg,new_whale w_ffcd98e w_32602d9 w_0beef28 w_703e39b
f014284c.jpg,new_whale w_898eb3b w_52b0438 w_7554f44 w_77f3e70
f0198458.jpg,new_whale w_dcf2001 w_c9e1cdc w_95874a5 w_dcb1f2a
f01c0f86.jpg,new_whale w_88f57d0 w_430849b w_4ce0510 w_1a29ba5
f01ec58c.jpg,new_whale w_2018f6c w_c5e6997 w_b75f378 w_0308405
f0279b50.jpg,new_whale w_31d3999 w_2071a4c w_79b42cd w_1eafe46
f02c6e5e.jpg,new_whale w_7554f44 w_af890ad w_e826a6f w_569c2c7
f02dfe66.jpg,new_whale w_29eb3b2 w_4b83ce2 w_ea96346 w_6047e81
f039bd66.jpg,new_whale w_d0b3293 w_e700deb w_c0bb183 w_36eb0b1
f03b435a.jpg,new_whale w_17cb04d w_d775542 w_8f1946f w_d1d8f98
f0436e66.jpg,new_whale w_fcfcf68 w_339c8ae w_414c24a w_4791b4c
f045dc29.jpg,new_whale w_5f9508d w_89e159a w_6132293 w_8201aa8
f04bbeae.jpg,new_whale w_8a31e6c w_eb39613 w_f83b1f9 w_5ba417d
f0500434.jpg,new_whale w_4fdaa2a w_fd1cb9d w_e156c87 w_f4e0748
f0526414.jpg,new_whale w_d2b4956 w_0dc176f w_3f91e04 w_1dd8e68
f052d290.jpg,new_whale w_97f5054 w_e3c119c w_bb2d34d w_35063ed
f056ba0f.jpg,new_whale w_c22307d w_2d29ddd w_e4f1fcc w_3694c7d
f05b3965.jpg,new_whale w_b7fe199 w_7028d77 w_e1f55ad w_14964c1
f06b885e.jpg,new_whale w_6d3ca42 w_cd70e8b w_eec1133 w_3db53dc
f06c457d.jpg,new_whale w_2ceab05 w_0f84bf6 w_02facde w_931ade2
f06dd353.jpg,new_whale w_5f7c402 w_4d528e4 w_fd1cb9d w_048f7a9
f072a112.jpg,new_whale w_435ee6d w_2a939eb w_3fe1eb9 w_6e47e0e
f0739fe6.jpg,new_whale w_34c4927 w_717a293 w_987a36f w_89e159a
f0785e1d.jpg,new_whale w_a4b6a86 w_9875c12 w_41a79d7 w_fea7fe6
f079c435.jpg,new_whale w_1908442 w_31d3999 w_fd628f1 w_f7bf28d
f08187c6.jpg,new_whale w_4378542 w_4cff2f8 w_4b7b80b w_9ceb05d
f08b5d0a.jpg,new_whale w_98baff9 w_36a4e8b w_b9e00eb w_0b3b659
f08ef64a.jpg,new_whale w_f12415b w_86b9dfd w_9ea2cc3 w_4ebeafb
f08f6cd4.jpg,new_whale w_f3b63ba w_2168906 w_4b7b80b w_7554f44
f093aae6.jpg,new_whale w_95874a5 w_b6689cc w_286ec5f w_5a2075e
f095e5ef.jpg,new_whale w_ab4cae2 w_a254eb0 w_b074cdf w_693c9ee
f09a3afe.jpg,new_whale w_0be0d81 w_f2c9e07 w_b96d4e0 w_0dee306
f09dd1be.jpg,new_whale w_fd1cb9d w_f4e0748 w_6c899ff w_3039e7a
f09de05d.jpg,new_whale w_2071a4c w_b738048 w_3197568 w_53dbf9d
f0af7e5f.jpg,new_whale w_1e3ce01 w_38e4aae w_4b47559 w_b34793e
f0b02997.jpg,new_whale w_97768ee w_1eafe46 w_9a8684f w_532fb22
f0b558fd.jpg,new_whale w_cb7d1b5 w_3dc5e74 w_a9dd349 w_2d29ddd
f0b68989.jpg,new_whale w_8c3db0a w_eac205a w_73d5489 w_6c2d7ea
f0b826ee.jpg,new_whale w_871b1b9 w_143b201 w_79f7d21 w_9caed77
f0b91690.jpg,new_whale w_9d704ab w_9ec358c w_4ebeafb w_67de30b
f0b9b699.jpg,new_whale w_655efb0 w_bb2d34d w_dbd2cff w_0771d4b
f0bf2054.jpg,new_whale w_73d5489 w_3aa2073 w_ed32db9 w_f0f0dbb
f0d3b191.jpg,new_whale w_b5dd5bc w_ec853f1 w_0f9166e w_1deadd7
f0d6ac4f.jpg,new_whale w_76ebad6 w_143b201 w_97493dd w_3dd210a
f0dbfbf5.jpg,new_whale w_1596a47 w_1c69443 w_ff70408 w_12f2352
f0dce5c4.jpg,new_whale w_3d0bc7a w_95874a5 w_3fe1eb9 w_c9e1cdc
f0df5507.jpg,new_whale w_302c025 w_82c9c67 w_542f8ca w_cc60002
f0e9cfcc.jpg,new_whale w_9ceb05d w_f5771d1 w_68a7146 w_1287fbc
f0eaeab1.jpg,new_whale w_97eaa0e w_0de84f0 w_8a98ddb w_6fcceaf
f0ef32fb.jpg,new_whale w_efebfe8 w_ab4cae2 w_c7f1975 w_98baff9
f0f6e6ee.jpg,new_whale w_cbedcb0 w_0e4f53c w_851a7f4 w_2e872af
f0f9090a.jpg,new_whale w_a91b997 w_6710cf8 w_17a2610 w_0e737d0
f0fe7c42.jpg,new_whale w_532fb22 w_44a6b62 w_98baff9 w_e3b2cfa
f0ff7100.jpg,new_whale w_b0aabf9 w_c0d494d w_aef3680 w_f83b1f9
f1017397.jpg,new_whale w_71c7322 w_296749b w_62f804d w_8d46cef
f103a688.jpg,new_whale w_fc433f7 w_5e43abb w_3af4e73 w_eb44149
f10b3411.jpg,new_whale w_ddf14ae w_c2c4f43 w_c0648b9 w_67de30b
f11aaf58.jpg,new_whale w_7f40920 w_9df0865 w_216f61f w_2d99a0c
f11d0d7b.jpg,new_whale w_9b6b87d w_98baff9 w_ed8a846 w_ab4cae2
f124c85c.jpg,new_whale w_6badfcf w_e55a554 w_93aee9e w_0e737d0
f1251291.jpg,new_whale w_c0d494d w_fa9c3d8 w_fa32440 w_fea7fe6
f127e627.jpg,new_whale w_9ca943b w_43be268 w_540fd73 w_330286e
f12cff7a.jpg,new_whale w_2f283f3 w_9e4a26f w_3b016f0 w_693c9ee
f12e2619.jpg,new_whale w_67de30b w_853c1f7 w_b7d5069 w_40323ac
f134f040.jpg,new_whale w_54fc5b3 w_36a853c w_690fc6b w_7e8305f
f136a44c.jpg,new_whale w_5c07f42 w_aa16da4 w_f0bb383 w_e73d83c
f136b20b.jpg,new_whale w_94cd45e w_6e5b022 w_b9e00eb w_cc54cee
f138ee85.jpg,new_whale w_d148982 w_6c23fcc w_bc93e4a w_95aad92
f13930b9.jpg,new_whale w_6202983 w_98baff9 w_ab4cae2 w_7f6ce8e
f13b84eb.jpg,new_whale w_f178867 w_f83b1f9 w_0654dd9 w_29670e2
f1414445.jpg,new_whale w_1274a11 w_2386a5a w_eb47189 w_3f90907
f1430c92.jpg,new_whale w_9ca943b w_8201aa8 w_4c9d3df w_c9dfa13
f1479423.jpg,new_whale w_e0e133a w_e449d3a w_88e5933 w_a2e2f8e
f14f2fd1.jpg,new_whale w_2663598 w_e5edb40 w_06ff732 w_afbc2d1
f151cf92.jpg,new_whale w_a1e017f w_ebff750 w_3e0f25d w_f6bd6f8
f153b91b.jpg,new_whale w_0e737d0 w_ab4cae2 w_7554f44 w_7f1f97b
f159807d.jpg,new_whale w_f19faeb w_dbda0d6 w_ed8a846 w_aa16da4
f15bb4d1.jpg,new_whale w_12c3d3d w_96c6151 w_9287bbb w_14964c1
f15bb6c1.jpg,new_whale w_693c9ee w_37372db w_b4ad62f w_367b996
f15d0471.jpg,new_whale w_1717a13 w_df834bf w_32475a1 w_7649712
f161e674.jpg,new_whale w_b6886e5 w_49bbc79 w_fd3ce71 w_0771d4b
f16340e5.jpg,new_whale w_7f3a122 w_790c2aa w_ee17a08 w_f672e01
f1638481.jpg,new_whale w_ab039e2 w_7e8305f w_77ee0be w_cae7677
f16566a1.jpg,new_whale w_53549df w_79b42cd w_c00534d w_3197568
f1663434.jpg,new_whale w_3a7d86d w_98d4838 w_fc7cc24 w_82e0d98
f16b84e6.jpg,new_whale w_238a4ad w_6ddff9b w_b678944 w_7e8b270
f170482a.jpg,new_whale w_17ee910 w_aae82f8 w_0e9f6d9 w_2d99a0c
f170c18d.jpg,new_whale w_8b1ca89 w_fe19618 w_987a36f w_a59905f
f1713546.jpg,new_whale w_b6a95e0 w_2071a4c w_654a5bb w_e02fe7b
f175c255.jpg,new_whale w_0beef28 w_853c1f7 w_43be268 w_62f804d
f17b9e55.jpg,new_whale w_b6886e5 w_24212f5 w_18eee6e w_3090f78
f17cf76e.jpg,new_whale w_693c9ee w_4b7b80b w_9875c12 w_05b2ddd
f182826c.jpg,new_whale w_5d96ba4 w_cbedcb0 w_3ee8570 w_837646b
f18a0851.jpg,new_whale w_1310342 w_8d46cef w_b6d09e6 w_d428980
f18a2397.jpg,new_whale w_fea7fe6 w_40323ac w_b96d4e0 w_4790f64
f19ed9cf.jpg,new_whale w_f208155 w_d382236 w_38efc2d w_8d5ede1
f1a9e228.jpg,new_whale w_511c464 w_aa16da4 w_883b284 w_4e52a49
f1aa3c8c.jpg,new_whale w_38158d6 w_e2e56e9 w_67de30b w_a0838d1
f1b3a4fa.jpg,new_whale w_0dee306 w_4f37147 w_18df014 w_60eba40
f1b4bad7.jpg,new_whale w_361e290 w_71c7322 w_1eafe46 w_50729c4
f1b57b3f.jpg,new_whale w_f19faeb w_9f638d8 w_402784d w_e21741a
f1b73aec.jpg,new_whale w_0e737d0 w_8044362 w_693c9ee w_98baff9
f1b76310.jpg,new_whale w_12c3d3d w_afc7d61 w_94bc64e w_3f91e04
f1be272a.jpg,new_whale w_99ad599 w_719011d w_eaeb1f0 w_7c943ab
f1c0e1e8.jpg,new_whale w_0a565c5 w_5ba417d w_07e92ee w_9caed77
f1c12865.jpg,new_whale w_e8778ce w_eec1133 w_3d0bc7a w_49bbc79
f1cc7fae.jpg,new_whale w_5b576a0 w_52a081c w_73d5489 w_2eabd5a
f1d17c5a.jpg,new_whale w_b6410bc w_64f3545 w_24a2923 w_3650949
f1d2f855.jpg,new_whale w_b688397 w_1a229eb w_b0e05b1 w_73d5489
f1d98525.jpg,new_whale w_d6a3892 w_dd086b2 w_dff77b6 w_f208155
f1db6d31.jpg,new_whale w_d9adb4f w_74e15fc w_656afeb w_b4a5677
f1dde9a6.jpg,new_whale w_2486665 w_2018f6c w_8f50a1f w_7759db0
f1dfb40f.jpg,new_whale w_338d945 w_cf00b01 w_0d39a68 w_1ecfe96
f1f1cd17.jpg,new_whale w_3cf3853 w_ab6db0f w_c1b3568 w_d382236
f1f229a2.jpg,new_whale w_38158d6 w_073f071 w_7f81114 w_507e610
f2031c52.jpg,new_whale w_4b16688 w_0bc712b w_fec1fb5 w_886257d
f20da714.jpg,new_whale w_3d4900b w_eb0a6ed w_cae7677 w_aa16da4
f212f5c8.jpg,new_whale w_01f8a43 w_8c1ec28 w_64a51a4 w_434ad6a
f213c53c.jpg,new_whale w_c02ac49 w_530f87b w_aed1e43 w_e3c1ec4
f217384c.jpg,new_whale w_395d578 w_aa64cc1 w_1894a1c w_693c9ee
f21e0f18.jpg,new_whale w_db3621e w_c9e1cdc w_b6886e5 w_bb2d34d
f2285022.jpg,new_whale w_41a79d7 w_987a36f w_6202983 w_fd1cb9d
f22b0a53.jpg,new_whale w_11f6df1 w_6c803bf w_02facde w_1274a11
f22ba9c6.jpg,new_whale w_8867074 w_296749b w_2a18a44 w_a16b600
f22e037c.jpg,new_whale w_002dc11 w_60c5e7e w_8e4abc9 w_b0e05b1
f22e2315.jpg,new_whale w_b0e05b1 w_d2f7b3c w_73e1d5b w_94bc64e
f22f43d7.jpg,new_whale w_44cb3ee w_6d4dedc w_cb7b682 w_2b0028d
f22f70c1.jpg,new_whale w_656afeb w_1596a47 w_32a920b w_c27d036
f22f8187.jpg,new_whale w_6c99c53 w_ab4cae2 w_fb2c3fb w_2f54c3c
f23033a3.jpg,new_whale w_1deadd7 w_79581d3 w_ef99fe9 w_bdd0576
f2318c66.jpg,new_whale w_8a31e6c w_eb39613 w_c622a3f w_143b201
f232be52.jpg,new_whale w_4ebeafb w_0c70bc3 w_4659acf w_fd1cb9d
f2346046.jpg,new_whale w_367b996 w_3a78626 w_02d7dc8 w_d708c5a
f236d1df.jpg,new_whale w_ca0ec7c w_45e8ea5 w_4b7b80b w_434ad6a
f24ba7cf.jpg,new_whale w_eff7e35 w_86b3f04 w_102ab59 w_0e4f53c
f24c3123.jpg,new_whale w_c9dd32e w_b9e00eb w_bf77b13 w_76048fe
f24e9df1.jpg,new_whale w_c27d036 w_414a0d7 w_3580734 w_552a16e
f256c7d2.jpg,new_whale w_1eafe46 w_a335e80 w_71c7322 w_33fc58d
f2574b51.jpg,new_whale w_ccb4adc w_4af3e4e w_5297ab3 w_ddbf533
f25ab143.jpg,new_whale w_90f74ae w_b70a0c4 w_1eafe46 w_3f2a05c
f25d0645.jpg,new_whale w_98baff9 w_5982299 w_5e78545 w_12c3d3d
f2660616.jpg,new_whale w_b6886e5 w_6710cf8 w_d2be6cc w_5a8e397
f26a42d0.jpg,new_whale w_8397970 w_b99edea w_89154d2 w_444a844
f26e4db8.jpg,new_whale w_58c3bf9 w_13c6b6b w_9ca943b w_2cdf820
f276d95f.jpg,new_whale w_b96d4e0 w_f3f84d7 w_eac205a w_ba8c7bc
f2781d4c.jpg,new_whale w_f8e6546 w_1e1a051 w_12c3d3d w_f932abc
f27d920f.jpg,new_whale w_53951e6 w_d434526 w_a7d4668 w_8c1ec28
f2811dd3.jpg,new_whale w_9d5f5cc w_8f6b207 w_f8e6546 w_1cb2134
f2813703.jpg,new_whale w_f3f84d7 w_98ab48e w_a18d0dc w_0674604
f2895dd2.jpg,new_whale w_1287fbc w_1c22d7e w_ab6bb0a w_367b996
f28a59e5.jpg,new_whale w_b942708 w_932c8cd w_bb2d34d w_3d9fb6c
f28bf217.jpg,new_whale w_37a7f78 w_d20befa w_2dce318 w_a8f9a1e
f292bd50.jpg,new_whale w_a155149 w_cf3c233 w_40323ac w_98baff9
f299b598.jpg,new_whale w_fea7fe6 w_490b224 w_71c7322 w_7f0700f
f29f06d3.jpg,new_whale w_19ca2c6 w_09dd18c w_bdbec6c w_d36f58c
f2a52b0d.jpg,new_whale w_44a6b62 w_9948a99 w_b9e00eb w_392bee3
f2ab3e7e.jpg,new_whale w_fea7fe6 w_4a17405 w_4e52a49 w_89d9c03
f2aba000.jpg,new_whale w_49bbc79 w_f185562 w_3de676c w_1ecfe96
f2acfbe4.jpg,new_whale w_164cfff w_64f3545 w_156c0db w_24a2923
f2b0aa6c.jpg,new_whale w_d22af00 w_540fd73 w_6c803bf w_b074cdf
f2b16a15.jpg,new_whale w_fd1cb9d w_62c3998 w_62f804d w_2d99a0c
f2b2dd3c.jpg,new_whale w_9438980 w_fd1cb9d w_6710cf8 w_d663f4f
f2b4c0fb.jpg,new_whale w_c0287a9 w_bf77b13 w_5e57e8b w_47f29cd
f2b8da5a.jpg,new_whale w_56ddb00 w_3050553 w_cf0c062 w_e3f7187
f2baf18a.jpg,new_whale w_361e290 w_c622a3f w_217e78a w_993d66c
f2c2f6a5.jpg,new_whale w_c167245 w_eb0a6ed w_8bdc211 w_851a7f4
f2c565ab.jpg,new_whale w_06dbe6b w_826eb44 w_02a768d w_c06dd6e
f2c8570a.jpg,new_whale w_1dd8e68 w_2b443f8 w_4e85c68 w_1917275
f2d2540f.jpg,new_whale w_fd1cb9d w_a14ccaa w_2863d51 w_9cb529f
f2d2e4f4.jpg,new_whale w_1489751 w_338b130 w_5f50b5e w_1632307
f2d767df.jpg,new_whale w_6c803bf w_9ec358c w_7cfaa82 w_7b5a630
f2dd0398.jpg,new_whale w_654a5bb w_5f82501 w_aa16da4 w_6202983
f2dd4db0.jpg,new_whale w_3af4e73 w_0e737d0 w_307065e w_f4b95e7
f2e53dd4.jpg,new_whale w_48dd419 w_9d9913a w_fe87f0a w_a25caa9
f2eb74e4.jpg,new_whale w_fd1cb9d w_6a2328a w_e02fe7b w_853c1f7
f2ed5b5d.jpg,new_whale w_badfc4b w_fe5e78b w_cf82352 w_2d29ddd
f2f0ea41.jpg,new_whale w_002dc11 w_8e4abc9 w_ed32db9 w_f8e6546
f2f57c00.jpg,new_whale w_b5e3076 w_cc54cee w_ffa7427 w_222dcb7
f2f9a885.jpg,new_whale w_c06dd6e w_1c22d7e w_23d3b1c w_02a768d
f2fb20cd.jpg,new_whale w_7049d9f w_4e7fc3e w_398aa7f w_38158d6
f2fd08db.jpg,new_whale w_dcb1f2a w_8bde95b w_778ee6e w_2d99a0c
f2fd7c3a.jpg,new_whale w_b7d5069 w_4b950da w_25a38b8 w_3a94311
f2fffb8c.jpg,new_whale w_0ae998f w_fe49bc4 w_46b211d w_81df82e
f30440cd.jpg,new_whale w_cae7677 w_588d5d7 w_c01e25d w_a8bc2bc
f308c029.jpg,new_whale w_a58f64d w_f8e6546 w_62c3998 w_5f82501
f30b5c2e.jpg,new_whale w_6fa41e8 w_0e4f53c w_5297ab3 w_ec853f1
f30f7b06.jpg,new_whale w_97982cf w_330f897 w_361e290 w_5b99089
f31475e5.jpg,new_whale w_f115d53 w_2cca6a1 w_6232813 w_db2baec
f316318d.jpg,new_whale w_11adaae w_4696a5a w_367b996 w_ae0ab55
f31d85ea.jpg,new_whale w_53064a6 w_98baff9 w_993dbe8 w_f81c626
f31e945a.jpg,new_whale w_9948a99 w_b70a0c4 w_5021993 w_08f1502
f32ad244.jpg,new_whale w_96d9eaf w_410fb0a w_6c99c53 w_aa64cc1
f32eab98.jpg,new_whale w_d775c6f w_21e178f w_532fb22 w_2832e90
f33f041d.jpg,new_whale w_ae07541 w_0475042 w_df15cc8 w_dcb1f2a
f347e412.jpg,new_whale w_da9254f w_f7a0fd7 w_d2b4956 w_ec853f1
f348fa4b.jpg,new_whale w_c9e1cdc w_6e8486d w_bb2d34d w_b6886e5
f3556511.jpg,new_whale w_af890ad w_db474c7 w_5919cf7 w_f6fb689
f358334b.jpg,new_whale w_15eae33 w_813c5be w_329e594 w_f50ee01
f35880a9.jpg,new_whale w_9bcb0f8 w_0d39a68 w_15928c6 w_d382236
f367f795.jpg,new_whale w_2f81b85 w_8a4b8ef w_7b035cc w_a913945
f36a92c0.jpg,new_whale w_0ee4d6d w_9e1e278 w_4dfe7cb w_a494171
f36caa50.jpg,new_whale w_f8e6546 w_9b6b87d w_338b130 w_9f718e8
f36e75ee.jpg,new_whale w_dd086b2 w_eb47189 w_daf1085 w_2d99a0c
f371bc2c.jpg,new_whale w_f18df18 w_9e1e278 w_813c5be w_4dfe7cb
f3733527.jpg,new_whale w_1287fbc w_6503ccd w_43be268 w_490c8a0
f38023f9.jpg,new_whale w_53859b2 w_73d5489 w_dfbfe10 w_a524549
f38112f2.jpg,new_whale w_f4e0748 w_4b87cba w_2957331 w_351a1e1
f384e66a.jpg,new_whale w_96c141f w_73b705e w_5d96ba4 w_dff77b6
f38791d6.jpg,new_whale w_b7fe199 w_f8cd6b6 w_5966fff w_feab6f3
f38a4dae.jpg,new_whale w_2d99a0c w_49bbc79 w_0b0d88d w_cf24f84
f38ba101.jpg,new_whale w_b066aa6 w_ff7630a w_7554f44 w_a526492
f3969232.jpg,new_whale w_9a8684f w_8b56cb1 w_67de30b w_6c803bf
f39b0560.jpg,new_whale w_7e8b270 w_2b0028d w_f8e6546 w_a18d0dc
f3a4ec19.jpg,new_whale w_ee17a08 w_8c1e2e4 w_43be268 w_9ca943b
f3a835ac.jpg,new_whale w_0d39a68 w_2a939eb w_89e159a w_49bbc79
f3aa111e.jpg,new_whale w_92585eb w_d9adb4f w_243e33e w_4f6c7e0
f3b0988d.jpg,new_whale w_71c7322 w_b7d5069 w_43be268 w_4e52a49
f3b7865f.jpg,new_whale w_04c1951 w_9d65e55 w_c0a4c9d w_eb0a6ed
f3b90f23.jpg,new_whale w_1d2fbc1 w_f792125 w_d62128e w_1e5a146
f3bd9634.jpg,new_whale w_e8c35dc w_993d66c w_aeca19c w_0819271
f3bddb9b.jpg,new_whale w_dd76ce2 w_dd0c2e0 w_0d48a7d w_518129a
f3c0c746.jpg,new_whale w_8d83172 w_53f79bc w_4fdaa2a w_9ec358c
f3cdddbd.jpg,new_whale w_97f5054 w_bb2d34d w_b6886e5 w_44cccf6
f3d633e0.jpg,new_whale w_480b2d4 w_95dd5d2 w_7f0700f w_08f1502
f3d65e8f.jpg,new_whale w_e3c1ec4 w_a2eb1bb w_b33e728 w_6e42b8e
f3dcefb1.jpg,new_whale w_285da1a w_636638f w_c622a3f w_d19a884
f3df0599.jpg,new_whale w_9771603 w_2fe43c7 w_71c7322 w_f438375
f3e083fb.jpg,new_whale w_c3684ba w_6c23fcc w_a646643 w_bb388ca
f3e4b018.jpg,new_whale w_38e4aae w_56bbc91 w_b6689cc w_b9ee5ec
f3e89d1a.jpg,new_whale w_ca8bfb4 w_c3ff6f2 w_4a074b8 w_8717ef3
f3eb3a1b.jpg,new_whale w_eb0a6ed w_488cdd8 w_97e7648 w_b5ea8a0
f3ecacfe.jpg,new_whale w_e826a6f w_0408054 w_a155149 w_8867074
f3ee0ed9.jpg,new_whale w_2e4fecc w_77e1d3f w_f81c626 w_8d88c82
f3f15038.jpg,new_whale w_ec87420 w_f6fb689 w_69e1d0a w_cae7677
f3f9d3da.jpg,new_whale w_0654dd9 w_cae7677 w_17136dc w_dfd3f5e
f3fa1652.jpg,new_whale w_3d0bc7a w_6418af0 w_44cccf6 w_18eee6e
f3fd97a4.jpg,new_whale w_d428980 w_f81c626 w_8d46cef w_559ce61
f3fe579b.jpg,new_whale w_1609b19 w_98baff9 w_8044362 w_ab4cae2
f3fe8132.jpg,new_whale w_bc9dc37 w_9ceb05d w_2fe43c7 w_fd1cb9d
f404c290.jpg,new_whale w_c9e1cdc w_49a3a96 w_ab6db0f w_06972d2
f4070bc8.jpg,new_whale w_9d5f5cc w_10ace22 w_987a36f w_800034f
f40dcf2f.jpg,new_whale w_fba3bde w_77607b5 w_c9e1cdc w_2a18a44
f40e9c78.jpg,new_whale w_c352046 w_6d05f7f w_e594616 w_8d46cef
f414a1cc.jpg,new_whale w_18eee6e w_8c1e2e4 w_dfbfe10 w_0d39a68
f41ae2fe.jpg,new_whale w_b0e05b1 w_886257d w_60c5e7e w_c2c4f43
f41c1dc3.jpg,new_whale w_824f286 w_45e8ea5 w_959b917 w_98baff9
f4228377.jpg,new_whale w_dbda0d6 w_f8c3a63 w_86ff8a6 w_d19a884
f42b7956.jpg,new_whale w_19dc50f w_d5ec83f w_62c3998 w_e61dd6d
f4311022.jpg,new_whale w_1d17e8c w_8ecd3a7 w_19aeb9c w_b96d4e0
f4337326.jpg,new_whale w_b0e05b1 w_62f299e w_68820e8 w_18eee6e
f4338ec2.jpg,new_whale w_eb39613 w_7e8b270 w_2071a4c w_c622a3f
f437515a.jpg,new_whale w_1d970c9 w_8c1dab2 w_0e737d0 w_0bd3671
f4404e02.jpg,new_whale w_dfbfe10 w_38e4aae w_3694c7d w_89e159a
f4471855.jpg,new_whale w_a1350a7 w_d51a79f w_eab49b7 w_8cd7651
f44de1c7.jpg,new_whale w_479cb36 w_cae7677 w_f81c626 w_59eb8ae
f44e3480.jpg,new_whale w_89e159a w_fd1cb9d w_3d66298 w_8c1e2e4
f457f1eb.jpg,new_whale w_9c3db0a w_3e5069e w_dd086b2 w_bd61ca9
f45aaa1a.jpg,new_whale w_b6886e5 w_5d6786e w_b4369cc w_71c7322
f45b9921.jpg,new_whale w_5436d75 w_8209e5c w_44edba9 w_7214e98
f45e2fe0.jpg,new_whale w_896d91c w_5e04db0 w_5c6215c w_65139e4
f45f4869.jpg,new_whale w_026fdf8 w_a14ccaa w_2fe43c7 w_fe49bc4
f461cdae.jpg,new_whale w_813c5be w_b0e05b1 w_a38fee3 w_60c5e7e
f463ae8b.jpg,new_whale w_1606afc w_419d308 w_a3abc56 w_648a9a8
f46911af.jpg,new_whale w_1274a11 w_693c9ee w_67de30b w_1c69443
f4721f88.jpg,new_whale w_6b2995b w_ac87f37 w_9caed77 w_7918071
f472f839.jpg,new_whale w_0f92544 w_29eb3b2 w_d3ce445 w_ea96346
f476a101.jpg,new_whale w_030294d w_0740d28 w_b9e116f w_0324b97
f476b133.jpg,new_whale w_3694c7d w_17370ba w_e0f1df1 w_0d39a68
f478f7e2.jpg,new_whale w_c9e1cdc w_fba3bde w_2a18a44 w_3d0bc7a
f47e26b3.jpg,new_whale w_01b2250 w_ee9c4d7 w_3d66298 w_4f6fabd
f480dfa4.jpg,new_whale w_cf0c062 w_d224115 w_b688397 w_20c671c
f4861e0e.jpg,new_whale w_b4151b7 w_7885601 w_898bb9a w_5919cf7
f48653e0.jpg,new_whale w_0408054 w_f478955 w_0b04c08 w_c0a4c9d
f486550b.jpg,new_whale w_73b705e w_abe383e w_fa32440 w_d8f848c
f48ae8cb.jpg,new_whale w_43b50e5 w_74e15fc w_1eafe46 w_35c8057
f48b040b.jpg,new_whale w_38e4aae w_4c9d3df w_e7a238b w_fc7cc24
f49181a8.jpg,new_whale w_721d2e9 w_98baff9 w_861cc1c w_06dbe6b
f492f6e0.jpg,new_whale w_6202983 w_e05ee50 w_a14ccaa w_98baff9
f4958f60.jpg,new_whale w_ab4bd59 w_b17f9ea w_67de30b w_9a8684f
f4b2a931.jpg,new_whale w_7914111 w_e15442c w_6dbb861 w_c167245
f4beb38e.jpg,new_whale w_17ee910 w_1287fbc w_0408054 w_c0d494d
f4bf282a.jpg,new_whale w_c3ff6f2 w_44a6b62 w_7e8b270 w_c5f9e78
f4c0602b.jpg,new_whale w_367b996 w_c27d036 w_e0e5c9e w_1dc66b7
f4c0e2df.jpg,new_whale w_a2660fd w_62f804d w_1aa0526 w_813c5be
f4d43f73.jpg,new_whale w_7faebe3 w_f8cd6b6 w_0b3b659 w_3331656
f4d45cc9.jpg,new_whale w_5b5a85d w_ab4cae2 w_2ce5ce2 w_cece268
f4dbd750.jpg,new_whale w_f3bd33a w_48a98d7 w_fba3bde w_32602d9
f4e00037.jpg,new_whale w_f4e0748 w_3ac13d2 w_9e7021b w_dc7c5a0
f4e24654.jpg,new_whale w_d88328d w_4e52a49 w_ee17a08 w_02bb4cf
f4e2f3fd.jpg,new_whale w_8201aa8 w_0526c04 w_f0f0dbb w_44f0fa2
f4ed157c.jpg,new_whale w_0652d70 w_1eafe46 w_7554f44 w_37dd956
f4ed9551.jpg,new_whale w_62c3998 w_ae07541 w_eb47189 w_2901987
f4f14576.jpg,new_whale w_f83b1f9 w_37dd956 w_b9f5b8b w_6193637
f4f59ac0.jpg,new_whale w_f478955 w_af890ad w_8ba2066 w_b6886e5
f4f85800.jpg,new_whale w_c9e1cdc w_bcf23a8 w_1e3ce01 w_90ec71a
f4fb4e42.jpg,new_whale w_73d5489 w_302af0a w_2730966 w_87050a3
f5020183.jpg,new_whale w_cae7677 w_73d5489 w_4b7b80b w_af890ad
f503b369.jpg,new_whale w_fa32440 w_c0d494d w_813c5be w_abe383e
f5055db4.jpg,new_whale w_9ca943b w_0869575 w_5ad2030 w_43b50e5
f50fb971.jpg,new_whale w_367b996 w_a646643 w_f8e6546 w_9b6b87d
f5136b88.jpg,new_whale w_80c692d w_7dee51b w_4e52a49 w_4ebeafb
f5144760.jpg,new_whale w_badfc4b w_4e52a49 w_91e86c4 w_3d66298
f51756c7.jpg,new_whale w_7895123 w_cf00b01 w_f208155 w_9d0e84a
f522e128.jpg,new_whale w_a646643 w_3a9ee71 w_bb2501a w_ab4cae2
f5287d24.jpg,new_whale w_5c07f42 w_e73d83c w_affdf5d w_b41e229
f52de50b.jpg,new_whale w_23dce10 w_eb0a6ed w_f19faeb w_693c9ee
f5321b65.jpg,new_whale w_0a97a25 w_3d4900b w_67bfdf5 w_4e52a49
f53254e5.jpg,new_whale w_8c1dab2 w_715d152 w_43be268 w_2cdf820
f537485d.jpg,new_whale w_dfbfe10 w_bb2d34d w_62c3998 w_eb47189
f539fedc.jpg,new_whale w_654a5bb w_861cc1c w_5c23454 w_2071a4c
f5440621.jpg,new_whale w_c87c10b w_1596a47 w_eb8429c w_3061bdd
f5443204.jpg,new_whale w_3326396 w_52c8684 w_8158b1f w_c39fceb
f54541be.jpg,new_whale w_0853262 w_367b996 w_54b0844 w_a5c5f2d
f545967f.jpg,new_whale w_d1033fa w_d1917df w_f6fb689 w_a524549
f546ec88.jpg,new_whale w_5d86f98 w_43be268 w_1eafe46 w_71c7322
f54c4b6c.jpg,new_whale w_14ba846 w_f9bd832 w_693c9ee w_8bc3f0a
f5528a07.jpg,new_whale w_88d11b1 w_883557a w_70b4610 w_6c05e3b
f5566f6e.jpg,new_whale w_aae82f8 w_3e1ba5b w_3d66298 w_8db45b7
f55e8f6b.jpg,new_whale w_7257028 w_959b917 w_cef690d w_98baff9
f560fe77.jpg,new_whale w_817f022 w_75f217b w_8c618e1 w_ab6db0f
f562e89f.jpg,new_whale w_7554f44 w_83714b7 w_4e68ddc w_0d48a7d
f5697990.jpg,new_whale w_b7d5069 w_62f804d w_98baff9 w_5f82501
f56c5c93.jpg,new_whale w_2901987 w_1febbf3 w_a13ada3 w_fd1cb9d
f5732aa3.jpg,new_whale w_22fa4ad w_02d7dc8 w_ee948c6 w_0f92544
f57f6497.jpg,new_whale w_37223f9 w_1a229eb w_83034c7 w_fd9264d
f5869fe5.jpg,new_whale w_fe49bc4 w_9db9ef5 w_64f3545 w_2039053
f589ffc6.jpg,new_whale w_29670e2 w_d0157fd w_7554f44 w_5dfafa5
f58bb0f0.jpg,new_whale w_31fb9f0 w_31a93e7 w_b9e00eb w_1d53d9c
f58fb9a6.jpg,new_whale w_98baff9 w_693c9ee w_3674103 w_b0e05b1
f5988315.jpg,new_whale w_e3caa40 w_2282bb8 w_0e737d0 w_d88328d
f5a2160c.jpg,new_whale w_6e47e0e w_e62b5d8 w_9d0e84a w_778ee6e
f5a3083f.jpg,new_whale w_2bb8c37 w_c26f6db w_2658649 w_98baff9
f5a5537e.jpg,new_whale w_dd52cfc w_1dd8e68 w_09f825c w_ba53619
f5a67af9.jpg,new_whale w_c0d494d w_98baff9 w_0e737d0 w_ab4cae2
f5a9a016.jpg,new_whale w_0da589d w_db3621e w_1eafe46 w_8f3cb68
f5ab244b.jpg,new_whale w_62f804d w_8c1dab2 w_4b87cba w_987a36f
f5b71a41.jpg,new_whale w_5b672ea w_59eb8ae w_dff2982 w_cae7677
f5b883ba.jpg,new_whale w_9ca943b w_0f54cdf w_acc67ea w_ec354a5
f5bc6670.jpg,new_whale w_a43fcbb w_c20f21c w_8ba9abd w_83cd92b
f5be8294.jpg,new_whale w_883b284 w_6202983 w_7e8b270 w_aa16da4
f5c08d2d.jpg,new_whale w_94e1ed4 w_4e68ddc w_7554f44 w_e826a6f
f5c14f0f.jpg,new_whale w_656afeb w_12f2352 w_987a36f w_c30959a
f5c2a89e.jpg,new_whale w_fce6ab2 w_7faebe3 w_883557a w_f71bac2
f5c3e2d9.jpg,new_whale w_817f022 w_7c7a78c w_dad23fa w_3fffc61
f5c65ef1.jpg,new_whale w_654a5bb w_c0d494d w_aeca19c w_f83b1f9
f5d08cc0.jpg,new_whale w_127f4c6 w_82e0d98 w_f2e9eb1 w_2d25d1f
f5d5af85.jpg,new_whale w_826eb44 w_70e49bc w_279b255 w_395d578
f5d69e73.jpg,new_whale w_f70f725 w_e62b5d8 w_f21f2ec w_e41fd4f
f5d85682.jpg,new_whale w_8534390 w_a59905f w_2863d51 w_9a94e29
f5da8f52.jpg,new_whale w_17e8554 w_a59905f w_540fd73 w_9b67e87
f5dab085.jpg,new_whale w_d9fdd15 w_49bbc79 w_44cccf6 w_7e5cc5e
f5de3d7c.jpg,new_whale w_c9e1cdc w_dcb1f2a w_85f9040 w_95874a5
f5e4d2d2.jpg,new_whale w_5cc2285 w_693c9ee w_98baff9 w_b6886e5
f5e9239d.jpg,new_whale w_5e04db0 w_0c70bc3 w_65139e4 w_38f39ed
f5e9f5ac.jpg,new_whale w_89e159a w_fd1cb9d w_6de53d1 w_4ebeafb
f5ef4c14.jpg,new_whale w_7c7a78c w_1a70685 w_fd1cb9d w_67de30b
f5f3dfa4.jpg,new_whale w_cb9220b w_cf24f84 w_dce3192 w_773509f
f5f71531.jpg,new_whale w_2f6a962 w_06ff732 w_7b035cc w_efebfe8
f5fa10e5.jpg,new_whale w_9562910 w_893e77a w_d89f317 w_73d5489
f6000fa8.jpg,new_whale w_59866ca w_7e8b270 w_eb47189 w_7bf3a5c
f6024519.jpg,new_whale w_99c07e8 w_a1350a7 w_85755f7 w_60c5e7e
f604bf05.jpg,new_whale w_fd1cb9d w_eaad6a8 w_eb47189 w_6e8486d
f6100462.jpg,new_whale w_22b8a16 w_3e1bdd0 w_0d60fdd w_8044362
f615001d.jpg,new_whale w_515d21d w_251ee17 w_f314558 w_7554f44
f6170691.jpg,new_whale w_ab4cae2 w_98baff9 w_dc89c4c w_0e737d0
f6237768.jpg,new_whale w_1596a47 w_1a70685 w_3dc5e74 w_2d99a0c
f623ca1d.jpg,new_whale w_6202983 w_3bf56d4 w_8d4654f w_8c1ec28
f62433a1.jpg,new_whale w_776ba6e w_79774a5 w_9ceb05d w_f5771d1
f624c1e3.jpg,new_whale w_989fbbb w_98baff9 w_f014da3 w_886257d
f6289db9.jpg,new_whale w_ca40961 w_aae82f8 w_38e4aae w_f3bd33a
f628bff7.jpg,new_whale w_f3db3f1 w_d430a78 w_143b201 w_87050a3
f629602e.jpg,new_whale w_656afeb w_f183341 w_ebc5837 w_8ba2066
f629abd2.jpg,new_whale w_987a36f w_9d5f5cc w_38e4aae w_f86488a
f62c11e5.jpg,new_whale w_6b851b1 w_87050a3 w_5f50b5e w_f81c626
f62c9c41.jpg,new_whale w_d434526 w_f438375 w_361e290 w_e0e5c9e
f63024ec.jpg,new_whale w_eb0a6ed w_488cdd8 w_97e7648 w_b5ea8a0
f631eb98.jpg,new_whale w_cf24f84 w_773509f w_cb9220b w_43be268
f633d245.jpg,new_whale w_8a816b1 w_3650949 w_3bb210a w_9434f0c
f63572f4.jpg,new_whale w_f2d87b0 w_1e4e7a4 w_67de30b w_1e45a47
f63582a6.jpg,new_whale w_3650949 w_afef556 w_c4cafb8 w_b0e05b1
f639c3a1.jpg,new_whale w_522ba14 w_6c803bf w_47d2bc6 w_d9adb4f
f63a6c9d.jpg,new_whale w_a26a029 w_b9cfdfe w_b678944 w_02d5fad
f63b9af6.jpg,new_whale w_8867074 w_79185c2 w_43be268 w_569c2c7
f63e2285.jpg,new_whale w_41ed8e8 w_c666071 w_cef690d w_92e7841
f6457616.jpg,new_whale w_0ffc383 w_9ceb05d w_7759db0 w_569c2c7
f6576837.jpg,new_whale w_b7d5069 w_ccbc782 w_f2b0e93 w_9cb529f
f6594529.jpg,new_whale w_c9111ac w_1911cbb w_216f61f w_d4fa6f3
f65c2243.jpg,new_whale w_4659acf w_a59905f w_20eb13c w_12cdfbd
f65e32ee.jpg,new_whale w_1f0da94 w_98baff9 w_b074cdf w_ab4cae2
f663378f.jpg,new_whale w_7311fe4 w_e0f6444 w_a155149 w_3fc3d07
f66a05c2.jpg,new_whale w_9ea2cc3 w_9ec358c w_3af4e73 w_5624f08
f67796a8.jpg,new_whale w_c3684ba w_22f0a7d w_33032d1 w_c22307d
f67ceb0e.jpg,new_whale w_8fab53d w_dbda0d6 w_7c6ad05 w_1d53d9c
f68141e9.jpg,new_whale w_3d8c865 w_53dbf9d w_993d66c w_91572bb
f687024c.jpg,new_whale w_87050a3 w_7554f44 w_db474c7 w_2071a4c
f68ce824.jpg,new_whale w_a14ccaa w_817f022 w_e54feba w_f4fc8cc
f6960980.jpg,new_whale w_bbc2a14 w_29eb3b2 w_d8eae88 w_e8ca955
f6a2c881.jpg,new_whale w_2d29ddd w_fd1cb9d w_3411b9f w_e8778ce
f6a5b71d.jpg,new_whale w_fd587bc w_6ec850b w_79b42cd w_7311fe4
f6a648fc.jpg,new_whale w_cae7677 w_2730966 w_329e594 w_0b04c08
f6af335e.jpg,new_whale w_493c000 w_87e8446 w_697c72e w_414a0d7
f6b0164f.jpg,new_whale w_d148982 w_3dd210a w_5054c6a w_dd8299b
f6b2b7f2.jpg,new_whale w_932c8cd w_bb2d34d w_6e8486d w_c133ea8
f6b89cb9.jpg,new_whale w_90ec71a w_c9e1cdc w_2fd21ec w_1a5e7a2
f6bd35e2.jpg,new_whale w_d95069e w_c00534d w_eac205a w_7e8b270
f6ca329c.jpg,new_whale w_22bcbd6 w_15ebbda w_861cc1c w_00cb685
f6dd4850.jpg,new_whale w_e02fe7b w_eb47189 w_1904e8c w_abe383e
f6de5963.jpg,new_whale w_7311fe4 w_8507226 w_5bc5e63 w_02d5fad
f6e7739d.jpg,new_whale w_5919cf7 w_7ed55c4 w_a21cc97 w_b9e00eb
f6ed0925.jpg,new_whale w_a8335f2 w_2071a4c w_7b770ec w_c0d494d
f6f47b5f.jpg,new_whale w_861cc1c w_82ec5f0 w_fbcb6e4 w_e0efc4f
f6fe3391.jpg,new_whale w_f86488a w_5624f08 w_932c8cd w_db9dd51
f6ff54fd.jpg,new_whale w_c9e1cdc w_e61dd6d w_307065e w_d5ec83f
f70101df.jpg,new_whale w_6710cf8 w_d428980 w_df092eb w_2f97ce6
f7019c16.jpg,new_whale w_0ead9d7 w_d5ec83f w_7f6ce8e w_43966a3
f70bd270.jpg,new_whale w_980bb1a w_164cfff w_fd587bc w_a8494ea
f70e90dc.jpg,new_whale w_5f7c402 w_d1d8f98 w_8db45b7 w_479e3e5
f70ea687.jpg,new_whale w_f229b69 w_a59905f w_43be268 w_b7d5069
f712b4a6.jpg,new_whale w_2e4fecc w_03a2ed7 w_883557a w_f83b1f9
f7130528.jpg,new_whale w_44f66a7 w_a33e1c3 w_4072313 w_8cd7651
f71bc5ab.jpg,new_whale w_d7de1ee w_4fd48e7 w_afef556 w_edcb241
f72a4456.jpg,new_whale w_43b50e5 w_c9e1cdc w_95874a5 w_1a5e7a2
f72b9066.jpg,new_whale w_8201aa8 w_bd5cf0a w_23d3b1c w_19212f0
f72dab0c.jpg,new_whale w_9f1fafb w_40323ac w_d224115 w_d234e6b
f72e9538.jpg,new_whale w_9ea2cc3 w_eb0a6ed w_c6be61e w_89e451c
f7312b7a.jpg,new_whale w_776ba6e w_1eafe46 w_8507226 w_4759df3
f73c1200.jpg,new_whale w_9122179 w_9ca943b w_bc9dc37 w_b7d5069
f73e5189.jpg,new_whale w_613723e w_1d05772 w_8db45b7 w_b5383b5
f73f05db.jpg,new_whale w_1dc66b7 w_63db6f9 w_d89b29e w_b8dff40
f74b0277.jpg,new_whale w_eb0a6ed w_9875c12 w_778ee6e w_693c9ee
f7504eb6.jpg,new_whale w_aed6a9a w_0ee4d6d w_dfbfe10 w_df092eb
f755642e.jpg,new_whale w_2dae424 w_7311fe4 w_1eafe46 w_7554f44
f75b510f.jpg,new_whale w_b7fe199 w_26f9f95 w_c13b4e6 w_338b130
f7687850.jpg,new_whale w_abc2eda w_e964ae8 w_5a0d250 w_dcb1f2a
f76913c9.jpg,new_whale w_5a2075e w_0e10dbe w_6635a97 w_89e159a
f76bbb71.jpg,new_whale w_0d48a7d w_3ca387d w_85cdd9b w_93dcf76
f773369f.jpg,new_whale w_d63bf1f w_7e8b270 w_56743d6 w_7394d75
f7751e23.jpg,new_whale w_b95307d w_b942708 w_1a5e7a2 w_da63cba
f779b51d.jpg,new_whale w_73b26b7 w_49bbc79 w_987a36f w_0b0d88d
f77a2a14.jpg,new_whale w_987a36f w_d465e44 w_7c7a78c w_cae7677
f77e2d31.jpg,new_whale w_1facad2 w_fd1cb9d w_4c9d3df w_a59905f
f77fddb6.jpg,new_whale w_e73c666 w_0e4f53c w_f0af1f8 w_e449d3a
f7877e05.jpg,new_whale w_530f87b w_8044362 w_693c9ee w_fbce8b4
f788fa9f.jpg,new_whale w_73d5489 w_302af0a w_7f199c6 w_7dc3fae
f793c59d.jpg,new_whale w_218b25e w_b738048 w_c0d494d w_f4ac89a
f7970ba0.jpg,new_whale w_ba39446 w_67de30b w_3d66298 w_82e0d98
f7a19e45.jpg,new_whale w_0122d85 w_285da1a w_7b770ec w_3fc3d07
f7a9da05.jpg,new_whale w_b6c4efa w_9ec358c w_865c2ba w_7f40920
f7ace8b9.jpg,new_whale w_303518a w_1ec267f w_41901e5 w_f1396bd
f7b12c46.jpg,new_whale w_f178867 w_f83b1f9 w_0654dd9 w_29670e2
f7b3ce58.jpg,new_whale w_61cf42e w_5f7c402 w_d1d8f98 w_8db45b7
f7bf7c4c.jpg,new_whale w_2d29ddd w_9cb2dba w_c3d523d w_2e872af
f7c01c0c.jpg,new_whale w_fba3bde w_d47e2e3 w_3d66298 w_43be268
f7c4cafd.jpg,new_whale w_77607b5 w_aa7a302 w_17136dc w_f02bf23
f7cdee8a.jpg,new_whale w_4fd48e7 w_3650949 w_41c0098 w_3bb210a
f7cf8f18.jpg,new_whale w_95874a5 w_2fd21ec w_c9e1cdc w_90ec71a
f7d20855.jpg,new_whale w_fea7fe6 w_0e737d0 w_1287fbc w_9ca943b
f7d36111.jpg,new_whale w_f19faeb w_ad8bc47 w_9496577 w_77f3e70
f7d88dbb.jpg,new_whale w_97f5054 w_4b7b80b w_f774c8b w_bb2d34d
f7d9bdbb.jpg,new_whale w_f83b1f9 w_f178867 w_56f2b1e w_91572bb
f7dcc683.jpg,new_whale w_4bd8388 w_df834bf w_a3abc56 w_ba63af5
f7e05e13.jpg,new_whale w_8c1ec28 w_08f1502 w_18a854b w_c90feaa
f7e0bb5c.jpg,new_whale w_5b1fa1d w_e9ffbe9 w_f0af1f8 w_99ad599
f7e5107c.jpg,new_whale w_898bb9a w_bf4880a w_09f9fd3 w_9989964
f7e59ec4.jpg,new_whale w_5b576a0 w_987a36f w_f18df18 w_4c9d3df
f7e99955.jpg,new_whale w_3ca387d w_987a36f w_1632307 w_a74742c
f7ea5f12.jpg,new_whale w_1743d93 w_8a997b8 w_52c8684 w_fdf60bb
f7eeeb9d.jpg,new_whale w_6202983 w_30f095d w_4c9d3df w_b688397
f7ef832d.jpg,new_whale w_21e178f w_f3e948c w_011d4b5 w_7b035cc
f7fc0b5c.jpg,new_whale w_1af5d59 w_3650949 w_e988011 w_94bc64e
f80301ba.jpg,new_whale w_0b3b659 w_b074cdf w_95b6cc3 w_4b7b80b
f8035ae2.jpg,new_whale w_0466071 w_1da7080 w_fab740d w_dd52cfc
f80996bd.jpg,new_whale w_8044362 w_f8e6546 w_73d5489 w_ae07541
f80b7bf9.jpg,new_whale w_db2baec w_5f7c402 w_1c69443 w_67de30b
f810092f.jpg,new_whale w_a91b997 w_b4369cc w_1e3ce01 w_9ea2cc3
f810f98d.jpg,new_whale w_cc3a724 w_6f211a9 w_f53deac w_3e57104
f8123c34.jpg,new_whale w_71c7322 w_d915632 w_4195fc3 w_e826a6f
f813f4fa.jpg,new_whale w_e449d3a w_5ae47d9 w_c6439b8 w_1c2fb13
f814ace0.jpg,new_whale w_b7d5069 w_853c1f7 w_0beef28 w_da6d50b
f815726b.jpg,new_whale w_4c4c001 w_fe96bef w_fab740d w_d430a78
f818acdb.jpg,new_whale w_376a413 w_e826a6f w_f1a4389 w_73d5489
f81bf573.jpg,new_whale w_9b098ea w_95874a5 w_38efc2d w_64f3545
f82029e3.jpg,new_whale w_569c2c7 w_ab4cae2 w_3e1ccc9 w_693c9ee
f8251585.jpg,new_whale w_693c9ee w_98baff9 w_fdcfcea w_494dd45
f82cd2a7.jpg,new_whale w_a254eb0 w_57e8a80 w_b942708 w_7aaa569
f82fc46c.jpg,new_whale w_6e8486d w_7e5cc5e w_3b0894d w_e61dd6d
f83b52ae.jpg,new_whale w_38e4aae w_fc7cc24 w_56bbc91 w_dcb1f2a
f83b8a44.jpg,new_whale w_67de30b w_fce6ab2 w_ab4cae2 w_2dae424
f83bb292.jpg,new_whale w_3e0f25d w_b9f5b8b w_3d1c2ef w_5126776
f842cedc.jpg,new_whale w_98dcedd w_2d99a0c w_12c3d3d w_a01d903
f847004b.jpg,new_whale w_0ea659e w_193b7e3 w_cc5fae7 w_95af6a2
f8474488.jpg,new_whale w_b3655a6 w_2b28681 w_e6b3dd4 w_1f09cdd
f84e3bd3.jpg,new_whale w_a59905f w_1ac4c38 w_987a36f w_8b56cb1
f84e6ff2.jpg,new_whale w_86b3f04 w_15427c3 w_eb0a6ed w_9caed77
f85044ae.jpg,new_whale w_83f0b3f w_aeca19c w_57c8da9 w_dbda0d6
f857bd7b.jpg,new_whale w_7276f4b w_b1a4f29 w_73d5489 w_cae7677
f858d42b.jpg,new_whale w_f03ca16 w_ed5cdab w_c068ed3 w_78a6f56
f85a3f41.jpg,new_whale w_7311fe4 w_136337c w_d224115 w_4e68ddc
f85b3f04.jpg,new_whale w_fe6617a w_b0e05b1 w_d9adb4f w_8ba2066
f85c3c55.jpg,new_whale w_a91600a w_efbb71a w_d708c5a w_4095207
f8621f55.jpg,new_whale w_c10ffe9 w_7ed55c4 w_17e8554 w_d22af00
f8622f42.jpg,new_whale w_4fd48e7 w_fd218ba w_f22f3e3 w_0bbb3de
f86397ce.jpg,new_whale w_693c9ee w_1d17e8c w_70daaba w_eb7c39f
f8665f38.jpg,new_whale w_94da90b w_3674103 w_20c671c w_98baff9
f8671b60.jpg,new_whale w_7dee51b w_e64c9a6 w_78ba632 w_89e159a
f86f8575.jpg,new_whale w_afc7d61 w_d382236 w_423e872 w_f3bd33a
f8718503.jpg,new_whale w_0e9f6d9 w_56bbc91 w_2d99a0c w_17ee910
f872be02.jpg,new_whale w_64783fe w_a8b5c0f w_e594616 w_cc3a724
f8763317.jpg,new_whale w_a254eb0 w_dfacbe7 w_75780a0 w_338b130
f876ca8b.jpg,new_whale w_491607b w_b4732ef w_4fa1bd5 w_9577f88
f88134d8.jpg,new_whale w_4435e82 w_3061bdd w_3fc3d07 w_1e3ce01
f8892c9e.jpg,new_whale w_16f61aa w_37c23fa w_599d0df w_1c69443
f88bf458.jpg,new_whale w_451f507 w_fc15159 w_1743d93 w_4ebeafb
f892ab71.jpg,new_whale w_8e4abc9 w_214c09a w_a646643 w_b0e05b1
f894f4b9.jpg,new_whale w_7faebe3 w_06ff732 w_2663598 w_883557a
f8971e3b.jpg,new_whale w_9ec358c w_18eee6e w_6c803bf w_ef30115
f897f300.jpg,new_whale w_e0bbddc w_3af4e73 w_0a58a06 w_0f84bf6
f8991794.jpg,new_whale w_18eee6e w_6c803bf w_d89b29e w_96b697f
f8999c11.jpg,new_whale w_b678944 w_fe49bc4 w_cc54cee w_9db9ef5
f89ca538.jpg,new_whale w_3aa2073 w_b8bfaf1 w_f8e6546 w_987a36f
f89e5864.jpg,new_whale w_e7f8e67 w_53859b2 w_5bc7e7f w_0bc1db0
f8a0c9de.jpg,new_whale w_7a2dfd7 w_18eee6e w_6c803bf w_c9111ac
f8a183b2.jpg,new_whale w_59eb8ae w_b6886e5 w_4c9d3df w_cae7677
f8b4c79b.jpg,new_whale w_af890ad w_c9eb806 w_b96c08e w_3d12652
f8bc2806.jpg,new_whale w_6ab7b53 w_219e33c w_29eb3b2 w_797e546
f8cccd3f.jpg,new_whale w_5010531 w_b4d182b w_c207f9d w_c3aaa3a
f8d058dc.jpg,new_whale w_8f1aa27 w_964ce09 w_3aa1da4 w_2669d75
f8d40c10.jpg,new_whale w_80e649e w_3197568 w_d22af00 w_56f9abb
f8d9f23a.jpg,new_whale w_4f28a45 w_77d2aea w_81ff1c5 w_c103b25
f8e1e248.jpg,new_whale w_1609b19 w_b688397 w_dc4c2ba w_18a1bf2
f8e2f4bc.jpg,new_whale w_17cb04d w_cd70e8b w_1a5beb9 w_4d528e4
f8e332e4.jpg,new_whale w_9ca943b w_e02fe7b w_ab4bd59 w_0f84bf6
f8e66efe.jpg,new_whale w_eb0a6ed w_64433af w_83e0203 w_406331a
f8ed7aa0.jpg,new_whale w_c690728 w_71764b4 w_bb2d34d w_0e737d0
f8ee1d66.jpg,new_whale w_666b072 w_238bbbf w_4c8e7ae w_daf1085
f8f44310.jpg,new_whale w_8dcd784 w_93f1362 w_98baff9 w_851a7f4
f8fd0f96.jpg,new_whale w_9b67e87 w_cf69291 w_230a0de w_4ec7c66
f8fd2b5c.jpg,new_whale w_92585eb w_b074cdf w_dbda0d6 w_86ff8a6
f903261e.jpg,new_whale w_60cc444 w_1f0da94 w_8044362 w_693c9ee
f9098e2b.jpg,new_whale w_966e86e w_a1fe45d w_41a260a w_d6255a4
f9133b84.jpg,new_whale w_94e1ed4 w_4ebeafb w_a59905f w_5dcbb74
f919315b.jpg,new_whale w_9b401eb w_8e451d9 w_6193637 w_a2b8172
f91b5d3e.jpg,new_whale w_73c9ba2 w_9605bf1 w_7311fe4 w_19ca2c6
f921b01a.jpg,new_whale w_d51a79f w_4ebeafb w_b0a5c8d w_45b90d9
f9255a7a.jpg,new_whale w_77607b5 w_51969d2 w_230a0de w_c9e1cdc
f92acf1f.jpg,new_whale w_896023f w_77e1d3f w_1287fbc w_b4151b7
f92c1c3b.jpg,new_whale w_c529cf1 w_2341d0a w_0beef28 w_0827d51
f92ebeb9.jpg,new_whale w_abc2eda w_057c418 w_dcb1f2a w_3de676c
f92f9292.jpg,new_whale w_5010531 w_b9e00eb w_cae7677 w_3674103
f9337a4f.jpg,new_whale w_d2be6cc w_18eee6e w_7bcc2d6 w_6c803bf
f93483e6.jpg,new_whale w_3b0894d w_95874a5 w_6e8486d w_bb2d34d
f935ab99.jpg,new_whale w_c9e1cdc w_d7760f0 w_516bedb w_11adaae
f93a516b.jpg,new_whale w_851a7f4 w_65e519b w_ba56291 w_7e8b270
f93c44d4.jpg,new_whale w_a8e5d39 w_1a5beb9 w_11d8e5a w_3db53dc
f93db167.jpg,new_whale w_58a2388 w_9eeb05c w_1a4f16e w_6ae1eaf
f942675f.jpg,new_whale w_62f804d w_c3d523d w_b7d5069 w_43be268
f94a645e.jpg,new_whale w_b6410bc w_3326396 w_e3c0ae5 w_67fecca
f9503af6.jpg,new_whale w_0a565c5 w_78a4639 w_ca5f17f w_39f2064
f953b681.jpg,new_whale w_8ba2066 w_d1b13bb w_71c7322 w_8325a79
f95b83de.jpg,new_whale w_cb7b682 w_ab4bd59 w_97f5054 w_57e8a80
f960a0fc.jpg,new_whale w_3326396 w_adc6e1b w_e0ba9ae w_dbc392b
f9620d25.jpg,new_whale w_d9adb4f w_7234b3d w_6e20206 w_4fb3c95
f9642a6b.jpg,new_whale w_7cca153 w_e6f5e09 w_b3e6069 w_76ebad6
f96db9a5.jpg,new_whale w_7311fe4 w_aeca19c w_7763134 w_7d4cb72
f976768d.jpg,new_whale w_7b035cc w_96b697f w_54c00ad w_67de30b
f9777d78.jpg,new_whale w_d9aab0a w_b942708 w_95874a5 w_94cd45e
f97aecd3.jpg,new_whale w_fd1cb9d w_43be268 w_147b62b w_8d46cef
f97b5860.jpg,new_whale w_18a854b w_8c1ec28 w_8ba2066 w_6556c5c
f9833b21.jpg,new_whale w_8a997b8 w_6df35bf w_fdf60bb w_bbe06a7
f98deda6.jpg,new_whale w_94ba67d w_7e8b270 w_cb7b682 w_217e78a
f98dff39.jpg,new_whale w_e826a6f w_cf0c062 w_a254eb0 w_53951e6
f98f2db3.jpg,new_whale w_c9dfa13 w_ff2c4a4 w_fd1cb9d w_3d66298
f9991974.jpg,new_whale w_e63fbbe w_c0d1701 w_98baff9 w_73b705e
f99ab51b.jpg,new_whale w_9a4bd76 w_0b04c08 w_76c2a95 w_6c23fcc
f99ed5ff.jpg,new_whale w_1698c29 w_5cef366 w_d9adb4f w_844f032
f9a2ad4c.jpg,new_whale w_e3c119c w_861cc1c w_abe383e w_fccb97a
f9a60ba8.jpg,new_whale w_3cbccb7 w_4072313 w_64433af w_656ef35
f9af2799.jpg,new_whale w_ace5d0c w_d663f4f w_f5b8faf w_4ebeafb
f9b5d585.jpg,new_whale w_d02787f w_73d5489 w_826dc6d w_2730966
f9b61ffa.jpg,new_whale w_7311fe4 w_367b996 w_dbda0d6 w_f8e6546
f9b6403d.jpg,new_whale w_9205d40 w_680e011 w_8f1aa27 w_964ce09
f9b73e89.jpg,new_whale w_a18d0dc w_43be268 w_3674103 w_47906dc
f9bd1f71.jpg,new_whale w_4791b4c w_156c0db w_7248590 w_0626e4d
f9c271c3.jpg,new_whale w_05ecba5 w_df092eb w_a59905f w_d428980
f9d7b1a0.jpg,new_whale w_8242022 w_6d90f45 w_7ae398c w_0869575
f9d8ffe1.jpg,new_whale w_aa16da4 w_2071a4c w_993d66c w_e02fe7b
f9d9d09b.jpg,new_whale w_ef2f0f0 w_53baa9b w_434ad6a w_7e49f1e
f9dd2ba1.jpg,new_whale w_6361632 w_b6886e5 w_0d39a68 w_1a5e7a2
f9dfbe92.jpg,new_whale w_13c6b6b w_67fecca w_fe49bc4 w_861cc1c
f9ed64cf.jpg,new_whale w_bdbec6c w_6dbb861 w_f19faeb w_56f2b1e
f9efcc1c.jpg,new_whale w_7e4d894 w_73d5489 w_0bc712b w_d141590
f9f1035c.jpg,new_whale w_60eba40 w_6503ccd w_eac205a w_9ea2cc3
f9f153c0.jpg,new_whale w_7f999ff w_affdf5d w_ab6bb0a w_71764b4
f9f3f4e7.jpg,new_whale w_16f61aa w_1596a47 w_2d99a0c w_8db45b7
f9f756f6.jpg,new_whale w_0acce53 w_bbf58a9 w_54fc5b3 w_b0e05b1
f9feb540.jpg,new_whale w_c9dc73e w_4f248f3 w_15d7ecf w_fea7fe6
fa037927.jpg,new_whale w_243e33e w_3674103 w_79b42cd w_4b7b80b
fa03be5d.jpg,new_whale w_62799b5 w_79b42cd w_381c6aa w_3a9ee71
fa09a89e.jpg,new_whale w_3de676c w_1ecfe96 w_5a0d250 w_dfbfe10
fa0ef6cd.jpg,new_whale w_b9f5b8b w_ab4cae2 w_11b993a w_1f2a32a
fa11e7d5.jpg,new_whale w_38e4aae w_3694c7d w_dfbfe10 w_351a1e1
fa1502db.jpg,new_whale w_0d39a68 w_6361632 w_e61dd6d w_b6886e5
fa1a100a.jpg,new_whale w_7554f44 w_5e99ca7 w_ab4cae2 w_1d53d9c
fa1a8437.jpg,new_whale w_9ca943b w_735ce7d w_6af9dd7 w_67599af
fa1ba2b4.jpg,new_whale w_002b682 w_d175300 w_b9e00eb w_441bd21
fa1c2eac.jpg,new_whale w_7b5a630 w_c0f3e88 w_43be268 w_40323ac
fa1df03e.jpg,new_whale w_0ea659e w_2e4fecc w_b0a5c8d w_bf77b13
fa28164f.jpg,new_whale w_5cc51d6 w_63db6f9 w_9d48bcf w_741861e
fa2cbfaf.jpg,new_whale w_69f4311 w_36ac97f w_987a36f w_8d5ede1
fa2ef4c2.jpg,new_whale w_ec95acb w_f44277f w_31446aa w_0c45f5e
fa31e182.jpg,new_whale w_98baff9 w_e5250e9 w_4b7b80b w_8fec0dd
fa356f10.jpg,new_whale w_5af7a9c w_c10ffe9 w_b1f6e70 w_fd1cb9d
fa3b5c6f.jpg,new_whale w_dbda0d6 w_8c1ec28 w_eb0a6ed w_06f85b2
fa425462.jpg,new_whale w_fcfcf68 w_3cada3d w_6df35bf w_54fc5b3
fa44731b.jpg,new_whale w_19e5482 w_56f2b1e w_ce29d2a w_898bb9a
fa484acf.jpg,new_whale w_70daaba w_7554f44 w_7285eb3 w_f438375
fa49be23.jpg,new_whale w_3449e4f w_95874a5 w_c9e1cdc w_06a6351
fa564c4d.jpg,new_whale w_3aa2073 w_ed32db9 w_73d5489 w_fe96bef
fa617bd9.jpg,new_whale w_ba1befb w_0dc176f w_8e4abc9 w_dfbfe10
fa67f7c7.jpg,new_whale w_9b401eb w_c4923b6 w_c00534d w_5c07f42
fa6ab97d.jpg,new_whale w_4790f64 w_4404247 w_9ceb05d w_e38b2c7
fa6cd423.jpg,new_whale w_f1396bd w_384e9ca w_f369a80 w_a526492
fa6f6d84.jpg,new_whale w_601b6d4 w_8ec2960 w_d0157fd w_29670e2
fa6fd64e.jpg,new_whale w_001ebbc w_8bde95b w_e158680 w_b9c9129
fa72788b.jpg,new_whale w_7b770ec w_f4224b9 w_d141590 w_bd61ca9
fa737e6f.jpg,new_whale w_d148982 w_73d5489 w_3ee8570 w_a646643
fa750ea7.jpg,new_whale w_1272a31 w_a3c6ed0 w_1a229eb w_c3d523d
fa76c998.jpg,new_whale w_c9dfa13 w_f33b12b w_4f28a45 w_ff2c4a4
fa78cb3a.jpg,new_whale w_73cbacd w_d141590 w_7257028 w_679f2eb
fa7f969f.jpg,new_whale w_cb8edf5 w_57e8a80 w_1a70685 w_7ed3719
fa89bc92.jpg,new_whale w_6d05f7f w_b6886e5 w_fe2742d w_cda4b05
fa90231c.jpg,new_whale w_98baff9 w_0e737d0 w_8fab53d w_2dae424
fa968b5a.jpg,new_whale w_9e1e278 w_813c5be w_0d39a68 w_89e159a
fa9a33d7.jpg,new_whale w_ed10a36 w_b835ae1 w_dd90e0a w_037955e
fa9cbedb.jpg,new_whale w_98baff9 w_693c9ee w_ba17206 w_469e847
faa1aea6.jpg,new_whale w_afef556 w_38e4aae w_9122e43 w_987a36f
faa64291.jpg,new_whale w_f3f84d7 w_e9f85b7 w_7554f44 w_c622a3f
faa7fad3.jpg,new_whale w_b4369cc w_0e737d0 w_0dee306 w_4a81594
faaa92a5.jpg,new_whale w_43e45b6 w_56ccad1 w_9c61d57 w_3050553
faaaee08.jpg,new_whale w_0c70bc3 w_3b8b9c7 w_cae7677 w_c8728f4
faab7b62.jpg,new_whale w_654a5bb w_993d66c w_e02fe7b w_58c3bf9
fab0568c.jpg,new_whale w_0d39a68 w_4c9d3df w_89e159a w_abe383e
fab58162.jpg,new_whale w_6249f5d w_56f2b1e w_471cca4 w_0d0ecfb
fac12ace.jpg,new_whale w_8044362 w_df7485b w_b6a95e0 w_d6a6360
fac4edb4.jpg,new_whale w_c4f3619 w_eb0a6ed w_4cba6b2 w_dcb1f2a
fad409b6.jpg,new_whale w_c8728f4 w_00fbb4e w_dcb1f2a w_17ee910
fad8f976.jpg,new_whale w_e02fe7b w_a2a1378 w_3326396 w_b426ff3
fae0a079.jpg,new_whale w_98baff9 w_0e737d0 w_fce6ab2 w_ab4cae2
fae2cdef.jpg,new_whale w_45b90d9 w_cece268 w_2658649 w_47f29cd
fae323b8.jpg,new_whale w_b1d054c w_7c943ab w_2c75202 w_2486665
fae3e38d.jpg,new_whale w_71e6583 w_a91b997 w_6549107 w_18eee6e
fae5f334.jpg,new_whale w_f792125 w_70e49bc w_c241e72 w_1ec0481
fae7cfa2.jpg,new_whale w_76048fe w_df21074 w_ca8bfb4 w_b99edea
faedf172.jpg,new_whale w_5919cf7 w_73c9ba2 w_d9562f1 w_f8e6546
faf1018b.jpg,new_whale w_4e52a49 w_3d66298 w_e0efc4f w_25d7f93
faf7aed1.jpg,new_whale w_8b5885d w_11c2836 w_081dd6e w_7285eb3
fb026a98.jpg,new_whale w_569c2c7 w_9875c12 w_05b2ddd w_778ee6e
fb086485.jpg,new_whale w_0e4f53c w_0c8a724 w_8c605d2 w_ee948c6
fb0bf543.jpg,new_whale w_bf69a19 w_8c1e2e4 w_18a854b w_01f9086
fb0c4e5f.jpg,new_whale w_073f071 w_6232813 w_3b99025 w_cf82352
fb20c7f2.jpg,new_whale w_09d654f w_697c72e w_0a97a25 w_77e1d3f
fb222694.jpg,new_whale w_1489751 w_73d5489 w_5cb5fc3 w_8e4abc9
fb23f29a.jpg,new_whale w_28ce17c w_4b87cba w_4659acf w_ee94c57
fb2527fc.jpg,new_whale w_559ce61 w_fd1cb9d w_44f0fa2 w_e156c87
fb2bcd5a.jpg,new_whale w_62f299e w_1eafe46 w_96b697f w_18eee6e
fb3ff8d1.jpg,new_whale w_9ca943b w_43be268 w_4ebeafb w_3d66298
fb408afd.jpg,new_whale w_932c8cd w_3461d6d w_dfbfe10 w_fd3ce71
fb40ee1f.jpg,new_whale w_89d9c03 w_9b098ea w_2a18a44 w_3d66298
fb454ce5.jpg,new_whale w_715c557 w_aa64cc1 w_45b90d9 w_cece268
fb45b6fb.jpg,new_whale w_3dd210a w_f0af1f8 w_8f1aa27 w_76390b4
fb464249.jpg,new_whale w_6cb31c8 w_4759be5 w_43e45b6 w_8044362
fb4d60be.jpg,new_whale w_1dff010 w_2cde7c0 w_38e4aae w_8d83172
fb4ef85c.jpg,new_whale w_8f1aa27 w_5acfa65 w_17377c9 w_cae7677
fb502fcc.jpg,new_whale w_67de30b w_654a5bb w_10ace22 w_987a36f
fb50f197.jpg,new_whale w_fd1cb9d w_3411b9f w_f86488a w_127f4c6
fb56c75c.jpg,new_whale w_0e737d0 w_cd88a48 w_d428980 w_c027e4e
fb56d2ba.jpg,new_whale w_bc62c0e w_d9adb4f w_43966a3 w_434ad6a
fb59eca1.jpg,new_whale w_b0e05b1 w_1a229eb w_0f92544 w_3572b44
fb5ca200.jpg,new_whale w_7bf3a5c w_11b993a w_2dae424 w_fbcb6e4
fb63fbd5.jpg,new_whale w_19aeb9c w_6c23fcc w_95aad92 w_367b996
fb68d28b.jpg,new_whale w_e101deb w_e53334f w_56ddb00 w_874cf52
fb6e7b37.jpg,new_whale w_251ee17 w_7875b79 w_42c631a w_5a81425
fb7bf79b.jpg,new_whale w_e54feba w_17136dc w_2d2d7fe w_43be268
fb7c826b.jpg,new_whale w_e55a554 w_e3c119c w_62799b5 w_36b6904
fb8178d5.jpg,new_whale w_fe6f08d w_70a31ce w_b942708 w_8e451d9
fb8ed096.jpg,new_whale w_44fc081 w_fd1cb9d w_c27d036 w_eb8429c
fb8fed78.jpg,new_whale w_5b672ea w_59eb8ae w_dff2982 w_cae7677
fb99b2ef.jpg,new_whale w_e42c624 w_19e5d10 w_36a4e8b w_402784d
fba2f600.jpg,new_whale w_c9e1cdc w_62c3998 w_516bedb w_18eee6e
fbb4b607.jpg,new_whale w_abe383e w_17ee910 w_89d9c03 w_e0efc4f
fbb7c374.jpg,new_whale w_7e8b270 w_cb32cb8 w_4848a3c w_cb7b682
fbbababd.jpg,new_whale w_fd1cb9d w_048f7a9 w_17dc953 w_26edeb8
fbbdc947.jpg,new_whale w_9ea2cc3 w_084d01c w_c124d29 w_4e52a49
fbc230eb.jpg,new_whale w_9e1e818 w_5fda054 w_8f3cb68 w_735ce7d
fbc44bef.jpg,new_whale w_5810973 w_ad87135 w_7554f44 w_c9dc73e
fbc791fd.jpg,new_whale w_3297a52 w_d3ce445 w_1d0540c w_adc6e1b
fbc9fa39.jpg,new_whale w_8c605d2 w_b074cdf w_44a6b62 w_2c55303
fbcaa392.jpg,new_whale w_97f5054 w_fb89186 w_5b99089 w_17ee910
fbce0498.jpg,new_whale w_414f402 w_8d46cef w_b890652 w_d47a33f
fbd43a19.jpg,new_whale w_91e86c4 w_89e159a w_3694c7d w_a2564cf
fbd8cc98.jpg,new_whale w_c4cafb8 w_8044362 w_e6ec8ee w_4b7b80b
fbdc9a1b.jpg,new_whale w_65e519b w_f9d27ad w_f93d780 w_243e33e
fbe92881.jpg,new_whale w_b688397 w_3aa2073 w_2b969fe w_d3c8520
fbed8313.jpg,new_whale w_61d516e w_e6ced04 w_f544197 w_fa32440
fbf372a5.jpg,new_whale w_d234e6b w_a254eb0 w_b0e05b1 w_23dce10
fbf3c766.jpg,new_whale w_f22f3e3 w_5d2734c w_3136deb w_32475a1
fbf793ee.jpg,new_whale w_c06dd6e w_159f36b w_4072313 w_410142f
fc03557a.jpg,new_whale w_6926f08 w_8fab53d w_b6c4efa w_7c7a78c
fc09cf94.jpg,new_whale w_9548fcf w_b0e05b1 w_64783fe w_f8c9150
fc0a0a0b.jpg,new_whale w_b440303 w_b71eab2 w_cdda58e w_06dbe6b
fc0c2db5.jpg,new_whale w_0beef28 w_62f299e w_17cb04d w_a5ab9d1
fc19f803.jpg,new_whale w_76ebad6 w_96ba432 w_07e92ee w_eab49b7
fc1d2c48.jpg,new_whale w_1e1a051 w_6ee7470 w_b0e05b1 w_4b7b80b
fc29805a.jpg,new_whale w_4114553 w_f563449 w_ed67618 w_17ee910
fc3a540c.jpg,new_whale w_656afeb w_9ca943b w_987a36f w_d3ef4b2
fc420adb.jpg,new_whale w_2a6d006 w_4b7b80b w_b4d182b w_ace8c54
fc4425f0.jpg,new_whale w_e2e56e9 w_67de30b w_54c00ad w_37dd956
fc44daad.jpg,new_whale w_9ca943b w_a21cc97 w_3197568 w_b942708
fc492751.jpg,new_whale w_b9e00eb w_7538a4c w_0d48a7d w_0a97a25
fc4a6ebf.jpg,new_whale w_e158680 w_0475042 w_429e9ad w_640f91d
fc4ec798.jpg,new_whale w_654a5bb w_c0d494d w_73b705e w_6202983
fc5b6c6e.jpg,new_whale w_aa9b995 w_d1bbde9 w_987a36f w_e26c35f
fc5d8080.jpg,new_whale w_045d9fc w_6a78025 w_a13ada3 w_41ed8e8
fc5ffcf7.jpg,new_whale w_ce9b95e w_60eba40 w_6c803bf w_395d578
fc671d96.jpg,new_whale w_8fd5636 w_cd02407 w_badfc4b w_9c5ed68
fc6e7a07.jpg,new_whale w_e3f7187 w_a21cc97 w_aafa5b5 w_9146eae
fc732003.jpg,new_whale w_7c7a78c w_1287fbc w_2641733 w_0a2af22
fc765404.jpg,new_whale w_c87c10b w_c27d036 w_1596a47 w_9dab60c
fc790129.jpg,new_whale w_9c61d57 w_7028d77 w_402784d w_7b770ec
fc840a55.jpg,new_whale w_693c9ee w_b0e05b1 w_8fab53d w_98baff9
fc84f024.jpg,new_whale w_b6886e5 w_ae07541 w_2957331 w_0d39a68
fc8628c3.jpg,new_whale w_3027b8f w_2b969fe w_d20befa w_d3c8520
fc873bc4.jpg,new_whale w_b0e05b1 w_14964c1 w_2f54c3c w_98baff9
fc881d58.jpg,new_whale w_3fc3d07 w_48f649e w_1dc6d62 w_fea7fe6
fc8baa66.jpg,new_whale w_5415fcb w_8459e39 w_f6bd6f8 w_2658649
fc947001.jpg,new_whale w_656ef35 w_0819271 w_c4e71b6 w_d3f5be3
fc97885b.jpg,new_whale w_29670e2 w_0d48a7d w_95c7d1b w_3c4062e
fc9974a0.jpg,new_whale w_516bedb w_c9e1cdc w_44cccf6 w_28ce17c
fc9a676f.jpg,new_whale w_fd6f24f w_430766d w_ef99fe9 w_f3db3f1
fc9c9ba8.jpg,new_whale w_1287fbc w_06a6351 w_a7d4668 w_17ee910
fc9df13e.jpg,new_whale w_fd1cb9d w_01687a8 w_89e159a w_4e7fc3e
fca0c878.jpg,new_whale w_c0323f5 w_35d4d83 w_5d732da w_8c605d2
fca4de50.jpg,new_whale w_2b939eb w_2941dd2 w_488f836 w_8e25bfa
fcaa800e.jpg,new_whale w_c7b05e7 w_cf69291 w_9b67e87 w_6c8601e
fcaefd90.jpg,new_whale w_718ce15 w_8861715 w_61cf42e w_67de30b
fcb0ef4f.jpg,new_whale w_41ed8e8 w_f4e0748 w_9771603 w_8c1dab2
fcb8c1d7.jpg,new_whale w_861cc1c w_98baff9 w_2dea395 w_fab0b50
fcbafca9.jpg,new_whale w_0e737d0 w_53e9072 w_977d881 w_1eafe46
fcbb962e.jpg,new_whale w_96b697f w_67de30b w_6c803bf w_6710cf8
fcbe8e7c.jpg,new_whale w_f438375 w_3af4e73 w_17ee910 w_693c9ee
fcc1d5f5.jpg,new_whale w_bb6afc8 w_e39371c w_48bcad8 w_f6722e7
fcc3d1d8.jpg,new_whale w_6547e12 w_1a229eb w_dbda0d6 w_8643ba3
fcc7d92d.jpg,new_whale w_7e8b270 w_636638f w_8044362 w_ad87135
fcc8db36.jpg,new_whale w_64f3545 w_4e52a49 w_3d66298 w_813c5be
fccbe655.jpg,new_whale w_19dc50f w_33973bf w_6132293 w_076c122
fcd3748f.jpg,new_whale w_7554f44 w_15d7ecf w_b9e00eb w_3c4062e
fcd65c58.jpg,new_whale w_7e93962 w_3aa2073 w_881f3c4 w_eaad6a8
fcd6a5cb.jpg,new_whale w_06972d2 w_18eee6e w_d382236 w_f2eb971
fcdc8f7f.jpg,new_whale w_8ddc642 w_db474c7 w_d3c8520 w_0ba62fd
fcded09b.jpg,new_whale w_fd628f1 w_b17f9ea w_74de378 w_6202983
fce4f1f0.jpg,new_whale w_8c1ec28 w_6202983 w_98baff9 w_0e737d0
fceb8cc8.jpg,new_whale w_6c803bf w_33b9360 w_1a70685 w_af06773
fcecaa2d.jpg,new_whale w_1272a31 w_5919cf7 w_73d5489 w_ce29d2a
fcfbe4a0.jpg,new_whale w_f19faeb w_dbda0d6 w_8fab53d w_eb0a6ed
fcfde497.jpg,new_whale w_62ca7c8 w_f63d8b0 w_530f87b w_993d66c
fd005a53.jpg,new_whale w_50cd600 w_9c61d57 w_877e56e w_05e6ba7
fd005e2e.jpg,new_whale w_70b4610 w_7311fe4 w_c6be61e w_1eafe46
fd015dc8.jpg,new_whale w_98baff9 w_d635930 w_09d48d1 w_c3f9618
fd046a4e.jpg,new_whale w_e64c9a6 w_54fc5b3 w_42f935c w_b0e05b1
fd176090.jpg,new_whale w_b8dff40 w_18eee6e w_f81c626 w_63db6f9
fd18b80c.jpg,new_whale w_22da5b6 w_0acce53 w_7554f44 w_42f935c
fd1bc41b.jpg,new_whale w_d8eae88 w_9d0e84a w_9890432 w_29eb3b2
fd203751.jpg,new_whale w_7e8b270 w_ab1c859 w_654a5bb w_2071a4c
fd233118.jpg,new_whale w_a190aff w_4114553 w_540fd73 w_b7d5069
fd2485b0.jpg,new_whale w_cb9220b w_1facad2 w_296749b w_44cccf6
fd25f3d4.jpg,new_whale w_b6886e5 w_33973bf w_19dc50f w_49bbc79
fd29459b.jpg,new_whale w_f70f725 w_4e52a49 w_dfbfe10 w_6af9dd7
fd2ec63f.jpg,new_whale w_8fab53d w_ddf14ae w_ce9b95e w_5982299
fd366f64.jpg,new_whale w_7311fe4 w_540fd73 w_9ca943b w_2018f6c
fd3ac750.jpg,new_whale w_d36f58c w_f51b4bc w_06ff732 w_66c1b54
fd3fb596.jpg,new_whale w_d3c8520 w_c0323f5 w_520d618 w_667833e
fd42f774.jpg,new_whale w_a2e2f8e w_edcb241 w_aeca19c w_883557a
fd43d98f.jpg,new_whale w_0771d4b w_ea96346 w_d2ab9c4 w_cc759cd
fd46c576.jpg,new_whale w_3feb2df w_d4a27fb w_b1d6681 w_813c5be
fd508ca8.jpg,new_whale w_1af5d59 w_0740d28 w_f8e6546 w_2a9727c
fd589c14.jpg,new_whale w_987a36f w_01c2cb0 w_98413c8 w_f3bd33a
fd62b059.jpg,new_whale w_0d39a68 w_73b705e w_ae07541 w_69185bb
fd6cd10b.jpg,new_whale w_3af4e73 w_dcd7a1d w_073b15e w_685466f
fd6d90b9.jpg,new_whale w_db9e932 w_35d4d83 w_a35191f w_cc22f68
fd72950e.jpg,new_whale w_414c24a w_66c1b54 w_6232813 w_53e9072
fd73099d.jpg,new_whale w_76ebad6 w_eab49b7 w_0cd401c w_f8e6546
fd79a01f.jpg,new_whale w_8e4abc9 w_b0e05b1 w_ddbf533 w_cae7677
fd7bd069.jpg,new_whale w_15d7ecf w_569c2c7 w_43be268 w_9948a99
fd7f19ba.jpg,new_whale w_9e4a26f w_693c9ee w_ce9b95e w_0e737d0
fd7ffb4d.jpg,new_whale w_ab6db0f w_77e1d3f w_17ee910 w_8c1e2e4
fd803e52.jpg,new_whale w_6dbb861 w_b9e116f w_68a7146 w_d6a6360
fd841f20.jpg,new_whale w_89ee7c1 w_18eee6e w_0a97a25 w_1eafe46
fd851f16.jpg,new_whale w_660629d w_89e159a w_3d66298 w_fd1cb9d
fd87630b.jpg,new_whale w_12cdfbd w_da2efe0 w_59349ea w_6ef68ed
fd92d797.jpg,new_whale w_1dff010 w_17ee910 w_2d99a0c w_f81c626
fd99a8df.jpg,new_whale w_ee94c57 w_8d5ede1 w_1ecfe96 w_fd3ce71
fd9c7fd0.jpg,new_whale w_6f211a9 w_cc3a724 w_3aa2073 w_b8bfaf1
fd9f87ea.jpg,new_whale w_c2ea3f0 w_243e33e w_656ef35 w_bf77b13
fdab8682.jpg,new_whale w_5c0e858 w_9771603 w_2d99a0c w_44cccf6
fdac2f45.jpg,new_whale w_fcfcf68 w_e6541e4 w_adb041c w_496c4f0
fdac4f4f.jpg,new_whale w_67de30b w_ad32646 w_8d46cef w_147b62b
fdb6bcdd.jpg,new_whale w_1c32062 w_38a3f72 w_7554f44 w_f3b63ba
fdbac4d7.jpg,new_whale w_c4f3619 w_f8e6546 w_e3b2cfa w_1287fbc
fdbc719a.jpg,new_whale w_338d945 w_b29214f w_87c4190 w_7895123
fdbe7097.jpg,new_whale w_98baff9 w_f51b4bc w_ba17206 w_6c803bf
fdc07d02.jpg,new_whale w_dfec7a3 w_fa121c9 w_9771603 w_d382236
fdc3ce37.jpg,new_whale w_0a565c5 w_4af3e4e w_a422d00 w_d663f4f
fdc61f7e.jpg,new_whale w_fdc8bf6 w_fe49bc4 w_d9adb4f w_53859b2
fdd2643d.jpg,new_whale w_05ecba5 w_1310342 w_147b62b w_900fab7
fde03374.jpg,new_whale w_309a2b3 w_67de30b w_b34793e w_1e3ce01
fde3fec1.jpg,new_whale w_8286350 w_7f45825 w_7c7a78c w_1310342
fde522a2.jpg,new_whale w_e10dff3 w_e4d3ec3 w_97f5054 w_bb2d34d
fdeb64c1.jpg,new_whale w_3fe1eb9 w_89317b0 w_cf00b01 w_44cccf6
fdecc26c.jpg,new_whale w_2282bb8 w_dad56c9 w_2870b33 w_b4732ef
fdfacfec.jpg,new_whale w_bf65341 w_cece268 w_67fecca w_6719a5b
fe04af16.jpg,new_whale w_1dff010 w_acff672 w_f81c626 w_c8126db
fe054741.jpg,new_whale w_03b5e9a w_60c5e7e w_b688397 w_4b95330
fe09ae46.jpg,new_whale w_9c3db0a w_b0362e2 w_afbc150 w_a1a707e
fe0d361c.jpg,new_whale w_4d528e4 w_2cde7c0 w_c027e4e w_38e4aae
fe13ca10.jpg,new_whale w_40323ac w_1274a11 w_0e737d0 w_e685c80
fe165f3d.jpg,new_whale w_90a743c w_7554f44 w_88d11b1 w_83e0203
fe1ab3f3.jpg,new_whale w_b96d4e0 w_9ea2cc3 w_98baff9 w_693c9ee
fe1e0d57.jpg,new_whale w_11ca856 w_d9fdd15 w_79185c2 w_a59905f
fe202a52.jpg,new_whale w_01a51a6 w_8bde95b w_7c7a78c w_f660d7d
fe213f88.jpg,new_whale w_8e4abc9 w_35063ed w_7c6ad05 w_73d5489
fe21ebda.jpg,new_whale w_395d578 w_fc76ede w_52c8684 w_893ccb4
fe2a1492.jpg,new_whale w_7763134 w_02d5fad w_94cd45e w_81b402a
fe2fc5f5.jpg,new_whale w_8f593d4 w_7c7a78c w_b7d5069 w_38efc2d
fe3039bb.jpg,new_whale w_42dd100 w_a58f64d w_7e8b270 w_b9f5b8b
fe3912d4.jpg,new_whale w_c3f9618 w_09d48d1 w_d2e1f2a w_f6722e7
fe3b752c.jpg,new_whale w_7a892ea w_dfbfe10 w_69185bb w_5ffa454
fe4650d3.jpg,new_whale w_b329c00 w_73d5489 w_cae7677 w_d5ec83f
fe47856f.jpg,new_whale w_5470134 w_2dae424 w_a4b6a86 w_024358d
fe4e09c7.jpg,new_whale w_55d6c4f w_5e78545 w_5a1b758 w_67fecca
fe53a4dc.jpg,new_whale w_4b7b80b w_af890ad w_7459706 w_b688397
fe54c170.jpg,new_whale w_f0d8be1 w_5ba417d w_eb39613 w_80e649e
fe5544c0.jpg,new_whale w_5ad2030 w_fba3bde w_b7d5069 w_987a36f
fe5dd258.jpg,new_whale w_0aae8c1 w_6c803bf w_6d4dedc w_adeee48
fe60db66.jpg,new_whale w_b9f5b8b w_c00534d w_54b0844 w_eac205a
fe634df4.jpg,new_whale w_20548a7 w_ab4cae2 w_8420f42 w_eac205a
fe649363.jpg,new_whale w_6257bdf w_a8bc2bc w_0e4f53c w_99365b3
fe6884f6.jpg,new_whale w_b96d4e0 w_9ea2cc3 w_98baff9 w_693c9ee
fe69f36e.jpg,new_whale w_eb0a6ed w_aa16da4 w_8d5ede1 w_7e8b270
fe77ce44.jpg,new_whale w_b074cdf w_4e68ddc w_db474c7 w_7311fe4
fe843297.jpg,new_whale w_656afeb w_6865ccb w_ff70408 w_e1431ba
fe8571e5.jpg,new_whale w_7459706 w_8c3db0a w_5010531 w_73d5489
fe858c4f.jpg,new_whale w_987a36f w_d382236 w_3f91e04 w_7ed3719
fe8b1349.jpg,new_whale w_2fdee7b w_43be268 w_8ba2066 w_f438375
fe92cdc4.jpg,new_whale w_9b401eb w_13c6b6b w_1287fbc w_d9aab0a
fe98dd70.jpg,new_whale w_8507226 w_2e4fecc w_7554f44 w_0de84f0
fea0f59f.jpg,new_whale w_97f5054 w_42f935c w_4b7b80b w_693c9ee
fea5197b.jpg,new_whale w_824f286 w_5f82501 w_48dd419 w_2071a4c
feb081fe.jpg,new_whale w_e826a6f w_7554f44 w_4e68ddc w_b074cdf
feb37236.jpg,new_whale w_c0d494d w_fa32440 w_2cdf820 w_5b99089
feb82e8c.jpg,new_whale w_fba3bde w_ee17a08 w_67de30b w_a59905f
feb93d0d.jpg,new_whale w_6232813 w_1eaebf2 w_85cdd9b w_338b130
fec131b4.jpg,new_whale w_5e57e8b w_48dd419 w_b6ae946 w_4b7b80b
fec35fb2.jpg,new_whale w_9412d1b w_41901e5 w_a4f1419 w_0d48a7d
fec38222.jpg,new_whale w_8d46cef w_6c803bf w_d428980 w_2f97ce6
fec3c83a.jpg,new_whale w_b08520c w_eb47189 w_3d9fb6c w_218b25e
fec8698f.jpg,new_whale w_ddad87e w_6485cd4 w_9f1fafb w_5f8c5d3
fed6da1e.jpg,new_whale w_5c62a56 w_83df8d5 w_735ce7d w_c0d494d
fed7159d.jpg,new_whale w_7923fdc w_dbf4e7f w_47148ca w_1eff98a
fed9216e.jpg,new_whale w_2658649 w_8459e39 w_52e7cf6 w_3136deb
fedb7357.jpg,new_whale w_6af9dd7 w_02facde w_660195e w_9872479
fee0b0fc.jpg,new_whale w_d663f4f w_41ed8e8 w_f18df18 w_4e52a49
fee43dc1.jpg,new_whale w_143b201 w_76ebad6 w_3dd210a w_9b804bd
fee45cd0.jpg,new_whale w_d9adb4f w_3c0bbac w_fdc8bf6 w_d3ef4b2
fee69976.jpg,new_whale w_e3f51ec w_a254eb0 w_fce6ab2 w_ab4cae2
feeca681.jpg,new_whale w_e05ee50 w_cef690d w_e59294d w_096bc48
fef1ff7d.jpg,new_whale w_7e48479 w_2658649 w_c11fce0 w_aa64cc1
fef4d00d.jpg,new_whale w_7049d9f w_b7d5069 w_41ed8e8 w_a16b600
fef5a915.jpg,new_whale w_ed69e9c w_dff77b6 w_222dcb7 w_503ff17
fef77672.jpg,new_whale w_fc7cc24 w_43be268 w_3a7d86d w_7419e4b
fef843df.jpg,new_whale w_3bc8a47 w_d2be6cc w_06972d2 w_79d4855
fefaae7b.jpg,new_whale w_b942708 w_d9aab0a w_02d5fad w_c0d494d
ff0181fd.jpg,new_whale w_693c9ee w_98baff9 w_ce9b95e w_8fab53d
ff064297.jpg,new_whale w_43be268 w_4c9d3df w_6547e12 w_c30959a
ff08dd55.jpg,new_whale w_6202983 w_89e451c w_656afeb w_9ca943b
ff15dd31.jpg,new_whale w_b9ee5ec w_1c2fb13 w_0a97a25 w_3d4900b
ff16d290.jpg,new_whale w_95874a5 w_0e9f6d9 w_17ee910 w_e93d181
ff179dea.jpg,new_whale w_2c68b75 w_2282bb8 w_bc5beaa w_490c8a0
ff1e70bb.jpg,new_whale w_a494171 w_b33e728 w_ee17a08 w_09e0cbf
ff211776.jpg,new_whale w_afef556 w_703e39b w_f86488a w_8f49fdd
ff2a15c7.jpg,new_whale w_735ce7d w_b6a95e0 w_4378542 w_22bcbd6
ff355c05.jpg,new_whale w_b7a832a w_1431f4b w_2dc2ef2 w_73c9ba2
ff398402.jpg,new_whale w_985877e w_97bc172 w_7f81114 w_b31d830
ff3a04a8.jpg,new_whale w_25db560 w_987a36f w_7554f44 w_024358d
ff3e07d6.jpg,new_whale w_6f2de72 w_4378542 w_552a16e w_eea20c4
ff416de9.jpg,new_whale w_f438375 w_70daaba w_693c9ee w_c00534d
ff41b90c.jpg,new_whale w_488cdd8 w_e41f2fa w_3aa2073 w_99ad599
ff46562c.jpg,new_whale w_6202983 w_65428d9 w_099ab25 w_2071a4c
ff4aba6d.jpg,new_whale w_3e02970 w_3feb2df w_8a31e6c w_f8e6546
ff4ed0f6.jpg,new_whale w_c3d523d w_d5ec83f w_6926f08 w_b7d5069
ff593f75.jpg,new_whale w_f104523 w_e375961 w_27cf4e2 w_1f00cb7
ff5ee1b4.jpg,new_whale w_cce0444 w_883557a w_06ff732 w_3674103
ff6460f4.jpg,new_whale w_e3b2cfa w_a06bdc4 w_8c1ec28 w_e0818df
ff65a4e7.jpg,new_whale w_2cadad2 w_02d5fad w_ebff750 w_7586198
ff66a4c5.jpg,new_whale w_3aa2073 w_96c141f w_c4f3619 w_03b5e9a
ff676490.jpg,new_whale w_17136dc w_c5e13f8 w_b7a832a w_def505e
ff738a52.jpg,new_whale w_1a5e7a2 w_3b0894d w_24ad46c w_f2b5de1
ff784d60.jpg,new_whale w_cb32cb8 w_3de676c w_d382236 w_0d39a68
ff7c5f0f.jpg,new_whale w_36a4e8b w_4af3e4e w_e1f55ad w_b4eeae6
ff7dd9a7.jpg,new_whale w_32401f6 w_f8e6546 w_b0e05b1 w_a526492
ff7f469f.jpg,new_whale w_8bdc211 w_19a5685 w_e59294d w_48dd419
ff7fee1d.jpg,new_whale w_0e9f6d9 w_56bbc91 w_8d83172 w_cae7677
ff902758.jpg,new_whale w_ba8c7bc w_d382236 w_5b672ea w_6e8486d
ff953b45.jpg,new_whale w_e6f2c2d w_a7f3698 w_8ba2066 w_5c07f42
ff9f4d0c.jpg,new_whale w_e4b5d0b w_2f07b15 w_fd587bc w_1969a9d
ffa27beb.jpg,new_whale w_050bdac w_8bde95b w_2641733 w_7c7a78c
ffaa1317.jpg,new_whale w_40323ac w_fea7fe6 w_b96d4e0 w_50729c4
ffaa6843.jpg,new_whale w_9771603 w_398aa7f w_4c9d3df w_2fe43c7
ffaf32aa.jpg,new_whale w_2dae424 w_4fb3c95 w_8aab1d4 w_9875c12
ffb07504.jpg,new_whale w_c87c10b w_c27d036 w_2fe43c7 w_e0e5c9e
ffb5b09d.jpg,new_whale w_df21074 w_06ff732 w_3674103 w_f79b3f9
ffbcd96f.jpg,new_whale w_e61dd6d w_29fc08a w_3d0bc7a w_212b985
ffc3c010.jpg,new_whale w_6de53d1 w_018bc64 w_4ebeafb w_741861e
ffc6f731.jpg,new_whale w_6c803bf w_fba3bde w_711aaa1 w_d1bbde9
ffce2c5d.jpg,new_whale w_df15cc8 w_7875b79 w_251ee17 w_f4224b9
ffce38d1.jpg,new_whale w_effd0ea w_fce6ab2 w_ea6651e w_6598219
ffd2f5fb.jpg,new_whale w_d9055d1 w_4c9d3df w_2fe43c7 w_1310342
ffda34d8.jpg,new_whale w_47f29cd w_9c3db0a w_ab4cae2 w_7dee51b
ffdd4807.jpg,new_whale w_2e872af w_87e8446 w_406331a w_3bb210a
ffe57505.jpg,new_whale w_d3861a1 w_c6823b1 w_6232813 w_2071a4c
ffe7a6c0.jpg,new_whale w_0771d4b w_5d96ba4 w_02c9470 w_b2f1afa
ffe7da98.jpg,new_whale w_93bf889 w_7e8b270 w_d63bf1f w_aa16da4
ffeb7e0b.jpg,new_whale w_3ce788a w_8459e39 w_4e7e512 w_0245a27
ffed4ca3.jpg,new_whale w_e61dd6d w_6e8486d w_3b0894d w_3fe1eb9
fff0b41a.jpg,new_whale w_ca8bfb4 w_5bc5e63 w_55d6c4f w_bc8d634
fff31d26.jpg,new_whale w_6d4dedc w_d36f58c w_be3c0f5 w_243e33e
fff3d049.jpg,new_whale w_ce425e5 w_d141590 w_e6ec8ee w_1632307
fffa5100.jpg,new_whale w_0869575 w_5ad2030 w_4ebeafb w_0beef28
fffa6215.jpg,new_whale w_00cb685 w_3061bdd w_d428980 w_43be268
ffffdd7f.jpg,new_whale w_f3bd33a w_0f92544 w_3bb210a w_dc7c5a0
